# NEST version: 3.9.0-post0.dev0
# RecordingBackendASCII version: 2
sender	time_ms
11847	501.300
11831	504.700
11795	505.300
11863	509.300
11859	514.300
11879	521.800
11883	522.700
11923	526.800
11919	531.300
11855	533.200
11763	533.500
11891	535.100
11799	538.400
11779	539.100
11851	539.800
11875	539.900
11871	541.300
11947	541.600
11939	541.700
11835	543.000
11767	549.300
11795	555.400
11859	560.200
11863	566.300
11879	566.800
11951	568.100
11883	568.900
11839	572.200
11955	572.700
11923	578.900
11815	581.700
11759	581.900
11915	584.100
11823	587.400
11795	592.600
11871	597.100
11899	600.800
11807	600.900
11799	610.900
11803	611.900
11767	613.400
11843	613.700
11859	616.500
11943	620.000
11935	626.000
11871	626.700
11931	628.300
11847	630.700
11863	636.300
11771	637.600
11915	637.900
11843	644.200
11875	644.300
11799	649.500
11871	650.600
11955	651.700
11795	653.500
11839	654.300
11807	664.500
11939	668.500
11847	668.600
11811	669.100
11863	670.000
11831	671.000
11755	672.300
11891	673.600
11851	674.300
11923	677.200
11815	682.300
11879	682.300
11859	685.100
11875	688.500
11939	690.200
11919	690.500
11831	701.100
11851	703.500
11799	703.700
11827	705.200
11795	705.700
11919	710.700
11959	713.000
11863	715.000
11803	723.500
11923	723.600
11951	723.700
11815	724.100
11859	724.800
11851	740.200
11931	740.200
11779	740.300
11871	742.300
11847	743.600
11927	744.600
11803	750.100
11939	754.400
11799	758.600
11827	761.600
11839	763.200
11815	763.800
11847	768.400
11931	772.600
11955	775.000
11947	775.200
11919	777.400
11875	780.400
11767	781.600
11799	784.500
11763	789.600
11827	793.000
11859	795.400
11951	798.500
11923	799.600
11815	802.400
11823	805.400
11887	810.700
11919	812.500
11839	814.300
11847	814.300
11779	820.600
11907	825.100
11915	825.400
11843	825.600
11939	826.400
11803	831.100
11859	834.900
11955	836.700
11959	837.400
11823	837.700
11943	839.400
11831	844.800
11871	848.100
11855	848.500
11923	850.600
11891	853.100
11843	853.300
11771	861.500
11799	862.300
11795	864.200
11947	864.400
11823	867.300
11859	868.700
11871	868.800
11779	872.200
11799	884.500
11815	888.300
11819	888.800
11847	888.800
11839	891.700
11907	892.500
11951	903.400
11783	904.700
11923	907.500
11939	915.900
11955	919.500
11795	921.600
11863	923.700
11859	925.800
11831	926.900
11875	931.300
11907	931.600
11935	931.700
11923	932.000
11871	939.200
11815	941.300
11843	941.400
11803	945.700
11943	947.400
11855	953.100
11859	958.300
11955	959.900
11919	960.100
11847	961.500
11947	963.000
11779	967.000
11875	974.800
11839	975.400
11835	976.200
11939	976.700
11823	982.000
11871	986.100
11863	988.100
11811	994.400
11831	994.600
11779	996.900
11923	997.000
11807	1000.100
11843	1002.500
11803	1005.900
11919	1008.100
11823	1008.500
11763	1008.900
11799	1009.600
11851	1010.000
11959	1024.600
11883	1025.400
11835	1025.600
11831	1027.900
11779	1028.600
11907	1028.600
11843	1029.600
11815	1034.000
11819	1040.800
11783	1043.000
11931	1043.300
11851	1052.300
11871	1058.300
11811	1064.100
11831	1064.600
11827	1069.100
11927	1069.900
11923	1072.100
11891	1079.700
11875	1081.000
11939	1082.800
11799	1090.100
11803	1090.400
11807	1091.000
11859	1091.200
11915	1092.100
11959	1095.800
11955	1096.500
11835	1099.100
11759	1100.100
11763	1112.200
11919	1115.400
11839	1120.200
11847	1122.400
11875	1124.300
11759	1127.700
11863	1128.900
11943	1129.300
11815	1131.000
11955	1135.700
11919	1140.700
11939	1141.400
11823	1141.500
11799	1144.300
11855	1144.300
11843	1144.600
11851	1144.900
11859	1162.200
11951	1163.900
11923	1165.100
11863	1165.200
11763	1166.200
11871	1170.200
11875	1172.500
11779	1173.300
11955	1177.400
11799	1182.000
11839	1182.800
11819	1184.800
11939	1190.500
11823	1195.700
11871	1199.100
11923	1200.200
11843	1203.400
11763	1205.000
11891	1208.100
11943	1208.500
11779	1212.500
11815	1212.500
11919	1212.900
11835	1213.100
11935	1219.700
11883	1227.100
11959	1229.000
11939	1245.900
11779	1248.300
11923	1252.200
11959	1253.000
11799	1258.000
11795	1261.200
11819	1262.700
11835	1264.700
11859	1265.000
11927	1270.500
11839	1278.400
11959	1282.800
11779	1285.500
11803	1286.800
11955	1288.800
11799	1289.200
11875	1290.000
11859	1297.900
11851	1298.600
11919	1298.600
11923	1309.300
11855	1310.200
11827	1313.200
11943	1315.300
11871	1316.900
11831	1322.600
11951	1331.600
11915	1337.600
11927	1340.800
11947	1347.200
11955	1348.700
11943	1349.400
11919	1350.400
11775	1350.900
11759	1356.800
11823	1363.300
11855	1364.900
11847	1365.300
11755	1366.800
11875	1369.300
11923	1380.100
11835	1383.300
11871	1384.000
11939	1388.200
11859	1389.100
11955	1390.700
11895	1400.400
11879	1400.500
11783	1400.900
11787	1404.100
11859	1406.800
11831	1409.400
11851	1410.600
11939	1419.000
11803	1421.000
11779	1432.200
11923	1432.700
11835	1432.900
11955	1440.200
11843	1441.500
11799	1444.200
11875	1447.100
11763	1447.700
11855	1456.600
11859	1457.400
11851	1457.800
11783	1461.200
11759	1461.700
11863	1462.000
11831	1468.700
11779	1471.000
11951	1473.000
11847	1473.900
11839	1474.000
11815	1474.200
11823	1480.800
11927	1481.000
11931	1481.300
11955	1486.100
11939	1488.200
11919	1491.500
11871	1502.700
11859	1502.800
11923	1504.900
11779	1505.300
11827	1506.100
11799	1506.800
11803	1513.200
11795	1513.800
11927	1516.200
11835	1521.700
11959	1523.900
11763	1524.400
11807	1525.100
11831	1525.200
11859	1528.000
11955	1535.100
11791	1535.300
11923	1540.600
11803	1541.700
11843	1542.000
11767	1542.700
11859	1550.100
11823	1554.900
11799	1555.500
11947	1556.300
11871	1557.200
11775	1559.800
11899	1561.000
11771	1561.800
11827	1562.100
11955	1562.100
11907	1563.600
11943	1575.000
11795	1575.100
11883	1575.400
11843	1575.700
11923	1580.800
11903	1581.600
11815	1583.600
11767	1583.700
11851	1585.900
11803	1589.400
11859	1589.600
11915	1590.300
11823	1596.000
11775	1596.200
11943	1596.800
11947	1599.200
11919	1607.500
11939	1607.600
11863	1614.700
11871	1619.100
11879	1619.700
11839	1620.200
11795	1624.500
11931	1624.600
11799	1627.400
11847	1632.000
11855	1635.800
11779	1639.100
11927	1639.800
11875	1640.200
11859	1644.300
11919	1644.700
11939	1650.000
11831	1652.600
11863	1655.800
11759	1656.700
11951	1657.500
11867	1659.800
11779	1669.200
11815	1669.200
11775	1672.300
11879	1672.700
11847	1673.000
11923	1673.400
11875	1674.600
11859	1675.800
11799	1676.200
11919	1687.900
11939	1689.500
11843	1691.100
11871	1692.400
11915	1692.800
11927	1698.800
11847	1704.800
11799	1705.000
11851	1705.000
11923	1709.500
11919	1713.400
11855	1719.700
11835	1721.200
11815	1725.100
11935	1725.700
11831	1725.800
11955	1725.800
11807	1727.200
11823	1727.600
11959	1741.600
11947	1742.100
11759	1747.100
11907	1752.100
11943	1752.200
11919	1757.200
11763	1757.600
11827	1757.800
11839	1760.400
11879	1761.800
11831	1762.500
11863	1763.500
11859	1767.600
11851	1774.200
11927	1775.200
11923	1776.300
11939	1777.100
11799	1777.700
11959	1778.900
11915	1779.000
11955	1782.000
11835	1787.600
11823	1796.600
11919	1804.200
11815	1804.600
11859	1806.100
11839	1810.800
11779	1811.100
11927	1811.300
11775	1811.500
11907	1811.500
11959	1820.000
11827	1823.400
11847	1824.400
11947	1825.600
11799	1827.700
11871	1829.100
11855	1833.400
11859	1841.200
11851	1841.500
11831	1841.600
11839	1844.400
11823	1844.700
11807	1857.000
11919	1857.400
11759	1861.400
11939	1862.700
11947	1867.600
11867	1875.800
11763	1879.400
11859	1881.000
11831	1882.900
11923	1886.800
11755	1888.200
11951	1890.700
11959	1891.200
11815	1893.400
11879	1896.700
11795	1897.600
11875	1898.900
11851	1901.000
11927	1902.700
11799	1902.800
11939	1904.200
11835	1905.400
11803	1905.700
11847	1913.100
11955	1915.000
11839	1915.500
11795	1922.600
11827	1923.900
11859	1926.400
11815	1928.100
11851	1933.700
11939	1934.300
11955	1935.900
11803	1948.900
11779	1953.100
11923	1953.300
11799	1954.200
11827	1954.700
11871	1956.000
11847	1957.800
11907	1958.800
11859	1962.800
11815	1963.000
11823	1965.800
11951	1966.900
11839	1968.300
11855	1970.400
11779	1974.000
11927	1978.900
11879	1982.400
11851	1986.400
11919	1990.200
11863	1998.700
11775	2001.400
11955	2005.000
11787	2006.000
11859	2007.100
11895	2012.100
11795	2015.600
11767	2015.800
11939	2017.200
11839	2017.400
11831	2018.400
11851	2022.900
11803	2023.100
11871	2028.100
11799	2038.200
11875	2038.200
11787	2039.300
11815	2042.400
11907	2042.600
11923	2043.000
11959	2043.000
11779	2045.200
11951	2051.300
11843	2052.100
11851	2052.300
11827	2052.900
11847	2054.200
11947	2058.400
11811	2061.100
11775	2064.600
11923	2064.700
11835	2067.700
11799	2067.900
11899	2068.600
11943	2075.100
11855	2075.400
11839	2082.100
11787	2088.900
11771	2089.300
11863	2089.500
11847	2092.000
11815	2096.500
11775	2098.200
11779	2103.800
11843	2104.100
11903	2107.600
11955	2107.900
11915	2108.100
11943	2112.600
11871	2114.100
11919	2115.100
11799	2115.600
11847	2117.300
11839	2120.000
11875	2120.700
11887	2121.400
11939	2121.700
11947	2125.000
11923	2133.100
11803	2137.900
11759	2140.900
11955	2143.600
11831	2145.300
11843	2151.500
11815	2153.100
11779	2154.000
11847	2156.900
11943	2157.000
11763	2161.600
11919	2165.000
11799	2167.600
11859	2169.200
11931	2169.600
11839	2170.300
11775	2170.800
11827	2171.700
11863	2175.500
11759	2178.700
11795	2182.200
11823	2183.400
11831	2186.700
11871	2187.000
11855	2190.600
11767	2191.900
11839	2192.600
11875	2200.400
11859	2203.800
11863	2207.900
11847	2212.300
11927	2216.000
11799	2216.600
11939	2219.900
11879	2225.800
11787	2227.900
11827	2228.300
11907	2230.600
11935	2231.300
11915	2239.800
11843	2244.100
11959	2252.800
11923	2252.900
11951	2257.400
11871	2258.000
11939	2258.200
11931	2265.400
11827	2267.000
11859	2270.300
11847	2279.900
11799	2284.400
11879	2286.400
11923	2286.900
11823	2287.100
11939	2287.100
11851	2287.900
11891	2287.900
11959	2298.200
11871	2302.000
11807	2304.500
11859	2307.800
11803	2313.800
11767	2316.100
11799	2318.100
11887	2320.800
11955	2321.300
11815	2325.500
11859	2336.000
11823	2338.100
11839	2339.600
11939	2339.700
11919	2339.900
11847	2341.200
11943	2347.000
11831	2347.500
11871	2347.800
11947	2348.700
11855	2349.400
11799	2353.900
11863	2364.400
11955	2365.100
11963	2370.600
11827	2371.000
11799	2371.700
11843	2371.800
11771	2371.900
11767	2372.000
11803	2372.200
11859	2372.200
11779	2372.300
11931	2372.300
11835	2372.800
11943	2380.600
11815	2382.600
11907	2390.100
11927	2390.200
11795	2390.400
11831	2401.700
11955	2402.100
11839	2402.300
11951	2402.500
11819	2404.100
11923	2411.800
11835	2411.900
11859	2420.200
11939	2426.400
11783	2426.900
11847	2428.700
11871	2429.000
11799	2430.700
11875	2438.200
11855	2438.800
11863	2440.600
11779	2442.500
11923	2443.200
11939	2452.600
11803	2454.200
11759	2455.100
11763	2455.500
11799	2458.900
11915	2459.000
11891	2459.200
11859	2461.600
11919	2461.900
11951	2473.200
11839	2477.100
11831	2477.400
11823	2477.700
11879	2480.200
11859	2481.000
11795	2486.000
11947	2488.500
11955	2490.300
11875	2491.800
11923	2493.500
11783	2495.900
11959	2500.300
11843	2500.400
11851	2502.100
11943	2504.700
11871	2506.000
11859	2509.000
11895	2511.000
11803	2512.400
11839	2518.400
11831	2523.700
11879	2524.300
11799	2526.700
11807	2528.600
11843	2537.100
11939	2537.500
11851	2540.000
11759	2540.600
11795	2543.100
11855	2543.100
11955	2544.600
11871	2545.400
11923	2546.900
11799	2547.500
11915	2548.000
11859	2551.900
11823	2552.500
11763	2555.200
11835	2561.200
11899	2561.500
11883	2561.900
11815	2562.400
11875	2576.900
11927	2580.400
11851	2580.600
11863	2586.700
11923	2588.600
11915	2591.900
11799	2592.000
11959	2595.200
11763	2599.200
11803	2599.400
11931	2600.300
11919	2600.600
11859	2601.300
11759	2604.700
11859	2618.600
11851	2620.000
11803	2620.400
11799	2620.700
11927	2627.100
11847	2629.300
11863	2630.300
11855	2637.500
11779	2639.700
11951	2648.100
11799	2651.100
11955	2651.300
11923	2657.300
11847	2659.600
11919	2666.000
11799	2666.100
11947	2673.800
11943	2680.400
11875	2682.900
11859	2683.800
11759	2687.000
11939	2687.200
11923	2687.700
11851	2688.300
11827	2688.700
11867	2691.500
11879	2691.900
11863	2703.100
11871	2703.600
11779	2706.700
11907	2708.100
11923	2712.900
11831	2716.600
11951	2718.100
11875	2718.300
11843	2718.500
11847	2720.200
11855	2723.600
11943	2725.100
11815	2735.200
11927	2737.500
11919	2739.100
11823	2742.600
11779	2743.600
11907	2743.800
11843	2744.300
11875	2744.600
11955	2750.700
11763	2751.900
11799	2755.100
11807	2756.100
11939	2757.800
11851	2758.200
11891	2758.700
11831	2761.600
11863	2763.500
11819	2764.900
11927	2769.300
11923	2769.700
11963	2772.900
11903	2774.200
11779	2775.800
11839	2777.900
11775	2789.000
11951	2789.600
11871	2790.400
11771	2793.200
11907	2795.200
11815	2796.600
11919	2799.000
11867	2799.200
11843	2807.700
11823	2808.100
11923	2810.300
11799	2813.900
11779	2817.300
11871	2821.900
11863	2822.600
11915	2822.900
11771	2827.600
11847	2828.100
11927	2831.100
11795	2840.800
11863	2842.200
11923	2843.700
11799	2849.500
11931	2853.300
11875	2853.700
11803	2856.100
11839	2856.700
11919	2857.500
11815	2857.800
11807	2858.500
11907	2861.600
11939	2862.300
11779	2865.600
11915	2872.900
11927	2874.600
11955	2878.200
11943	2878.500
11795	2879.200
11939	2880.900
11831	2881.300
11763	2881.600
11799	2884.200
11891	2887.300
11839	2892.100
11779	2898.500
11871	2898.700
11955	2904.600
11923	2909.600
11771	2909.700
11755	2911.000
11963	2914.600
11799	2915.600
11767	2915.700
11947	2922.100
11875	2924.300
11943	2926.800
11827	2927.600
11871	2929.600
11847	2930.700
11855	2932.700
11803	2935.300
11763	2935.900
11839	2938.500
11823	2939.900
11779	2944.400
11799	2948.400
11879	2950.600
11927	2952.200
11859	2953.600
11919	2957.300
11963	2958.500
11863	2965.500
11835	2965.700
11883	2970.300
11959	2971.300
11923	2973.500
11755	2974.100
11871	2974.600
11823	2976.500
11931	2976.700
11831	2977.600
11779	2977.900
11875	2979.300
11843	2985.000
11851	2991.000
11767	2991.400
11795	2994.100
11859	2994.500
11915	2995.100
11927	2996.500
11799	3003.400
11839	3007.800
11863	3007.900
11955	3008.100
11795	3008.200
11939	3012.300
11923	3021.000
11879	3021.500
11835	3026.200
11959	3026.800
11783	3034.000
11803	3038.300
11843	3038.300
11859	3040.200
11855	3042.000
11807	3048.200
11871	3048.200
11943	3049.000
11799	3055.400
11955	3057.400
11875	3059.300
11767	3061.200
11843	3065.900
11815	3067.000
11827	3071.600
11851	3072.500
11839	3072.700
11859	3075.800
11927	3076.000
11855	3076.800
11911	3078.600
11863	3079.100
11955	3089.900
11795	3092.700
11807	3094.400
11915	3101.700
11923	3103.700
11843	3106.700
11823	3110.200
11859	3110.200
11815	3116.900
11943	3117.400
11875	3118.400
11951	3118.700
11795	3126.200
11955	3127.400
11939	3130.400
11847	3132.600
11851	3137.600
11923	3138.100
11795	3146.000
11799	3151.700
11831	3151.700
11803	3153.900
11835	3157.000
11843	3158.500
11959	3167.800
11955	3169.200
11759	3169.600
11923	3172.300
11875	3178.800
11871	3180.100
11799	3181.300
11907	3184.100
11763	3184.400
11803	3185.300
11939	3185.700
11859	3186.100
11955	3190.900
11855	3193.100
11779	3196.600
11831	3198.800
11835	3199.200
11819	3199.300
11799	3202.000
11851	3205.000
11827	3205.100
11923	3205.800
11939	3217.400
11759	3220.500
11947	3222.400
11803	3226.300
11771	3229.400
11871	3230.100
11823	3230.300
11963	3230.700
11835	3230.900
11943	3231.300
11791	3236.500
11923	3237.900
11855	3242.400
11767	3245.900
11859	3247.300
11843	3250.200
11799	3250.700
11935	3250.700
11791	3253.000
11839	3262.800
11807	3264.800
11827	3264.800
11955	3265.500
11795	3273.900
11771	3277.900
11815	3278.800
11863	3279.000
11875	3279.700
11847	3282.500
11799	3283.100
11851	3297.100
11939	3297.300
11943	3300.300
11795	3301.100
11831	3301.900
11855	3302.500
11871	3303.200
11859	3308.700
11827	3312.600
11923	3314.000
11779	3314.100
11859	3324.100
11823	3325.800
11919	3330.100
11959	3330.400
11855	3330.600
11843	3335.400
11791	3338.600
11943	3344.700
11755	3345.100
11795	3348.400
11859	3349.100
11839	3353.100
11815	3354.400
11847	3364.000
11779	3367.800
11919	3367.800
11855	3372.500
11799	3372.600
11843	3374.500
11767	3375.000
11871	3378.100
11947	3378.100
11879	3385.600
11859	3385.900
11867	3395.700
11775	3404.900
11923	3405.900
11859	3409.900
11803	3410.300
11807	3410.300
11851	3410.600
11799	3412.200
11759	3413.300
11831	3413.900
11951	3417.500
11839	3418.600
11855	3419.100
11815	3419.500
11783	3421.000
11823	3427.600
11819	3428.700
11879	3428.700
11919	3430.700
11895	3438.500
11851	3442.200
11935	3448.200
11919	3450.000
11871	3450.900
11847	3451.100
11931	3452.300
11799	3452.900
11939	3455.800
11955	3461.100
11779	3462.400
11959	3468.600
11807	3473.200
11907	3473.400
11947	3473.700
11839	3473.900
11875	3474.600
11791	3475.000
11899	3479.000
11843	3481.900
11799	3488.700
11847	3489.700
11939	3492.800
11927	3505.200
11779	3508.400
11923	3508.700
11959	3513.700
11851	3517.900
11939	3522.400
11847	3524.100
11799	3524.900
11827	3525.000
11859	3527.800
11955	3529.800
11831	3534.100
11839	3535.000
11899	3537.700
11951	3540.000
11815	3544.200
11935	3545.400
11823	3545.500
11799	3548.900
11851	3554.200
11903	3555.300
11847	3556.000
11859	3556.300
11855	3560.100
11779	3561.500
11919	3562.200
11839	3564.800
11863	3568.900
11939	3569.100
11951	3570.500
11879	3576.500
11927	3581.100
11923	3581.700
11847	3585.100
11795	3587.200
11939	3588.300
11799	3588.500
11955	3594.200
11859	3594.800
11815	3595.900
11803	3596.800
11851	3599.500
11875	3599.700
11835	3600.200
11947	3600.900
11839	3605.000
11939	3612.500
11955	3615.100
11847	3616.500
11759	3626.500
11835	3628.900
11779	3632.000
11939	3634.400
11935	3639.100
11851	3644.900
11763	3649.400
11871	3651.400
11799	3654.800
11939	3660.000
11923	3663.900
11771	3672.200
11755	3674.000
11823	3675.300
11895	3682.000
11843	3682.100
11871	3685.200
11923	3686.200
11787	3688.400
11803	3689.100
11831	3689.100
11859	3699.000
11955	3701.700
11855	3704.500
11755	3704.900
11759	3705.900
11863	3714.000
11871	3715.100
11875	3720.300
11795	3720.800
11771	3722.700
11799	3723.300
11955	3731.200
11859	3732.000
11815	3733.400
11943	3736.100
11855	3747.500
11839	3748.500
11807	3751.800
11819	3752.000
11835	3752.300
11831	3753.900
11863	3761.100
11939	3761.800
11759	3764.000
11871	3772.300
11803	3773.300
11859	3775.500
11835	3776.600
11827	3776.700
11799	3777.000
11779	3777.900
11919	3778.000
11927	3780.800
11931	3781.100
11939	3785.700
11955	3790.800
11843	3792.500
11907	3792.800
11779	3793.600
11847	3793.800
11823	3794.100
11943	3796.700
11947	3801.500
11871	3803.800
11771	3804.300
11875	3809.600
11863	3810.700
11795	3813.600
11955	3815.700
11843	3818.600
11799	3821.000
11847	3825.000
11803	3827.200
11763	3829.200
11839	3829.400
11859	3831.100
11779	3834.400
11827	3844.200
11947	3847.000
11875	3847.200
11759	3850.100
11919	3850.200
11871	3851.100
11943	3852.000
11939	3852.700
11955	3855.400
11795	3858.200
11823	3864.900
11851	3865.500
11835	3865.600
11891	3866.400
11927	3869.300
11859	3874.900
11795	3883.800
11839	3887.000
11803	3890.800
11815	3893.000
11855	3898.300
11843	3902.100
11851	3903.400
11859	3905.300
11759	3905.700
11827	3905.800
11919	3906.100
11963	3909.100
11947	3909.200
11871	3912.700
11823	3922.500
11831	3927.700
11923	3931.000
11859	3939.500
11875	3943.400
11955	3944.700
11919	3944.900
11879	3945.300
11799	3950.800
11863	3951.100
11851	3955.000
11811	3958.600
11923	3960.800
11939	3961.000
11951	3964.800
11847	3966.100
11763	3967.100
11855	3969.900
11799	3976.100
11955	3977.300
11823	3980.100
11771	3980.200
11835	3980.900
11871	3981.100
11775	3987.800
11907	3994.600
11831	3997.800
11963	3998.000
11767	4001.400
11779	4002.500
11919	4003.300
11839	4005.500
11807	4006.800
11759	4009.500
11863	4016.500
11923	4018.600
11819	4020.800
11879	4022.700
11875	4022.900
11799	4023.400
11787	4023.600
11763	4026.500
11831	4035.100
11859	4035.100
11755	4035.800
11951	4036.800
11955	4038.500
11943	4045.700
11863	4045.900
11919	4047.300
11815	4048.400
11795	4051.800
11939	4054.000
11915	4056.400
11959	4058.600
11907	4059.700
11843	4060.100
11763	4064.000
11883	4067.500
11895	4071.400
11839	4072.100
11847	4073.600
11831	4075.000
11819	4076.700
11799	4078.000
11955	4080.300
11835	4083.600
11815	4087.600
11939	4089.500
11851	4091.900
11859	4094.800
11959	4096.800
11843	4101.500
11763	4105.100
11871	4108.100
11863	4109.000
11755	4111.100
11923	4111.200
11939	4123.900
11847	4127.000
11851	4127.600
11795	4131.900
11859	4135.500
11927	4138.800
11947	4142.400
11855	4142.500
11839	4142.700
11903	4143.000
11955	4144.400
11775	4147.400
11803	4150.600
11799	4152.600
11779	4156.400
11939	4158.100
11835	4159.300
11807	4162.100
11927	4163.100
11863	4169.100
11763	4169.300
11883	4172.600
11799	4182.800
11939	4186.000
11951	4186.600
11851	4188.000
11831	4192.400
11843	4192.500
11871	4193.200
11863	4203.000
11771	4211.200
11779	4211.300
11951	4212.000
11915	4212.300
11955	4214.500
11923	4216.200
11875	4218.400
11847	4219.300
11799	4222.600
11903	4223.800
11759	4224.300
11927	4226.800
11795	4226.900
11815	4232.600
11939	4233.800
11819	4235.800
11855	4240.100
11851	4242.400
11943	4245.100
11871	4249.300
11955	4254.900
11939	4257.000
11847	4257.400
11863	4262.400
11923	4266.900
11927	4267.500
11859	4272.100
11759	4272.400
11799	4273.000
11851	4273.200
11779	4276.100
11935	4287.300
11919	4287.600
11939	4287.600
11951	4288.300
11915	4291.400
11875	4296.000
11847	4296.400
11799	4299.900
11803	4303.000
11835	4305.800
11871	4306.400
11927	4307.400
11939	4308.200
11775	4309.700
11795	4310.900
11807	4319.600
11815	4322.800
11851	4322.800
11959	4323.500
11943	4324.400
11799	4335.600
11895	4335.900
11795	4337.300
11783	4338.200
11955	4341.600
11907	4342.000
11763	4343.600
11823	4346.900
11839	4350.400
11859	4353.300
11831	4357.000
11939	4357.000
11827	4358.000
11803	4360.200
11843	4372.300
11955	4372.400
11759	4376.300
11907	4377.100
11875	4379.900
11871	4383.600
11959	4384.100
11859	4384.700
11815	4388.600
11799	4391.600
11943	4396.300
11795	4397.700
11927	4399.000
11803	4400.400
11939	4400.500
11851	4402.300
11799	4407.800
11931	4408.800
11827	4414.000
11891	4419.500
11779	4419.900
11919	4420.200
11959	4423.300
11795	4428.400
11935	4429.400
11947	4434.400
11847	4439.100
11923	4440.100
11799	4449.100
11779	4449.300
11931	4455.900
11919	4456.900
11807	4458.300
11851	4463.000
11795	4466.500
11799	4470.100
11859	4475.000
11843	4475.200
11907	4477.900
11847	4482.800
11839	4484.600
11779	4485.000
11939	4485.600
11803	4492.500
11827	4493.100
11855	4497.000
11927	4498.100
11955	4505.600
11807	4506.000
11875	4507.900
11895	4509.900
11859	4511.400
11899	4511.800
11815	4512.400
11803	4516.000
11843	4524.500
11943	4525.700
11775	4526.600
11795	4527.400
11955	4527.400
11839	4529.300
11855	4529.300
11847	4535.100
11819	4536.800
11863	4539.400
11815	4544.200
11875	4544.700
11771	4548.700
11907	4551.100
11923	4551.200
11831	4552.900
11955	4561.900
11891	4562.400
11807	4563.300
11843	4566.600
11919	4566.900
11803	4567.000
11855	4567.300
11915	4570.400
11859	4570.700
11799	4572.300
11767	4572.500
11935	4572.600
11939	4575.300
11823	4580.000
11947	4584.200
11875	4584.800
11851	4586.600
11795	4587.300
11879	4588.300
11871	4589.700
11955	4591.500
11763	4597.400
11759	4600.200
11883	4601.200
11803	4602.200
11823	4603.700
11871	4604.000
11919	4604.700
11859	4606.700
11855	4607.200
11799	4613.100
11891	4616.000
11815	4617.400
11939	4618.800
11807	4621.500
11875	4628.700
11851	4630.000
11803	4632.300
11871	4636.500
11827	4637.100
11931	4637.100
11835	4637.600
11923	4638.500
11847	4645.100
11779	4645.900
11863	4649.400
11763	4651.800
11775	4655.200
11799	4663.700
11795	4667.700
11939	4670.500
11959	4670.700
11871	4673.400
11839	4673.600
11831	4678.800
11835	4682.400
11767	4689.100
11919	4689.400
11859	4690.200
11939	4690.200
11867	4695.600
11847	4696.700
11759	4697.400
11855	4699.100
11823	4700.500
11763	4704.200
11943	4704.500
11775	4705.800
11955	4705.800
11895	4708.300
11815	4710.500
11947	4721.600
11799	4725.200
11871	4728.100
11891	4731.800
11923	4732.600
11831	4735.300
11779	4735.700
11847	4736.200
11843	4736.400
11803	4737.000
11875	4737.800
11799	4748.500
11959	4750.000
11759	4752.100
11795	4753.500
11907	4754.600
11763	4757.700
11815	4758.800
11779	4761.000
11823	4763.500
11947	4764.000
11863	4769.900
11919	4779.300
11879	4780.400
11939	4784.200
11959	4789.000
11759	4790.100
11831	4798.600
11923	4801.500
11891	4804.700
11815	4806.300
11799	4808.500
11795	4808.700
11847	4812.500
11919	4819.000
11839	4821.300
11871	4829.500
11859	4830.500
11803	4840.200
11943	4841.900
11799	4842.500
11767	4844.800
11763	4845.300
11835	4845.300
11831	4854.000
11843	4854.300
11851	4855.000
11891	4861.500
11795	4867.500
11827	4870.800
11847	4871.400
11935	4880.300
11919	4882.100
11923	4882.300
11939	4890.500
11907	4890.900
11859	4895.500
11795	4895.800
11883	4911.200
11815	4912.500
11779	4916.400
11943	4919.600
11919	4919.900
11955	4920.300
11795	4920.600
11871	4921.500
11863	4928.400
11867	4934.600
11891	4934.700
11775	4935.500
11839	4935.800
11823	4937.900
11879	4941.000
11859	4952.600
11907	4952.900
11851	4953.300
11919	4954.300
11943	4956.900
11843	4965.000
11923	4965.400
11823	4973.400
11883	4974.400
11815	4977.700
11795	4981.200
11859	4983.200
11927	4984.700
11939	4987.600
11799	4988.600
11779	4994.400
11803	4997.700
11947	4998.000
11871	4998.400
11827	5002.100
11943	5002.700
11835	5004.000
11955	5004.500
11799	5009.500
11767	5010.400
11859	5010.400
11763	5014.800
11847	5018.400
11823	5019.500
11839	5024.500
11919	5024.800
11959	5033.200
11755	5034.700
11875	5038.500
11955	5045.000
11943	5048.400
11939	5048.500
11851	5049.200
11759	5053.000
11919	5056.600
11895	5058.400
11835	5059.200
11775	5059.400
11847	5060.500
11855	5071.800
11871	5072.500
11799	5073.700
11939	5078.300
11839	5081.700
11779	5084.800
11823	5085.100
11843	5085.500
11763	5089.800
11959	5092.700
11835	5093.400
11807	5095.900
11927	5100.400
11955	5100.500
11863	5101.800
11799	5108.100
11847	5109.500
11779	5112.700
11923	5116.300
11919	5124.600
11939	5125.900
11827	5131.700
11871	5132.800
11855	5132.900
11835	5133.300
11859	5136.000
11843	5144.600
11775	5147.900
11783	5148.300
11763	5148.500
11955	5148.700
11779	5150.200
11851	5150.400
11803	5152.800
11839	5164.100
11847	5164.200
11803	5171.700
11799	5172.200
11815	5177.000
11779	5178.900
11939	5179.400
11891	5186.500
11923	5191.200
11823	5193.900
11871	5195.600
11959	5196.100
11831	5198.700
11947	5199.900
11799	5201.800
11859	5202.900
11919	5204.200
11759	5207.100
11943	5214.800
11763	5214.900
11863	5218.200
11871	5220.300
11847	5221.100
11923	5221.100
11859	5230.200
11823	5231.400
11799	5234.800
11791	5236.800
11875	5236.800
11931	5237.000
11831	5240.000
11843	5242.800
11879	5254.400
11891	5257.700
11815	5258.500
11783	5259.900
11951	5265.100
11919	5268.000
11847	5268.400
11779	5272.500
11839	5273.100
11823	5275.100
11795	5279.800
11939	5281.400
11827	5282.500
11799	5283.300
11927	5283.900
11851	5288.300
11947	5291.300
11871	5294.200
11835	5294.400
11943	5296.200
11955	5297.700
11895	5301.400
11859	5303.600
11919	5307.900
11763	5308.000
11799	5314.200
11939	5319.600
11927	5322.100
11775	5322.500
11855	5322.700
11879	5323.600
11827	5324.700
11771	5325.400
11955	5334.900
11923	5335.100
11815	5338.100
11799	5339.600
11835	5341.300
11919	5342.200
11931	5344.700
11819	5352.700
11847	5353.400
11843	5354.300
11943	5358.000
11851	5365.800
11799	5366.100
11859	5368.300
11947	5370.700
11919	5374.000
11959	5374.800
11827	5375.200
11763	5378.600
11823	5378.600
11863	5378.800
11811	5379.800
11883	5382.000
11907	5382.400
11915	5385.600
11955	5387.100
11843	5393.500
11923	5393.500
11795	5393.900
11855	5394.500
11871	5394.800
11847	5395.400
11803	5397.900
11823	5398.500
11763	5398.800
11939	5399.500
11859	5405.700
11955	5411.500
11923	5412.700
11807	5416.400
11939	5419.800
11799	5422.100
11767	5428.300
11847	5433.100
11815	5435.000
11947	5437.000
11779	5437.100
11931	5437.100
11843	5439.900
11775	5441.100
11915	5446.500
11823	5447.800
11799	5448.200
11871	5450.000
11903	5454.900
11955	5459.200
11795	5467.200
11923	5467.500
11763	5467.700
11799	5469.800
11855	5469.900
11771	5472.900
11823	5475.000
11963	5476.300
11875	5478.700
11899	5484.200
11951	5484.500
11851	5488.800
11939	5491.900
11935	5493.400
11915	5493.900
11919	5499.600
11799	5501.700
11811	5505.400
11871	5505.400
11795	5506.700
11891	5508.200
11839	5509.300
11927	5511.300
11899	5513.800
11815	5514.200
11847	5520.700
11939	5523.200
11795	5528.100
11803	5530.900
11807	5534.200
11783	5539.300
11843	5545.200
11871	5546.200
11767	5546.400
11831	5551.600
11911	5554.200
11859	5556.100
11863	5556.300
11815	5557.400
11803	5561.200
11823	5562.100
11919	5562.300
11819	5563.000
11943	5568.000
11799	5568.800
11891	5577.400
11851	5588.600
11927	5589.700
11835	5591.900
11939	5591.900
11955	5591.900
11867	5594.400
11923	5603.100
11859	5605.100
11763	5609.200
11803	5609.700
11959	5613.000
11775	5621.600
11807	5626.400
11811	5629.100
11799	5629.400
11855	5629.600
11759	5629.900
11923	5638.200
11851	5642.600
11871	5644.200
11779	5644.600
11831	5644.800
11911	5645.300
11803	5647.800
11955	5653.900
11951	5654.000
11815	5659.000
11799	5659.800
11795	5661.100
11783	5662.500
11823	5665.500
11859	5673.800
11947	5675.600
11875	5676.400
11919	5676.400
11791	5677.100
11763	5678.200
11827	5679.000
11759	5679.900
11863	5680.000
11943	5687.100
11859	5698.200
11839	5700.600
11959	5703.500
11775	5711.700
11799	5713.500
11859	5716.000
11827	5716.600
11879	5717.300
11847	5718.000
11923	5724.900
11919	5725.100
11855	5728.500
11823	5730.400
11943	5731.000
11871	5731.400
11883	5733.700
11763	5735.100
11839	5736.200
11907	5737.900
11959	5739.100
11895	5749.000
11863	5750.200
11859	5754.700
11795	5755.000
11891	5755.400
11775	5757.700
11815	5762.100
11947	5770.100
11851	5773.500
11799	5776.600
11923	5780.700
11939	5781.000
11935	5781.200
11915	5784.200
11759	5784.800
11891	5785.500
11919	5792.700
11871	5793.500
11795	5795.400
11879	5796.400
11799	5796.500
11847	5797.100
11827	5797.600
11815	5797.800
11947	5798.600
11955	5801.500
11855	5802.700
11779	5806.900
11843	5807.100
11775	5814.700
11799	5820.400
11883	5821.000
11939	5823.900
11955	5829.900
11859	5830.800
11959	5835.300
11763	5838.300
11863	5842.600
11835	5843.000
11843	5843.800
11795	5849.800
11851	5850.800
11939	5851.900
11799	5857.200
11859	5859.000
11803	5859.600
11883	5860.500
11839	5861.500
11955	5861.800
11779	5863.300
11875	5867.500
11939	5870.600
11915	5872.900
11927	5875.800
11799	5881.400
11815	5881.400
11795	5882.200
11859	5883.000
11919	5883.200
11855	5885.400
11895	5890.000
11763	5890.200
11951	5892.400
11883	5893.300
11815	5894.500
11847	5898.100
11807	5898.200
11839	5903.800
11939	5906.800
11795	5910.100
11827	5910.700
11851	5914.800
11923	5916.000
11847	5918.100
11947	5921.800
11823	5924.200
11871	5928.400
11799	5929.400
11863	5929.600
11815	5930.400
11771	5931.200
11779	5932.100
11843	5940.700
11943	5949.100
11763	5953.800
11799	5955.700
11919	5956.000
11791	5962.500
11851	5967.600
11835	5967.900
11923	5968.000
11827	5980.500
11795	5981.400
11927	5982.700
11815	5984.700
11943	5987.500
11803	5988.400
11851	5988.800
11931	5998.000
11879	5999.800
11955	6000.100
11799	6000.600
11919	6003.800
11771	6010.300
11823	6013.700
11915	6015.100
11815	6016.200
11919	6017.100
11859	6017.500
11839	6028.700
11947	6036.900
11955	6039.300
11939	6039.500
11951	6039.500
11847	6046.800
11799	6054.400
11835	6055.400
11875	6055.800
11803	6058.700
11815	6059.600
11927	6060.000
11859	6060.500
11855	6061.000
11779	6069.700
11955	6069.800
11919	6072.100
11775	6074.800
11851	6075.300
11843	6077.900
11915	6079.600
11803	6086.500
11871	6087.600
11759	6094.200
11795	6096.200
11835	6097.100
11831	6097.900
11883	6102.800
11855	6103.000
11819	6105.000
11963	6105.500
11955	6105.700
11843	6111.400
11775	6116.400
11815	6116.700
11947	6121.600
11907	6122.900
11959	6123.400
11803	6130.100
11779	6130.300
11875	6132.300
11799	6137.200
11863	6137.800
11851	6142.000
11943	6143.800
11847	6144.700
11831	6148.600
11939	6150.000
11859	6155.500
11835	6155.700
11923	6155.700
11895	6156.600
11763	6158.500
11799	6162.400
11927	6165.500
11955	6167.500
11815	6177.000
11871	6177.000
11795	6177.200
11855	6184.100
11879	6187.100
11827	6187.700
11935	6189.000
11823	6189.900
11939	6194.600
11923	6197.400
11843	6198.800
11779	6200.900
11955	6204.000
11803	6204.300
11799	6205.600
11947	6210.000
11959	6211.200
11943	6211.700
11899	6213.000
11839	6215.600
11851	6218.900
11939	6225.000
11779	6225.600
11843	6233.400
11871	6234.800
11923	6236.600
11799	6237.700
11915	6240.600
11891	6241.100
11763	6244.100
11775	6245.000
11859	6248.000
11879	6249.000
11815	6251.000
11827	6253.900
11935	6254.000
11919	6256.200
11959	6258.600
11839	6264.700
11795	6269.000
11831	6269.100
11759	6269.400
11863	6273.100
11859	6278.300
11943	6284.600
11955	6284.700
11799	6284.900
11871	6285.400
11803	6288.600
11847	6288.600
11939	6289.300
11875	6289.400
11839	6292.100
11855	6295.700
11771	6300.200
11927	6300.800
11831	6308.100
11895	6310.900
11799	6311.800
11843	6313.300
11935	6314.400
11891	6315.000
11779	6316.600
11923	6318.600
11763	6322.900
11947	6329.300
11875	6329.400
11939	6329.700
11959	6329.700
11955	6332.500
11907	6337.000
11871	6340.600
11791	6341.200
11803	6349.300
11923	6350.100
11943	6352.100
11799	6353.500
11859	6355.400
11939	6360.100
11875	6360.200
11843	6363.800
11863	6367.300
11775	6367.400
11859	6374.700
11771	6374.900
11839	6375.400
11955	6377.200
11823	6377.800
11759	6387.200
11871	6389.300
11919	6389.900
11923	6390.400
11831	6394.300
11807	6396.900
11803	6404.000
11955	6405.600
11875	6405.700
11939	6405.900
11799	6407.200
11759	6415.300
11923	6417.300
11851	6417.900
11943	6424.100
11871	6426.200
11835	6430.900
11847	6432.800
11939	6435.600
11775	6438.200
11795	6438.700
11799	6441.000
11803	6441.000
11771	6445.400
11843	6445.700
11875	6445.700
11955	6447.500
11763	6454.200
11947	6454.300
11855	6457.000
11899	6457.500
11871	6457.700
11859	6458.000
11923	6466.800
11875	6467.200
11799	6471.700
11835	6473.800
11939	6476.400
11763	6481.800
11815	6481.800
11955	6486.300
11843	6492.200
11847	6492.800
11851	6493.200
11799	6494.900
11915	6499.000
11939	6501.400
11863	6502.200
11795	6507.400
11891	6509.300
11875	6512.300
11803	6514.900
11835	6517.600
11839	6518.400
11775	6523.500
11927	6523.700
11799	6528.500
11827	6530.700
11779	6532.200
11955	6534.400
11871	6534.500
11843	6534.600
11939	6541.300
11923	6547.800
11835	6550.500
11947	6550.600
11807	6557.400
11767	6560.000
11803	6560.500
11823	6563.200
11919	6564.000
11943	6565.600
11843	6565.800
11799	6567.000
11871	6568.200
11791	6570.300
11955	6570.700
11939	6573.300
11851	6574.200
11883	6575.100
11779	6579.500
11947	6584.200
11899	6585.400
11835	6588.000
11871	6588.000
11859	6595.500
11891	6596.300
11803	6601.800
11799	6602.700
11855	6603.400
11763	6608.000
11955	6608.700
11843	6611.400
11783	6612.400
11775	6612.900
11815	6615.800
11779	6618.600
11919	6624.900
11903	6625.800
11939	6626.100
11927	6626.700
11863	6637.000
11851	6641.600
11799	6641.900
11847	6643.000
11939	6646.700
11795	6652.000
11915	6655.500
11839	6659.500
11827	6662.200
11951	6664.400
11771	6668.600
11907	6670.200
11795	6672.400
11883	6673.200
11767	6676.200
11947	6680.600
11859	6684.500
11955	6684.600
11823	6686.700
11763	6690.900
11923	6691.800
11807	6692.100
11795	6705.100
11875	6705.800
11815	6706.100
11851	6708.400
11903	6708.500
11943	6717.200
11799	6719.700
11927	6719.900
11843	6720.000
11859	6724.400
11955	6724.500
11779	6727.200
11775	6728.400
11803	6728.500
11827	6730.300
11851	6734.700
11839	6735.000
11871	6735.200
11855	6739.200
11943	6741.300
11863	6744.000
11923	6749.500
11783	6749.900
11823	6750.600
11959	6756.400
11795	6760.300
11871	6761.500
11815	6762.100
11955	6762.500
11803	6763.400
11859	6770.000
11839	6771.100
11855	6779.300
11835	6780.800
11843	6782.900
11779	6783.000
11823	6783.500
11943	6785.200
11815	6789.800
11927	6791.700
11919	6793.500
11799	6795.000
11795	6800.200
11871	6812.900
11847	6813.100
11827	6813.500
11923	6821.400
11755	6822.000
11875	6828.400
11911	6828.500
11811	6828.600
11779	6829.500
11843	6829.500
11959	6830.100
11955	6830.300
11851	6831.700
11803	6837.000
11859	6845.300
11939	6845.400
11943	6845.500
11955	6845.700
11831	6845.900
11851	6847.500
11855	6851.500
11759	6856.000
11823	6856.000
11763	6859.500
11831	6862.700
11895	6863.000
11815	6864.400
11807	6872.000
11915	6872.100
11835	6872.800
11927	6872.900
11847	6877.400
11863	6879.500
11819	6882.400
11879	6883.400
11939	6889.900
11775	6893.600
11867	6896.500
11819	6897.400
11799	6900.200
11871	6904.000
11923	6906.500
11783	6907.500
11771	6908.000
11807	6909.500
11855	6912.000
11875	6912.200
11831	6912.300
11815	6917.800
11799	6918.000
11859	6918.800
11919	6926.800
11851	6933.200
11763	6933.300
11779	6938.800
11799	6939.500
11939	6944.300
11947	6944.300
11943	6944.800
11871	6947.600
11875	6951.800
11955	6953.000
11831	6955.300
11835	6955.500
11807	6958.300
11879	6963.300
11803	6971.000
11859	6971.900
11959	6972.500
11919	6976.300
11939	6977.200
11759	6979.300
11923	6982.400
11835	6982.700
11831	6985.800
11847	6986.000
11779	6989.500
11955	6994.400
11799	6995.100
11823	7000.700
11843	7003.200
11879	7004.900
11871	7006.200
11795	7007.400
11815	7008.400
11859	7008.400
11819	7019.300
11799	7022.400
11891	7023.200
11807	7027.100
11839	7029.200
11831	7031.500
11767	7034.700
11947	7035.800
11871	7040.900
11803	7044.500
11959	7047.000
11875	7049.600
11859	7051.800
11823	7055.400
11919	7055.600
11839	7058.600
11863	7066.900
11759	7073.500
11939	7076.700
11907	7077.200
11943	7078.500
11827	7079.200
11831	7083.400
11879	7086.000
11815	7090.400
11923	7091.000
11851	7091.400
11847	7091.800
11859	7095.300
11823	7097.700
11919	7103.800
11915	7106.200
11895	7106.900
11871	7126.100
11811	7127.500
11799	7127.800
11923	7128.100
11931	7128.100
11883	7128.600
11771	7131.800
11835	7132.400
11855	7136.700
11779	7139.400
11963	7139.500
11871	7147.500
11843	7149.500
11775	7150.600
11955	7151.800
11799	7152.000
11859	7152.300
11855	7155.000
11763	7166.500
11879	7167.700
11923	7168.000
11847	7168.800
11823	7169.600
11875	7172.600
11919	7175.900
11935	7182.300
11839	7183.500
11859	7191.500
11767	7192.300
11795	7200.000
11803	7201.600
11871	7202.900
11959	7203.200
11955	7203.300
11775	7205.600
11831	7206.100
11807	7211.200
11779	7219.400
11839	7223.900
11939	7225.200
11843	7225.800
11855	7225.900
11799	7231.400
11851	7233.400
11871	7233.400
11859	7239.400
11763	7241.200
11955	7244.000
11939	7245.100
11915	7247.100
11815	7254.200
11803	7257.100
11919	7257.500
11855	7258.100
11799	7259.500
11807	7263.200
11843	7264.300
11767	7264.500
11839	7264.500
11851	7264.700
11935	7267.000
11891	7280.000
11835	7280.300
11879	7280.700
11795	7284.500
11871	7287.700
11919	7288.500
11923	7289.100
11807	7291.800
11915	7295.400
11775	7301.600
11919	7307.300
11779	7308.000
11923	7308.100
11851	7308.600
11959	7314.500
11843	7318.900
11863	7319.000
11815	7319.200
11931	7319.700
11799	7323.100
11859	7323.700
11875	7324.800
11855	7331.700
11955	7332.800
11835	7334.600
11767	7334.800
11939	7339.200
11847	7341.200
11923	7347.100
11803	7351.700
11763	7353.200
11759	7353.400
11915	7358.600
11827	7360.000
11871	7361.000
11815	7365.400
11795	7365.600
11783	7368.100
11807	7371.800
11847	7381.400
11843	7382.100
11859	7385.800
11935	7387.300
11779	7387.700
11919	7388.300
11823	7388.900
11799	7390.300
11947	7392.100
11959	7396.100
11839	7399.100
11943	7400.000
11863	7401.500
11795	7402.200
11923	7409.000
11847	7410.400
11851	7410.600
11831	7414.000
11855	7415.500
11819	7416.500
11875	7419.000
11955	7420.000
11799	7420.700
11815	7423.700
11879	7425.800
11919	7426.900
11827	7428.800
11931	7430.300
11847	7432.100
11947	7436.500
11907	7437.100
11803	7441.300
11783	7444.200
11759	7452.700
11787	7452.900
11955	7453.000
11939	7457.400
11863	7457.500
11871	7463.400
11779	7463.800
11923	7464.300
11843	7468.400
11855	7469.300
11915	7469.500
11783	7469.800
11943	7474.600
11799	7475.600
11891	7476.900
11835	7484.100
11823	7488.900
11871	7494.700
11939	7496.400
11771	7504.500
11875	7508.200
11923	7509.200
11931	7511.400
11871	7512.300
11955	7519.900
11795	7524.300
11835	7525.100
11799	7527.000
11859	7527.600
11807	7527.900
11855	7528.300
11791	7542.600
11815	7543.100
11851	7543.700
11939	7544.900
11831	7545.100
11819	7554.500
11895	7557.000
11851	7557.400
11943	7561.600
11871	7561.900
11955	7563.800
11775	7565.600
11799	7565.900
11863	7568.900
11847	7573.300
11771	7575.200
11795	7579.100
11831	7579.200
11859	7586.800
11927	7588.200
11959	7590.300
11875	7595.100
11923	7595.700
11799	7599.200
11835	7599.500
11815	7599.900
11919	7603.100
11843	7603.500
11955	7605.800
11795	7610.400
11939	7612.700
11863	7613.000
11779	7617.300
11867	7618.600
11831	7620.900
11803	7622.900
11851	7623.600
11943	7625.900
11923	7626.100
11871	7630.100
11799	7630.400
11939	7631.500
11843	7639.100
11959	7639.100
11855	7639.400
11759	7640.300
11779	7640.800
11931	7649.900
11823	7652.000
11871	7654.200
11863	7655.800
11955	7656.600
11775	7658.800
11923	7659.500
11915	7662.000
11963	7663.400
11879	7664.600
11875	7674.100
11799	7675.800
11759	7678.000
11843	7678.500
11871	7683.900
11955	7685.100
11835	7685.700
11855	7691.300
11831	7691.400
11839	7694.800
11959	7697.400
11779	7698.100
11803	7702.800
11827	7705.900
11763	7706.700
11923	7710.200
11859	7713.000
11899	7715.200
11951	7716.000
11851	7719.000
11847	7719.600
11955	7719.700
11943	7720.600
11895	7721.300
11855	7725.400
11919	7730.700
11859	7731.300
11799	7735.100
11763	7736.200
11815	7740.300
11847	7741.900
11863	7744.200
11935	7745.900
11839	7746.100
11755	7748.400
11939	7752.200
11927	7754.500
11891	7755.300
11795	7756.800
11923	7764.800
11855	7765.300
11879	7766.700
11871	7771.800
11799	7772.200
11875	7773.300
11835	7776.300
11955	7784.400
11803	7789.300
11859	7789.800
11839	7790.700
11855	7791.300
11779	7795.000
11843	7798.100
11775	7798.500
11799	7801.900
11955	7810.000
11851	7811.900
11903	7816.500
11815	7818.700
11871	7819.200
11847	7826.900
11779	7828.800
11863	7829.200
11919	7829.400
11823	7829.700
11799	7842.300
11923	7842.600
11871	7844.600
11839	7845.700
11831	7854.400
11815	7855.100
11859	7855.600
11951	7856.600
11863	7857.500
11779	7865.900
11799	7868.300
11915	7869.300
11875	7869.400
11927	7873.200
11775	7877.700
11879	7883.500
11963	7886.100
11923	7886.900
11795	7887.100
11871	7890.700
11771	7892.700
11891	7893.100
11847	7893.500
11855	7893.700
11815	7894.100
11875	7895.800
11831	7910.200
11935	7911.000
11823	7911.500
11859	7914.600
11759	7917.300
11799	7918.100
11883	7919.400
11763	7924.400
11939	7929.600
11839	7930.200
11803	7930.700
11947	7934.800
11807	7935.000
11851	7935.500
11855	7936.200
11955	7939.700
11755	7945.500
11835	7946.800
11831	7948.500
11843	7952.300
11943	7958.000
11955	7959.100
11871	7959.200
11859	7962.300
11923	7966.200
11875	7967.100
11959	7969.700
11951	7977.100
11799	7977.700
11771	7977.800
11931	7977.800
11815	7982.100
11779	7983.600
11835	7988.000
11839	7993.800
11807	7994.900
11759	7996.500
11843	7997.100
11847	8008.600
11927	8009.300
11923	8012.400
11803	8013.000
11859	8013.200
11799	8014.100
11955	8017.000
11875	8017.600
11931	8019.300
11835	8026.800
11815	8028.400
11855	8031.500
11803	8032.200
11783	8032.300
11779	8033.900
11935	8037.800
11871	8045.500
11875	8046.900
11807	8047.800
11939	8049.100
11799	8049.500
11863	8049.900
11955	8060.000
11763	8062.100
11787	8064.600
11923	8065.500
11859	8066.400
11943	8070.000
11755	8070.600
11795	8075.000
11939	8077.500
11831	8080.000
11867	8081.200
11947	8083.400
11847	8083.500
11871	8087.500
11835	8091.800
11799	8101.700
11851	8107.800
11775	8112.100
11955	8112.400
11779	8113.600
11939	8119.200
11843	8122.700
11923	8132.700
11787	8136.700
11779	8137.200
11871	8137.500
11963	8142.200
11835	8143.600
11915	8143.700
11799	8154.700
11823	8155.000
11767	8155.300
11847	8155.300
11843	8155.400
11919	8155.900
11883	8156.100
11855	8157.700
11863	8165.200
11779	8169.200
11915	8172.900
11959	8175.300
11875	8176.700
11907	8177.300
11927	8178.200
11931	8179.500
11923	8179.900
11943	8181.200
11939	8186.800
11795	8195.100
11839	8200.300
11939	8210.000
11807	8211.600
11799	8211.800
11935	8214.900
11955	8215.000
11847	8216.400
11899	8217.400
11831	8225.600
11803	8227.300
11871	8230.400
11907	8231.800
11915	8233.600
11963	8233.700
11939	8234.400
11843	8237.900
11775	8245.800
11819	8246.500
11815	8249.900
11955	8255.400
11919	8258.300
11851	8258.800
11875	8259.300
11847	8259.400
11831	8260.200
11927	8261.400
11947	8264.900
11835	8267.300
11855	8268.100
11799	8268.300
11859	8269.200
11803	8269.900
11823	8270.800
11807	8277.400
11815	8283.300
11863	8283.800
11935	8283.900
11839	8285.500
11915	8285.600
11959	8288.700
11875	8296.900
11795	8301.000
11939	8304.600
11803	8309.100
11907	8311.400
11951	8315.300
11819	8318.000
11839	8318.100
11783	8319.300
11923	8323.800
11779	8325.500
11827	8325.900
11875	8331.700
11939	8332.000
11763	8334.200
11847	8335.700
11927	8336.900
11799	8341.900
11955	8342.600
11939	8345.900
11947	8349.400
11859	8350.000
11923	8350.100
11823	8352.700
11763	8358.400
11831	8362.100
11919	8364.700
11907	8365.900
11947	8369.400
11959	8371.100
11943	8376.800
11871	8381.300
11799	8382.400
11843	8385.200
11847	8386.900
11775	8387.200
11815	8391.500
11759	8392.100
11803	8397.500
11823	8404.700
11835	8405.700
11875	8406.000
11839	8408.400
11847	8409.600
11899	8409.600
11831	8414.700
11927	8415.400
11815	8420.900
11863	8421.800
11843	8423.000
11779	8424.100
11955	8430.700
11799	8432.300
11783	8435.800
11819	8445.300
11959	8445.400
11831	8446.200
11863	8446.500
11875	8447.000
11923	8447.800
11811	8447.900
11851	8448.700
11951	8451.100
11759	8451.900
11879	8461.500
11847	8462.300
11795	8467.100
11871	8467.100
11919	8467.400
11859	8467.500
11939	8469.500
11799	8469.900
11883	8477.200
11827	8479.200
11779	8480.000
11955	8482.000
11835	8483.800
11823	8484.800
11855	8487.100
11871	8487.500
11815	8490.200
11923	8499.500
11843	8499.700
11795	8504.000
11783	8504.400
11823	8508.600
11879	8511.200
11907	8517.500
11959	8518.700
11803	8520.500
11919	8520.800
11943	8522.200
11851	8522.900
11859	8524.500
11955	8525.000
11895	8529.900
11947	8539.700
11795	8543.800
11859	8544.300
11839	8550.000
11827	8555.100
11815	8560.200
11911	8560.500
11835	8560.700
11803	8563.400
11931	8565.400
11759	8565.600
11919	8569.100
11831	8575.800
11807	8579.500
11851	8582.200
11955	8582.300
11839	8582.400
11939	8583.600
11923	8593.400
11871	8594.300
11855	8595.600
11831	8601.400
11767	8601.800
11783	8603.200
11859	8607.600
11823	8609.900
11955	8609.900
11779	8612.600
11947	8617.500
11795	8617.900
11799	8622.000
11763	8623.400
11871	8623.600
11807	8623.900
11855	8624.200
11875	8634.200
11827	8636.800
11915	8637.500
11871	8641.800
11839	8644.300
11927	8650.400
11863	8653.500
11779	8654.700
11931	8661.900
11955	8668.000
11923	8669.800
11799	8674.200
11843	8677.900
11803	8678.200
11859	8678.700
11943	8682.000
11911	8682.100
11759	8682.200
11815	8687.700
11919	8689.800
11823	8692.200
11855	8697.200
11839	8698.300
11939	8701.400
11779	8705.300
11943	8707.100
11871	8711.000
11795	8713.600
11863	8713.900
11923	8714.300
11927	8714.900
11879	8717.100
11891	8718.700
11875	8719.400
11859	8719.700
11847	8719.900
11895	8720.900
11815	8725.300
11799	8726.000
11935	8729.500
11803	8731.100
11839	8734.000
11779	8735.900
11907	8736.600
11959	8737.100
11807	8737.200
11819	8737.900
11851	8742.400
11875	8742.700
11843	8742.900
11923	8747.500
11759	8761.500
11915	8762.400
11787	8768.400
11959	8773.100
11871	8776.200
11907	8776.200
11763	8776.300
11859	8781.500
11803	8782.500
11759	8782.700
11791	8783.700
11823	8793.400
11799	8794.100
11919	8802.000
11943	8806.000
11871	8807.000
11835	8810.500
11815	8815.500
11855	8816.300
11847	8816.400
11843	8821.100
11819	8822.000
11955	8825.100
11823	8830.900
11947	8830.900
11903	8832.900
11859	8834.400
11871	8834.900
11839	8836.300
11779	8837.400
11911	8838.200
11831	8842.100
11755	8842.500
11923	8847.500
11875	8857.500
11919	8858.100
11787	8858.200
11863	8858.600
11795	8862.400
11907	8870.600
11959	8870.600
11871	8871.400
11779	8873.900
11939	8874.800
11879	8876.900
11827	8877.800
11843	8880.400
11915	8881.600
11763	8889.800
11783	8890.900
11883	8891.300
11851	8891.600
11919	8892.400
11923	8892.500
11891	8893.000
11927	8903.700
11863	8906.600
11815	8907.700
11855	8909.900
11799	8920.300
11923	8920.600
11847	8921.100
11779	8922.600
11959	8925.400
11819	8925.800
11871	8925.800
11939	8931.100
11759	8932.300
11835	8933.100
11831	8937.600
11847	8945.600
11907	8947.900
11775	8948.000
11955	8948.000
11859	8952.100
11827	8958.200
11795	8958.900
11919	8959.700
11839	8963.400
11939	8968.500
11863	8975.400
11927	8976.600
11851	8982.700
11763	8982.800
11799	8983.200
11951	8983.600
11779	8990.400
11915	8991.200
11803	8993.600
11827	8996.600
11955	8997.000
11923	9000.000
11871	9000.400
11815	9005.700
11843	9007.600
11783	9008.400
11835	9008.400
11847	9009.100
11839	9017.900
11943	9021.600
11831	9026.400
11823	9028.500
11859	9028.900
11815	9035.900
11963	9035.900
11891	9036.600
11799	9050.400
11823	9050.500
11779	9051.200
11843	9052.900
11807	9053.100
11855	9055.500
11939	9055.600
11831	9057.900
11763	9058.400
11863	9061.400
11951	9069.100
11839	9070.400
11787	9072.700
11783	9072.900
11935	9076.000
11791	9081.800
11779	9085.400
11907	9086.600
11939	9093.100
11819	9094.100
11799	9095.300
11927	9097.100
11955	9098.500
11759	9099.000
11835	9100.600
11943	9101.900
11815	9106.600
11795	9108.800
11851	9109.200
11847	9112.300
11947	9112.600
11891	9112.700
11919	9118.900
11827	9122.300
11839	9123.300
11859	9124.800
11935	9130.700
11959	9131.900
11763	9132.900
11847	9133.500
11911	9133.600
11803	9134.300
11791	9134.700
11759	9135.400
11823	9135.400
11799	9136.000
11831	9144.600
11875	9147.700
11923	9149.100
11951	9149.300
11871	9150.000
11799	9153.100
11783	9156.800
11803	9157.300
11955	9160.100
11779	9162.000
11907	9165.900
11843	9167.400
11939	9167.400
11931	9167.500
11763	9168.400
11855	9177.100
11803	9183.200
11799	9183.900
11955	9185.000
11915	9185.100
11839	9185.400
11939	9190.900
11775	9191.900
11927	9191.900
11827	9196.300
11859	9200.600
11799	9205.100
11855	9205.700
11919	9206.000
11851	9207.800
11875	9207.800
11959	9208.400
11831	9214.400
11943	9214.700
11951	9215.300
11839	9215.900
11863	9216.000
11939	9227.300
11935	9227.800
11779	9229.800
11835	9231.600
11763	9234.000
11803	9234.000
11799	9239.800
11923	9243.500
11815	9246.100
11759	9246.400
11795	9251.800
11827	9255.400
11955	9255.900
11859	9256.100
11819	9257.500
11855	9259.200
11839	9263.100
11847	9264.900
11875	9269.700
11927	9270.700
11799	9271.100
11899	9272.300
11811	9279.600
11835	9281.800
11803	9282.000
11807	9283.600
11843	9287.800
11855	9288.500
11871	9288.700
11939	9288.700
11799	9291.700
11955	9292.000
11779	9297.200
11763	9301.700
11839	9303.200
11823	9304.700
11831	9306.600
11859	9307.900
11815	9310.000
11919	9316.000
11851	9316.600
11939	9320.400
11887	9320.800
11951	9320.800
11955	9325.600
11915	9329.100
11859	9334.300
11775	9334.600
11947	9339.300
11839	9352.400
11799	9352.500
11807	9354.000
11783	9354.800
11887	9354.900
11843	9357.700
11803	9358.400
11943	9359.100
11759	9360.100
11831	9365.100
11827	9366.900
11855	9373.500
11859	9375.200
11955	9375.400
11843	9376.000
11763	9378.100
11851	9378.400
11803	9386.200
11771	9388.500
11775	9389.000
11823	9395.100
11923	9396.700
11787	9399.900
11859	9407.200
11815	9408.000
11875	9411.400
11943	9411.400
11951	9411.600
11799	9412.000
11847	9420.400
11855	9423.500
11799	9431.400
11851	9432.100
11939	9434.500
11827	9436.500
11807	9437.300
11803	9437.900
11859	9443.500
11759	9444.000
11855	9445.800
11879	9447.500
11863	9451.500
11927	9451.600
11795	9454.100
11851	9462.200
11919	9464.400
11955	9466.400
11799	9468.100
11875	9471.000
11847	9471.200
11815	9471.300
11915	9471.500
11939	9471.800
11907	9479.800
11803	9482.200
11839	9489.000
11807	9490.300
11851	9491.600
11955	9493.300
11859	9494.200
11759	9495.000
11763	9499.800
11815	9502.500
11939	9503.800
11935	9512.300
11831	9513.200
11915	9513.200
11927	9514.200
11823	9521.300
11939	9522.200
11923	9524.900
11959	9527.900
11799	9528.200
11847	9532.000
11815	9532.700
11795	9533.100
11803	9533.600
11839	9541.600
11851	9549.500
11955	9549.700
11823	9553.300
11779	9553.600
11919	9555.800
11943	9558.800
11915	9559.200
11843	9560.300
11871	9560.300
11795	9560.900
11935	9570.000
11799	9570.100
11875	9571.500
11783	9572.500
11771	9574.000
11759	9574.900
11863	9575.900
11815	9578.400
11871	9578.400
11847	9578.800
11831	9584.500
11891	9587.200
11923	9591.600
11883	9592.400
11959	9595.400
11755	9602.200
11823	9609.100
11787	9610.000
11811	9612.900
11895	9618.600
11939	9619.400
11863	9621.300
11879	9625.100
11779	9625.300
11871	9630.400
11839	9632.400
11827	9640.900
11923	9642.000
11783	9645.900
11943	9646.200
11759	9646.500
11831	9648.500
11851	9654.700
11815	9655.900
11955	9656.500
11799	9656.600
11947	9659.500
11855	9660.500
11859	9663.900
11839	9667.300
11951	9670.500
11755	9670.800
11939	9680.000
11791	9680.300
11795	9684.200
11835	9687.900
11839	9688.200
11927	9688.800
11807	9699.600
11759	9703.900
11871	9713.400
11959	9713.400
11955	9718.700
11799	9722.700
11795	9723.100
11947	9724.900
11803	9728.200
11851	9731.500
11839	9732.100
11827	9732.600
11859	9732.700
11911	9739.000
11943	9743.800
11923	9748.600
11799	9749.700
11875	9750.100
11851	9750.200
11871	9751.900
11939	9753.800
11779	9758.800
11839	9760.900
11915	9760.900
11835	9761.300
11907	9768.800
11763	9773.800
11939	9777.700
11847	9781.000
11831	9785.200
11803	9785.900
11859	9788.200
11959	9788.200
11775	9795.200
11823	9798.600
11795	9800.700
11799	9800.900
11839	9801.000
11919	9801.300
11895	9811.500
11847	9816.300
11871	9820.000
11859	9821.000
11947	9826.700
11959	9829.200
11823	9829.400
11955	9829.500
11943	9830.800
11923	9830.900
11799	9833.800
11763	9833.900
11755	9836.500
11919	9836.800
11811	9844.600
11839	9846.000
11823	9846.800
11863	9853.500
11943	9853.700
11919	9855.800
11951	9857.100
11883	9857.300
11787	9859.600
11907	9860.800
11959	9867.400
11759	9870.200
11923	9871.800
11831	9876.000
11815	9880.800
11955	9887.400
11847	9888.000
11823	9888.300
11795	9888.900
11843	9889.200
11855	9889.600
11871	9890.500
11903	9890.700
11947	9896.500
11839	9896.700
11783	9904.900
11771	9909.800
11911	9909.800
11823	9915.000
11855	9917.200
11919	9919.400
11831	9923.400
11859	9926.200
11807	9926.700
11895	9926.900
11839	9929.700
11775	9932.900
11935	9933.700
11879	9935.800
11899	9936.500
11799	9939.300
11939	9941.400
11955	9943.700
11779	9952.200
11963	9953.700
11911	9965.400
11807	9966.200
11851	9967.000
11799	9974.000
11883	9975.200
11847	9980.300
11955	9980.400
11779	9982.100
11855	9982.200
11931	9982.700
11803	9983.500
11919	9985.900
11767	9987.100
11939	9987.300
11943	9987.800
11831	9992.100
11875	9992.800
11851	9996.100
11859	9997.800
11947	9998.400
11827	10000.300
11923	10005.000
11799	10009.400
11875	10017.400
11811	10020.500
11859	10020.900
11863	10022.800
11759	10023.900
11871	10026.300
11883	10026.400
11779	10037.700
11955	10037.700
11795	10038.000
11811	10038.300
11823	10038.400
11919	10041.300
11799	10048.000
11839	10051.900
11907	10054.600
11831	10055.400
11827	10055.600
11755	10058.100
11835	10058.100
11923	10059.200
11823	10059.700
11871	10060.400
11879	10060.800
11939	10067.500
11863	10073.000
11959	10075.200
11907	10077.300
11951	10090.100
11779	10092.400
11923	10092.400
11955	10095.300
11843	10095.700
11871	10096.000
11855	10098.200
11963	10102.900
11803	10106.300
11823	10109.300
11911	10109.400
11859	10109.500
11831	10109.900
11891	10110.500
11839	10126.800
11779	10127.700
11939	10127.800
11835	10133.700
11963	10140.400
11919	10143.200
11871	10146.500
11851	10147.000
11891	10149.200
11915	10154.200
11763	10159.300
11823	10160.300
11859	10160.600
11799	10162.800
11875	10164.300
11883	10164.900
11775	10165.300
11815	10167.300
11843	10176.700
11935	10177.600
11955	10182.900
11919	10183.400
11847	10189.700
11823	10190.700
11795	10194.400
11763	10195.600
11855	10197.300
11799	10197.600
11927	10200.400
11851	10207.500
11831	10211.900
11955	10211.900
11807	10217.300
11879	10217.700
11839	10217.900
11795	10219.700
11923	10220.900
11855	10221.200
11859	10230.300
11951	10230.800
11759	10231.200
11959	10231.200
11799	10231.600
11919	10232.100
11827	10234.500
11815	10234.900
11939	10245.300
11847	10246.100
11855	10249.800
11839	10249.900
11927	10250.800
11779	10252.400
11887	10253.300
11955	10255.700
11807	10263.200
11775	10268.600
11827	10270.400
11923	10275.500
11935	10276.800
11959	10279.600
11755	10282.200
11867	10286.500
11815	10286.800
11843	10291.000
11759	10300.700
11847	10308.500
11923	10310.100
11859	10314.400
11779	10321.000
11863	10326.200
11907	10326.800
11911	10327.200
11919	10329.700
11831	10330.600
11943	10330.800
11875	10336.600
11799	10342.700
11767	10348.400
11883	10350.000
11871	10350.300
11959	10351.000
11763	10356.400
11823	10359.700
11815	10360.400
11859	10363.000
11939	10365.500
11895	10368.000
11799	10379.400
11847	10380.500
11803	10381.700
11779	10383.300
11839	10384.000
11955	10387.900
11939	10389.300
11947	10396.400
11795	10396.500
11851	10402.300
11859	10404.500
11799	10404.700
11835	10409.700
11827	10414.700
11943	10415.200
11763	10418.900
11871	10419.700
11847	10419.900
11755	10420.300
11815	10425.100
11819	10425.900
11891	10437.300
11855	10438.000
11787	10446.100
11943	10446.700
11939	10447.100
11763	10447.500
11859	10447.900
11855	10453.700
11799	10454.400
11759	10456.800
11879	10460.900
11847	10461.000
11871	10461.300
11923	10461.700
11779	10464.000
11799	10475.400
11831	10476.300
11875	10476.700
11859	10478.300
11843	10478.800
11827	10479.200
11955	10483.000
11855	10486.700
11763	10489.200
11787	10490.100
11803	10491.300
11819	10492.200
11835	10494.100
