# NEST version: 3.9.0-post0.dev0
# RecordingBackendASCII version: 2
sender	time_ms
831	500.400
2463	502.200
2743	505.300
359	505.700
607	510.500
539	514.400
2183	518.900
1555	521.600
3703	522.100
651	522.500
3071	525.600
63	525.900
1419	526.100
2827	538.000
2999	539.100
1099	539.300
3355	540.100
2735	541.500
1999	543.000
1003	543.500
1323	544.800
1435	544.900
2643	550.800
295	557.200
1499	557.200
1823	557.800
3747	557.800
1327	558.000
2471	558.000
3527	558.000
783	558.300
3651	558.300
3923	558.300
2359	558.500
1095	558.600
1487	558.800
4107	559.100
3443	574.500
587	574.800
1883	575.300
1143	575.400
747	575.800
487	576.000
3831	576.300
1323	577.100
3295	595.200
3823	595.300
559	595.500
1811	598.900
3247	599.100
1851	599.400
1663	602.400
671	613.000
623	616.100
2743	616.600
107	623.900
999	626.400
2395	627.400
2827	634.400
167	636.700
3711	645.400
3623	646.300
355	651.200
3651	651.500
1939	652.000
4079	652.500
2091	652.600
2179	652.600
2439	652.700
1727	652.800
2359	654.000
1371	669.300
3419	669.500
3623	669.700
1691	670.000
3523	670.000
223	670.100
2203	670.200
1987	670.300
239	670.400
983	670.500
2211	670.700
111	671.400
247	672.200
4119	686.200
2459	687.300
1823	687.500
2107	687.500
1107	687.600
3603	687.900
2743	688.100
3443	688.200
2343	688.300
2375	688.300
1447	688.600
1323	688.700
1131	688.800
1219	688.900
1091	689.000
1171	689.000
511	689.100
1835	689.300
4059	689.300
2735	689.800
3643	690.400
4135	691.100
3747	706.900
1627	707.600
495	708.600
1099	708.600
3847	709.100
4047	710.900
2471	723.900
2247	724.200
15	724.500
391	724.600
3967	724.700
2415	725.000
4023	725.000
2475	725.300
2467	725.500
1843	725.800
2727	726.000
491	726.100
3655	739.200
2459	740.300
3651	740.500
2615	740.900
3543	741.000
2943	741.100
3167	741.200
1643	741.300
3747	741.600
611	741.800
2875	741.800
3355	741.800
3083	741.900
4043	741.900
3055	742.000
3239	742.000
1703	742.100
295	742.200
699	742.300
1571	742.300
2579	742.400
379	742.500
1595	742.500
455	742.800
3891	761.200
3307	761.400
851	762.000
3407	762.100
3723	762.100
1767	762.200
1067	762.400
2403	762.600
3851	762.800
1975	762.900
2055	763.000
3623	763.200
699	763.400
2271	764.300
15	779.600
1343	780.000
3783	780.800
631	780.900
1887	781.300
3527	781.600
1219	781.900
3651	783.000
3275	783.500
1443	783.600
4071	783.600
2603	784.900
3511	797.900
3079	798.200
591	798.800
2383	798.800
2095	799.000
3443	799.600
1211	808.800
3387	809.300
1135	810.400
3423	810.400
4019	810.400
623	810.500
2459	810.600
2571	810.600
211	810.900
1623	811.100
607	811.300
1443	811.500
3715	811.500
775	811.600
667	811.700
3195	811.800
3971	812.600
3883	813.100
4107	813.200
179	813.900
3655	814.800
1215	827.500
2147	829.200
2735	831.600
3247	835.800
3315	836.300
3179	847.000
2007	847.200
3663	847.800
3943	847.900
1639	848.400
2191	848.500
2447	848.500
1731	848.600
2351	848.700
1111	848.900
107	849.000
907	849.100
3423	849.300
2763	850.100
2971	865.600
551	866.200
1359	866.500
2719	866.700
59	867.300
1003	867.300
2451	867.400
2443	867.800
175	868.200
4103	881.600
4083	882.200
2739	884.600
1163	884.700
2611	884.800
2083	886.000
379	886.600
4115	888.700
3499	902.300
3683	908.000
2727	910.400
2239	910.600
1571	911.000
167	911.600
99	912.300
999	912.900
1951	913.600
1727	914.600
1415	924.100
1147	925.600
319	926.200
3347	927.100
1735	929.000
1463	929.700
1155	930.400
3463	931.000
807	934.600
1883	943.400
487	943.500
2503	943.900
987	944.000
2647	944.900
1387	945.900
2195	946.800
4119	957.400
3243	957.500
3711	958.300
2635	958.700
2555	959.100
4103	959.600
1299	959.800
1951	959.800
171	959.900
2827	959.900
2563	960.000
3483	960.600
2375	960.700
3835	975.500
1595	977.500
3367	978.400
3055	985.600
355	986.500
1243	988.600
403	990.300
1899	990.500
2563	991.800
2779	992.700
795	993.400
3379	993.900
3223	994.300
2299	1005.000
899	1007.500
2327	1007.700
435	1007.800
1171	1008.000
1887	1008.300
3051	1008.300
2823	1008.400
3715	1008.500
3439	1008.700
775	1009.300
2599	1009.300
2443	1009.500
1767	1010.200
4115	1025.500
3739	1025.900
1599	1026.900
3663	1027.100
3175	1027.500
2695	1027.600
3803	1027.800
1343	1028.200
283	1028.400
1151	1044.200
1927	1044.200
591	1044.700
2587	1044.700
3147	1044.700
2799	1045.100
2643	1045.400
2723	1046.100
295	1046.300
2351	1047.700
1379	1058.300
591	1064.100
79	1065.000
2323	1066.100
267	1066.700
651	1067.000
3119	1067.000
1847	1068.000
3843	1079.100
447	1080.000
1627	1080.000
1599	1081.300
2359	1082.200
1775	1091.600
643	1092.100
2315	1093.600
223	1094.400
3799	1094.500
667	1094.600
2943	1095.100
3087	1099.700
3123	1110.800
1639	1110.900
2095	1111.000
2587	1111.000
391	1112.000
2579	1112.000
1491	1112.600
211	1113.800
2007	1114.400
1299	1124.900
1835	1125.300
1843	1126.100
1283	1126.200
303	1127.000
1731	1127.600
1223	1127.900
2191	1127.900
3983	1127.900
107	1128.000
1219	1128.600
227	1128.700
3039	1128.800
755	1129.000
2519	1129.700
3371	1130.400
1847	1130.600
579	1131.100
2011	1143.800
1331	1144.400
3511	1144.800
891	1145.300
1775	1145.300
1931	1145.600
243	1145.700
3243	1146.000
1083	1146.400
1739	1146.600
3603	1146.600
1143	1147.600
2519	1147.700
1891	1148.000
2683	1160.400
2467	1160.600
247	1162.200
2043	1162.300
3555	1162.900
2299	1163.300
231	1163.400
591	1163.700
2755	1164.000
1499	1164.200
807	1164.300
3623	1164.300
2187	1164.500
2763	1165.200
647	1175.900
1771	1179.600
1183	1183.400
319	1184.700
1547	1194.300
2543	1195.500
3087	1195.500
3199	1196.200
3503	1196.700
3347	1200.100
4119	1212.900
2743	1214.200
4007	1214.400
2911	1214.500
3279	1214.800
2103	1215.400
1003	1215.500
1571	1215.700
2615	1216.200
2727	1217.100
1415	1217.900
3347	1231.600
3323	1234.300
591	1235.000
2027	1241.400
1247	1243.100
3831	1245.300
3327	1246.500
2927	1246.600
4047	1247.900
2775	1248.100
2351	1248.200
2095	1248.800
1147	1249.100
1019	1249.400
1739	1249.500
91	1249.700
1003	1250.700
787	1251.300
1431	1251.400
4003	1265.900
1375	1266.200
831	1280.000
3087	1281.400
2015	1281.500
3235	1282.700
15	1283.100
675	1283.200
787	1283.200
1847	1283.500
7	1283.600
2439	1283.600
2147	1283.700
2999	1283.900
3359	1284.100
1599	1285.200
3691	1285.500
3707	1285.800
2295	1298.000
3463	1298.200
79	1299.600
1975	1299.600
3403	1300.000
811	1300.300
1459	1300.300
243	1300.500
3515	1300.500
1883	1300.900
3555	1301.700
2743	1302.800
3831	1303.100
1847	1319.000
2475	1319.300
1595	1320.500
1243	1321.400
419	1321.500
1463	1322.400
3315	1323.600
587	1324.400
1035	1334.500
1915	1336.100
391	1342.100
3347	1346.100
2935	1347.700
3651	1351.400
3715	1351.500
1343	1358.600
2451	1364.700
863	1365.100
1491	1365.300
1307	1365.500
2615	1365.500
1219	1365.700
867	1365.800
979	1366.000
2215	1366.300
2827	1366.300
1907	1366.400
3303	1366.500
2575	1366.700
1955	1366.800
3547	1366.800
647	1366.900
2835	1366.900
1335	1367.000
895	1367.400
2551	1367.400
3879	1367.400
223	1367.900
1915	1368.000
4007	1368.000
163	1368.100
4031	1368.400
971	1369.000
2139	1369.100
1499	1369.900
1975	1370.200
615	1385.900
1599	1389.700
135	1389.800
3419	1391.100
475	1392.300
1595	1401.100
2075	1401.400
71	1401.600
35	1401.800
3279	1401.900
1811	1402.200
3195	1402.400
3603	1402.700
795	1402.900
119	1403.400
643	1418.100
1883	1419.000
3791	1419.100
1915	1419.500
1183	1419.800
3467	1420.000
3623	1420.200
3987	1420.200
2059	1420.400
3315	1420.500
663	1420.600
1647	1420.600
1963	1420.900
2143	1420.900
3567	1420.900
947	1421.100
3639	1421.400
1555	1421.900
2627	1422.400
3723	1423.500
675	1438.700
223	1440.500
2215	1442.500
3875	1443.100
1955	1444.000
3839	1444.500
3559	1445.600
383	1457.000
11	1457.500
1219	1461.000
2523	1464.000
1195	1467.500
1131	1468.700
687	1469.400
1283	1470.600
11	1471.000
2187	1471.400
1635	1471.500
3279	1473.600
2283	1475.100
135	1483.400
983	1483.400
3571	1484.500
1003	1486.300
2735	1486.600
3943	1486.800
607	1488.200
3235	1490.500
1303	1503.600
3691	1503.600
3743	1505.100
879	1505.600
203	1507.100
4119	1507.300
4103	1510.200
3355	1519.800
2291	1520.900
1675	1521.100
1739	1521.400
1335	1521.600
3511	1521.800
3223	1521.900
615	1522.200
647	1522.700
2699	1523.600
3799	1539.700
3323	1541.000
1771	1541.700
1671	1542.000
107	1542.200
871	1542.200
1427	1542.200
3087	1543.300
3175	1543.800
359	1544.100
927	1544.200
1883	1544.400
2607	1544.600
3831	1545.800
2015	1559.500
3643	1559.700
3315	1559.800
2943	1559.900
1343	1560.000
3695	1560.700
1103	1560.800
1459	1560.900
3835	1561.100
2955	1561.200
3467	1561.200
2031	1561.300
471	1561.400
1575	1561.400
2271	1561.400
3259	1561.400
2467	1561.500
3243	1561.500
2247	1561.600
3107	1561.600
2743	1561.800
75	1561.900
803	1561.900
783	1562.000
615	1562.100
3579	1563.200
1171	1578.900
623	1579.700
2147	1580.100
2623	1580.200
1675	1580.600
2539	1581.200
2859	1581.500
1575	1582.000
239	1583.500
1891	1593.800
1483	1594.700
563	1595.000
2727	1595.100
1083	1596.300
2931	1596.300
3059	1596.600
3483	1596.700
3831	1596.800
3747	1596.900
1859	1597.000
2511	1597.000
1455	1597.300
3503	1597.700
3827	1597.700
1003	1598.500
175	1599.400
1663	1617.300
2755	1618.400
447	1619.100
2299	1619.100
3367	1619.200
1463	1619.500
3055	1619.500
2291	1619.900
967	1620.000
4095	1620.800
1031	1621.300
1975	1621.300
1287	1621.800
723	1621.900
1623	1621.900
2603	1622.000
2579	1622.100
759	1638.700
1131	1639.400
951	1639.900
975	1640.600
2095	1642.000
3943	1653.800
1459	1654.000
387	1656.300
2215	1656.700
2615	1657.000
1787	1657.300
851	1657.800
1999	1658.100
235	1659.100
2143	1669.400
3563	1669.800
4115	1670.400
647	1671.300
2543	1671.300
2299	1671.800
2603	1671.800
2091	1671.900
627	1672.100
3875	1672.200
2915	1672.300
3187	1672.400
163	1673.000
1875	1673.000
2799	1673.100
3747	1674.600
3459	1676.000
603	1689.300
1823	1689.700
687	1690.500
615	1690.600
1599	1690.600
3775	1690.600
1323	1690.700
1183	1691.100
591	1691.200
2735	1691.200
1351	1691.300
2315	1691.300
1659	1691.400
1143	1691.500
2603	1691.600
511	1691.700
3219	1691.700
3447	1691.700
103	1692.000
403	1692.000
2523	1692.000
1359	1692.100
2971	1692.200
3435	1692.300
1883	1692.400
551	1692.500
2771	1692.500
1571	1692.800
1587	1710.000
59	1711.600
3327	1712.100
967	1712.200
267	1712.400
4119	1713.900
2183	1715.400
755	1715.500
1415	1724.500
2295	1725.600
1455	1726.200
1975	1726.200
3715	1726.300
2035	1726.400
2479	1726.400
2439	1726.500
2579	1726.700
2207	1727.300
2539	1728.700
11	1739.400
3467	1740.400
955	1741.200
1663	1741.300
3691	1741.500
1767	1741.700
2815	1742.100
3331	1742.300
1131	1742.500
3039	1742.500
1635	1742.700
2459	1743.200
515	1743.700
463	1744.000
3355	1756.100
2467	1756.300
2139	1772.600
4087	1774.400
3879	1775.200
899	1775.900
1719	1776.300
2511	1776.400
3803	1776.400
191	1776.700
1999	1776.700
2731	1776.800
2007	1777.300
2831	1777.300
2999	1777.300
3055	1777.500
3259	1777.900
4115	1778.000
1767	1791.500
2183	1791.900
2895	1792.000
619	1792.400
2327	1792.700
475	1793.200
1927	1794.800
2291	1794.900
223	1795.700
707	1795.700
1903	1795.700
1883	1797.700
3363	1800.700
2735	1805.000
3899	1805.700
3167	1806.500
439	1809.200
1927	1809.500
3347	1809.800
2307	1810.600
2179	1811.500
2727	1811.500
1171	1812.000
2035	1823.300
779	1824.100
2719	1825.000
3239	1825.400
651	1825.500
1183	1825.500
3443	1825.500
699	1825.600
2467	1825.900
3403	1826.100
4119	1826.200
175	1826.300
507	1826.600
3643	1826.600
3723	1826.600
3995	1827.300
1775	1827.400
3775	1827.400
4095	1830.100
2823	1842.800
63	1843.300
2435	1845.400
1051	1855.900
867	1857.800
587	1858.700
2503	1858.700
2615	1859.200
2743	1859.700
647	1859.900
531	1862.200
3763	1871.500
2775	1877.200
651	1877.900
2531	1878.100
2523	1878.600
595	1878.700
3831	1879.000
655	1879.100
175	1879.200
3715	1882.200
2631	1882.300
3467	1897.000
3771	1898.100
1327	1898.800
1183	1899.300
3243	1899.500
831	1900.400
1099	1901.000
1543	1901.300
2095	1907.700
2475	1908.600
3463	1910.900
2827	1921.600
3199	1922.600
227	1923.400
347	1923.500
591	1933.100
1671	1933.300
1207	1933.500
2883	1934.300
2055	1936.000
1843	1936.500
1359	1936.600
79	1937.300
3603	1937.600
2827	1950.400
4015	1951.000
3379	1951.600
1959	1952.000
2343	1952.700
2503	1952.700
2023	1953.100
223	1953.300
1475	1953.400
1599	1954.100
3847	1954.300
2339	1954.400
75	1971.500
3463	1971.600
2063	1973.000
295	1983.700
3055	1984.600
1603	1985.000
2711	1985.000
3383	1986.800
2639	1988.700
1147	1988.900
1711	1989.900
2603	1990.200
1063	1997.500
795	2000.900
2563	2001.600
223	2002.100
4119	2004.000
3239	2007.700
3875	2016.700
2679	2016.900
1155	2017.100
2975	2017.700
2731	2017.800
3707	2018.100
1847	2018.200
2035	2018.300
463	2018.900
471	2018.900
2415	2018.900
3279	2018.900
1571	2019.500
3335	2019.800
2267	2019.900
2599	2020.200
3347	2021.600
599	2026.600
2147	2035.700
219	2037.500
687	2037.900
2015	2038.500
2139	2039.100
2743	2039.300
1283	2039.700
1187	2039.900
3195	2040.000
2271	2040.100
2927	2040.100
895	2040.300
1095	2040.400
95	2040.600
1143	2041.400
3199	2041.400
2771	2057.000
1663	2058.200
3127	2058.600
2727	2059.900
1359	2060.900
2427	2064.000
3247	2071.900
2475	2072.200
3403	2073.000
1187	2073.400
1559	2073.600
3007	2074.600
3991	2075.100
1231	2075.200
1823	2077.800
3623	2078.000
1195	2089.400
671	2089.700
3711	2102.900
3747	2104.600
2607	2104.700
3787	2105.000
1599	2105.100
2627	2106.600
3003	2106.600
595	2106.800
3699	2107.400
3355	2121.700
1359	2122.000
3695	2122.100
391	2122.500
2051	2122.800
2647	2123.800
1835	2124.400
435	2125.700
1323	2125.800
3723	2137.700
1923	2138.600
2303	2139.800
111	2139.900
2523	2140.900
3579	2140.900
3443	2148.000
2927	2151.100
3223	2151.900
2851	2156.200
1195	2156.600
3107	2161.600
1207	2169.500
235	2169.700
3367	2169.700
1703	2170.700
1183	2171.000
3199	2171.000
591	2171.300
1171	2171.500
3995	2171.800
999	2173.200
3223	2187.800
4083	2188.900
1327	2189.600
3123	2190.900
2031	2191.300
627	2195.400
2643	2209.800
1255	2211.500
2763	2213.000
1147	2213.700
1031	2224.600
2931	2226.300
1571	2226.700
2927	2227.100
251	2227.800
2491	2227.800
2995	2227.800
2799	2228.800
2119	2228.900
3715	2240.000
591	2240.700
2735	2241.100
1007	2241.200
1603	2241.800
4003	2242.400
155	2242.800
1883	2243.100
439	2243.600
559	2243.600
3279	2244.300
3823	2244.700
3563	2258.300
219	2258.700
235	2259.200
983	2259.200
2375	2263.900
3331	2264.000
1855	2264.400
3747	2265.700
1951	2266.300
251	2266.500
2755	2266.600
2083	2266.800
2891	2267.000
3043	2267.200
2203	2267.600
2207	2268.200
4119	2268.300
1023	2268.600
1131	2283.500
2403	2283.600
1455	2284.000
627	2284.300
4007	2284.300
1195	2284.400
3579	2284.400
4099	2284.400
1663	2284.600
3455	2284.700
2647	2284.900
179	2285.000
1823	2285.000
3483	2285.000
3539	2285.000
203	2285.100
2187	2285.100
1223	2285.200
1787	2285.200
1807	2285.200
151	2285.500
1567	2285.500
2351	2285.500
3379	2285.500
4119	2285.600
187	2285.700
4115	2286.000
591	2286.200
871	2286.200
1499	2286.200
1031	2286.300
1247	2286.400
2875	2286.500
83	2286.600
2743	2286.900
2579	2287.000
1599	2287.200
2147	2287.200
3443	2287.200
1003	2304.200
3723	2305.600
1471	2308.800
1507	2318.100
1155	2319.600
1463	2319.600
2011	2320.000
403	2320.200
3567	2320.600
711	2320.700
1547	2333.800
4019	2337.800
1819	2338.500
3803	2338.500
1343	2338.600
2403	2338.900
1083	2339.000
331	2339.400
1003	2340.100
335	2341.700
1243	2342.600
455	2354.600
2523	2356.000
3747	2356.200
3639	2356.400
1367	2356.600
831	2357.100
1967	2360.900
755	2369.300
2743	2369.600
2075	2369.800
2267	2370.000
1823	2370.200
2383	2370.200
1731	2370.400
175	2370.500
1919	2370.500
2359	2370.500
579	2370.600
1735	2370.800
2011	2370.800
3475	2370.800
3483	2370.900
3523	2371.000
2095	2371.100
295	2371.400
1303	2371.400
2043	2371.400
3967	2371.400
3427	2371.500
1847	2371.700
2747	2371.700
2851	2371.700
3411	2371.700
2315	2371.800
2319	2371.800
1483	2372.000
1907	2372.200
2939	2372.300
1519	2372.400
959	2372.600
3819	2372.700
43	2372.900
119	2388.900
459	2390.200
531	2391.400
3571	2391.400
2467	2391.500
1343	2391.800
2931	2392.200
2527	2392.300
3087	2392.300
2695	2392.400
15	2393.300
3055	2394.000
831	2405.700
79	2407.700
3371	2408.100
2671	2408.900
1323	2409.300
2743	2412.800
1475	2413.700
223	2419.200
555	2423.000
3831	2423.000
1571	2423.200
2095	2423.500
3055	2423.600
231	2424.400
1663	2424.600
2963	2425.400
1667	2426.500
1195	2426.800
2015	2427.400
1007	2428.100
403	2428.300
4039	2439.900
2851	2447.200
775	2448.100
2439	2451.400
191	2454.200
2503	2455.500
1499	2455.900
1359	2456.200
391	2456.600
351	2457.600
151	2458.600
1131	2458.800
3307	2460.300
1079	2460.500
2711	2461.100
3519	2461.200
607	2472.600
1019	2477.300
1367	2484.100
1847	2485.800
3275	2489.600
1379	2489.700
223	2490.800
1343	2490.800
2859	2491.200
2907	2491.200
415	2492.500
3303	2492.700
3363	2502.300
1487	2505.100
3583	2506.600
495	2506.800
3087	2508.100
2387	2509.100
1067	2510.500
2439	2512.400
463	2512.900
735	2513.600
223	2522.800
2259	2523.600
987	2525.500
3175	2525.700
767	2526.100
1799	2526.100
103	2526.300
2735	2526.800
51	2527.300
1279	2527.600
2527	2528.300
1767	2544.000
3763	2544.100
2383	2544.600
1519	2545.000
591	2545.300
219	2545.500
2903	2546.800
2147	2547.700
27	2548.300
755	2549.100
3915	2550.100
651	2562.600
2579	2562.900
3463	2563.300
1143	2563.900
2407	2570.800
3643	2577.400
227	2577.700
343	2577.700
2551	2578.100
591	2578.200
3603	2579.100
1111	2579.300
3287	2589.100
1207	2595.000
23	2595.900
515	2596.200
3439	2597.400
403	2599.700
267	2604.100
3823	2604.300
3167	2615.300
83	2615.400
591	2615.500
1575	2616.100
1251	2616.300
239	2616.600
2315	2617.100
4007	2617.600
223	2618.100
3747	2618.100
1671	2618.900
4055	2619.000
607	2619.400
2095	2619.600
2183	2629.800
1387	2630.300
4079	2630.800
3363	2631.000
1371	2631.400
2351	2632.500
3775	2632.500
1823	2632.800
4099	2645.100
531	2647.000
3279	2647.500
2131	2647.600
2643	2648.200
1787	2648.400
2507	2649.100
1219	2649.400
3199	2649.400
2035	2649.600
1111	2650.800
2783	2651.100
3079	2664.500
2915	2664.900
3751	2665.500
1207	2666.000
3995	2666.100
191	2666.200
3983	2666.500
915	2666.600
307	2667.200
3747	2667.200
4119	2667.300
1067	2667.500
3831	2667.700
3223	2667.900
3579	2667.900
1243	2668.600
1343	2668.600
2827	2669.300
919	2669.600
651	2669.800
1779	2670.200
1663	2685.800
1315	2688.500
1583	2688.700
3663	2688.700
1851	2689.100
43	2689.300
2583	2689.300
3379	2689.700
203	2690.200
3031	2690.200
3191	2692.700
2603	2693.000
2439	2706.800
295	2707.400
1323	2707.600
403	2708.100
1719	2708.400
1887	2711.300
391	2712.300
1787	2723.600
1847	2724.100
1599	2724.900
2971	2725.500
563	2726.000
663	2726.600
3563	2726.700
3747	2726.800
2299	2727.100
875	2738.600
2931	2739.300
3495	2739.500
1327	2741.300
1571	2742.800
695	2744.100
4039	2745.500
3871	2746.200
1343	2753.600
2459	2755.100
135	2755.200
1003	2755.800
1851	2756.200
2727	2756.400
1171	2756.500
3491	2756.700
3651	2756.700
3039	2756.900
3059	2757.300
1507	2757.900
1111	2758.500
2867	2758.500
239	2760.900
219	2761.500
591	2773.100
2799	2775.500
3611	2776.100
755	2777.100
191	2778.200
1387	2779.100
3971	2779.800
2083	2782.500
915	2789.500
1663	2792.700
4043	2794.500
1975	2795.700
1283	2803.400
379	2804.000
2255	2804.700
2143	2806.400
1343	2806.700
3463	2806.900
2095	2807.000
2379	2807.800
1983	2808.100
2403	2808.300
3747	2808.800
3427	2809.200
775	2809.900
1531	2809.900
2359	2821.600
1455	2821.900
3355	2838.600
643	2838.900
3407	2839.900
951	2840.900
2503	2840.900
3651	2841.500
1583	2842.200
3743	2842.200
2407	2842.600
3099	2842.700
4099	2842.900
2467	2843.800
3763	2846.000
4095	2847.000
983	2858.200
491	2858.600
3055	2858.800
1819	2859.400
3799	2859.400
1091	2859.600
851	2859.700
2867	2860.400
2307	2860.500
3463	2861.000
2111	2861.800
3239	2877.200
2951	2878.300
831	2878.400
3751	2880.200
287	2880.400
1207	2880.400
2315	2880.600
2743	2881.300
2075	2881.400
1063	2881.500
2227	2892.300
19	2892.900
2575	2892.900
1359	2893.100
3051	2893.300
1571	2893.800
3715	2893.900
2895	2894.200
1683	2894.600
2055	2894.600
3199	2894.700
1891	2894.800
2731	2894.800
2259	2894.900
3635	2894.900
219	2895.100
3055	2895.100
3347	2895.100
379	2895.200
3279	2911.100
2007	2911.700
1487	2911.800
1727	2912.000
4019	2912.700
4047	2912.700
915	2913.800
3031	2929.800
531	2929.900
1031	2931.600
2943	2932.500
3747	2932.600
591	2938.500
2911	2939.500
983	2941.300
1411	2941.700
1599	2943.600
2207	2944.400
643	2945.700
2439	2948.200
3891	2948.600
107	2954.100
3943	2955.900
3207	2956.900
2543	2957.200
2507	2957.300
2311	2957.500
935	2957.600
251	2957.800
103	2958.100
3367	2958.900
2579	2960.200
3603	2970.700
1843	2970.800
611	2971.200
531	2971.900
2439	2972.400
767	2973.800
4043	2973.900
2915	2974.700
2179	2977.900
447	2981.100
715	2982.100
2871	2982.400
1135	2990.200
391	2990.900
2679	2992.700
591	2993.500
2615	2993.900
3195	3002.700
239	3006.000
2491	3007.500
3163	3008.300
3355	3008.600
3331	3008.800
1343	3008.900
3323	3009.100
951	3009.200
4079	3009.900
447	3021.600
2619	3023.000
787	3024.400
687	3024.800
1547	3025.200
3571	3025.700
3403	3026.200
1327	3039.200
3895	3040.100
1883	3040.600
111	3042.000
3771	3060.200
223	3065.100
1919	3066.200
3351	3067.900
1019	3070.200
1963	3070.200
2359	3071.900
219	3072.100
651	3073.300
3511	3075.400
2075	3080.700
1883	3082.300
3239	3088.400
3863	3093.800
2427	3096.500
3655	3098.200
59	3099.000
347	3099.800
2735	3101.100
3831	3102.300
1095	3103.000
947	3104.900
2747	3111.000
1263	3111.400
2859	3112.100
3443	3112.500
1415	3113.000
315	3114.700
2587	3114.700
2883	3115.100
2315	3115.800
2215	3116.000
1883	3116.700
907	3117.600
3307	3117.600
1727	3118.100
3107	3119.200
2095	3124.000
2139	3133.500
1703	3134.000
1599	3135.000
3095	3135.500
2327	3135.600
403	3136.300
1031	3136.700
2799	3136.700
219	3136.900
1147	3136.900
1031	3154.000
3799	3154.000
1251	3154.500
3851	3154.700
2943	3155.200
3347	3155.400
1495	3156.400
487	3157.000
4103	3158.900
2079	3162.000
2259	3162.000
579	3162.300
643	3163.700
4095	3164.100
1155	3179.300
1907	3180.400
1243	3181.000
843	3182.700
903	3184.500
223	3187.200
1283	3199.000
2911	3200.800
2867	3202.000
2587	3202.200
227	3205.000
3595	3205.500
591	3213.500
2663	3216.000
1379	3216.500
1835	3217.700
2735	3218.000
3175	3219.100
1883	3219.900
3315	3230.800
3731	3230.800
3067	3231.100
2471	3231.400
1399	3231.700
455	3234.200
3707	3234.500
587	3236.000
3823	3249.500
591	3252.400
1767	3263.400
2259	3263.600
379	3263.700
2315	3263.800
1559	3264.300
247	3264.900
4079	3264.900
3567	3265.500
2563	3265.600
903	3265.800
2055	3267.300
2931	3268.200
1823	3268.600
1883	3279.600
3243	3281.200
319	3281.700
3415	3282.300
1183	3282.800
2827	3283.000
3427	3283.200
1955	3283.300
1559	3283.500
2451	3283.900
1003	3284.100
2491	3284.100
755	3284.200
2147	3284.400
2579	3284.700
3307	3284.700
2523	3296.900
4083	3312.500
3823	3312.600
999	3315.800
1035	3319.000
2035	3322.200
3831	3329.900
3487	3333.200
3747	3337.700
1755	3337.800
1915	3339.700
895	3343.900
1883	3345.100
1999	3351.100
2467	3357.400
347	3363.400
2179	3363.700
1823	3366.700
1767	3367.300
295	3370.200
3483	3372.000
2755	3372.400
607	3378.700
3775	3378.800
1923	3378.900
2467	3387.300
1599	3392.000
2007	3392.800
567	3393.000
1615	3393.100
1783	3393.200
591	3393.300
1899	3393.300
2931	3393.400
1507	3393.500
1171	3393.900
3583	3393.900
1623	3394.000
687	3394.100
2095	3394.100
1999	3394.800
2831	3410.100
3091	3410.200
2963	3410.300
2695	3410.700
1843	3410.900
2603	3411.100
447	3411.400
927	3411.500
223	3411.600
2551	3411.800
2579	3412.100
3055	3412.300
2459	3412.400
4027	3412.400
4023	3412.500
2079	3412.600
3123	3412.600
207	3412.800
2367	3412.800
3631	3412.800
1883	3413.400
651	3413.500
351	3413.900
2143	3434.900
4019	3435.400
2527	3436.500
151	3437.200
1835	3437.400
1939	3437.500
3979	3437.600
587	3437.900
591	3437.900
1195	3439.600
259	3441.200
867	3454.900
667	3455.500
2351	3455.700
383	3455.800
1003	3456.700
3427	3457.300
1063	3458.000
3615	3459.100
3463	3460.100
707	3463.900
287	3472.800
3087	3473.300
2623	3474.400
2735	3474.800
2595	3475.400
2743	3475.400
235	3475.500
1567	3475.500
427	3475.600
3871	3475.700
1235	3475.800
2615	3475.900
2139	3476.000
1939	3476.100
2007	3476.200
2471	3476.200
147	3476.300
319	3476.300
3915	3476.700
343	3476.800
3511	3478.700
1219	3491.500
23	3492.000
3995	3492.600
775	3492.900
3347	3493.900
1131	3494.300
3687	3494.400
1843	3494.600
1455	3495.200
1143	3495.300
3223	3495.400
3419	3497.700
3715	3498.400
1299	3499.100
2475	3500.500
3899	3501.900
1547	3503.600
3803	3504.900
687	3505.600
3651	3510.900
1975	3515.000
1663	3517.200
1203	3519.300
151	3520.700
4019	3521.000
2927	3524.000
2359	3524.500
2911	3527.100
1283	3527.500
3555	3528.000
1851	3533.900
2479	3537.300
1571	3537.500
1335	3539.000
655	3539.600
2615	3540.200
4019	3540.200
531	3540.300
2843	3540.600
3599	3540.800
3791	3541.200
1951	3541.400
3991	3555.900
2955	3557.400
3119	3557.400
927	3558.400
3987	3567.900
1847	3568.900
2587	3569.300
2903	3573.500
3535	3576.500
1391	3580.300
3347	3584.400
2543	3593.600
1523	3593.700
2403	3595.000
1155	3596.200
315	3596.800
3967	3596.900
167	3597.400
3187	3597.900
2459	3599.300
2523	3599.400
2127	3599.500
1575	3603.200
1383	3607.000
3551	3607.300
1927	3612.900
971	3613.800
363	3614.600
2291	3615.000
67	3615.600
3787	3629.900
1995	3630.300
1559	3630.800
1851	3631.500
391	3631.700
1131	3631.800
1847	3632.700
2439	3632.800
1883	3633.500
2007	3633.700
699	3633.800
2383	3634.600
2179	3634.900
3459	3635.000
59	3645.800
2587	3647.800
787	3648.200
3487	3649.600
2571	3650.000
15	3650.800
1639	3652.200
1711	3652.300
3663	3658.900
4019	3664.200
1427	3664.900
1827	3664.900
2743	3666.000
3511	3666.100
3483	3667.000
1443	3669.900
3715	3674.400
2291	3676.300
167	3681.000
3087	3682.400
647	3684.000
3579	3684.400
263	3684.500
1663	3684.600
107	3684.700
3347	3684.900
2795	3685.000
3119	3686.800
2147	3687.900
2995	3700.400
11	3700.900
4083	3701.300
3759	3701.400
3355	3701.600
2379	3702.900
2459	3703.300
1779	3703.600
1731	3703.800
2383	3704.000
2931	3704.000
3015	3704.100
3615	3704.700
1775	3705.600
3331	3719.400
2255	3719.600
315	3720.400
2907	3722.100
391	3722.300
2427	3722.400
23	3723.000
591	3723.000
1571	3732.200
2563	3735.500
2215	3738.900
3603	3740.200
2743	3740.600
435	3749.500
1235	3751.600
4047	3752.500
2747	3753.700
1687	3755.500
1663	3758.900
3195	3759.400
1711	3760.700
3643	3773.900
2327	3774.300
2799	3775.200
643	3775.300
2595	3775.600
4119	3775.600
3335	3776.000
2079	3776.600
3087	3777.100
2143	3777.400
607	3777.700
531	3777.900
2123	3777.900
807	3778.400
2743	3778.900
2543	3790.400
359	3790.600
3463	3790.600
3223	3792.600
1543	3792.900
3051	3793.300
1455	3793.500
2387	3793.900
195	3794.200
4095	3794.400
3803	3794.800
3191	3810.000
3739	3812.200
1039	3814.000
2431	3814.600
1823	3816.000
3571	3819.400
219	3828.900
215	3829.500
719	3829.700
2755	3830.000
343	3830.200
3279	3830.200
3371	3830.200
1943	3830.500
2559	3831.100
643	3831.200
3695	3831.300
2367	3831.600
1231	3831.900
3535	3831.900
3547	3832.600
2055	3833.000
3447	3833.700
903	3834.000
3623	3834.000
3087	3834.400
3719	3838.300
3243	3851.100
1323	3853.400
3579	3854.100
1519	3855.000
3439	3869.600
1291	3870.000
3375	3870.400
1635	3870.800
95	3873.200
3707	3873.700
2971	3873.900
2647	3874.000
1599	3874.500
687	3874.600
1415	3874.600
2239	3874.900
891	3884.700
2587	3886.300
3371	3886.300
627	3887.100
3559	3887.100
2915	3888.100
1091	3888.600
4119	3888.900
827	3889.200
2939	3903.200
811	3904.600
2439	3904.600
295	3904.700
2743	3904.900
3271	3905.000
903	3905.100
3443	3905.100
967	3905.300
3731	3905.400
2943	3905.600
687	3905.800
915	3905.800
251	3906.000
2827	3906.100
723	3906.200
2055	3906.300
1219	3906.500
1887	3906.500
2071	3906.500
983	3906.600
4083	3906.600
1571	3906.700
1915	3906.700
59	3906.900
759	3906.900
1135	3906.900
2075	3907.000
3751	3907.200
3899	3907.200
1587	3907.400
2535	3907.700
559	3908.200
2731	3908.400
3167	3924.300
1847	3925.300
531	3925.400
2467	3925.900
199	3926.200
823	3926.400
1507	3926.600
3979	3926.600
651	3926.700
1003	3926.700
4023	3926.700
4095	3926.800
1359	3926.900
2443	3927.100
2727	3927.600
3355	3927.900
3743	3928.700
1583	3928.800
1415	3929.700
1323	3945.100
3143	3945.500
135	3946.200
3475	3947.000
279	3949.100
4091	3962.400
875	3964.500
3331	3968.400
2563	3979.700
1215	3980.000
1135	3980.500
2015	3980.500
663	3980.600
803	3980.700
3715	3981.500
1843	3981.700
2135	3981.700
3463	3981.800
447	3982.200
1599	3982.500
2179	3982.500
2699	3982.800
1659	3983.300
1539	3998.700
1883	3999.000
851	3999.300
3799	3999.800
163	4000.100
1891	4000.200
2483	4001.000
1459	4002.100
2467	4004.700
247	4019.000
591	4019.700
735	4020.200
1859	4020.300
2007	4020.900
3747	4020.900
2891	4021.800
551	4022.300
2615	4022.300
223	4022.700
943	4022.800
1559	4022.900
1291	4024.300
2411	4024.900
2139	4036.600
3447	4036.600
3847	4037.600
1767	4037.800
663	4038.000
1203	4038.300
1219	4038.300
343	4038.500
1483	4040.600
1547	4040.900
2731	4041.000
2543	4041.700
2799	4044.800
355	4045.400
3331	4052.900
671	4057.000
3087	4058.400
759	4059.700
1891	4059.800
643	4060.100
1287	4061.800
1343	4062.400
1443	4062.700
3735	4074.700
2787	4074.800
75	4074.900
1615	4075.000
3131	4075.400
2735	4075.800
983	4076.400
2307	4076.600
4059	4076.700
3	4076.800
2795	4076.800
227	4077.500
927	4078.000
2271	4078.000
1359	4078.200
1387	4092.300
1307	4092.700
847	4093.200
707	4093.600
2007	4093.700
2523	4095.400
3655	4095.900
55	4106.700
2467	4106.900
435	4109.700
1371	4111.300
3651	4111.700
3747	4125.900
2259	4126.300
3243	4126.800
2987	4127.400
3567	4127.400
3571	4127.400
651	4127.700
3603	4128.100
1571	4129.100
2727	4129.400
3279	4132.500
2579	4137.100
1867	4142.000
2607	4144.000
463	4144.800
3127	4145.000
3379	4145.200
3219	4145.400
3751	4147.000
2963	4148.600
1055	4148.900
1663	4152.000
1823	4158.500
2147	4160.500
2395	4164.600
3491	4165.400
4007	4165.400
2131	4167.100
999	4168.500
1083	4168.800
3331	4169.200
1135	4170.400
3335	4171.200
755	4171.700
2359	4182.000
1087	4183.900
855	4184.300
2455	4186.200
3095	4189.200
2551	4192.500
1683	4202.400
2823	4203.300
1847	4204.800
2239	4205.100
203	4208.300
2443	4209.100
667	4213.100
2379	4221.200
2019	4221.300
795	4222.100
3503	4222.300
3491	4235.500
783	4236.700
167	4237.000
3331	4237.500
1811	4237.600
2183	4238.600
2763	4239.000
2439	4239.400
1427	4244.200
3339	4251.700
163	4251.900
3999	4252.700
1915	4255.000
1931	4256.800
539	4258.400
2259	4263.200
3767	4269.500
2275	4269.800
3451	4270.500
3119	4271.200
359	4272.500
3427	4273.100
3723	4273.400
4115	4274.300
3395	4276.400
1683	4288.800
3307	4289.300
851	4289.800
1811	4290.000
3475	4290.100
3623	4290.200
2895	4290.300
971	4290.400
3367	4291.700
2831	4303.600
4059	4305.300
3087	4305.500
2035	4305.900
219	4306.400
3947	4306.400
1279	4306.800
895	4307.000
295	4307.100
1111	4307.200
83	4307.400
1343	4307.400
3359	4307.500
3603	4308.000
2731	4308.100
1883	4308.400
3191	4308.500
4119	4309.700
1955	4310.400
651	4311.200
2459	4323.900
2635	4324.000
3103	4324.500
2491	4342.000
455	4342.100
2903	4342.300
687	4342.400
663	4343.400
175	4355.300
3463	4355.800
1571	4355.900
2615	4356.200
83	4356.600
1599	4356.700
391	4357.100
1823	4357.100
1215	4357.500
1235	4357.600
3527	4357.600
2027	4357.800
3747	4357.800
563	4357.900
1359	4357.900
2095	4357.900
3715	4357.900
687	4358.000
759	4358.000
775	4358.000
807	4358.000
1291	4358.100
3279	4358.100
111	4358.200
899	4358.200
3915	4358.200
3651	4358.300
99	4358.400
2683	4358.700
4003	4358.700
2307	4358.800
4095	4360.900
3419	4375.400
2743	4375.800
2987	4378.500
2471	4379.800
3839	4380.500
2179	4380.700
3179	4382.700
943	4383.300
2603	4384.100
3195	4389.100
2295	4399.100
1327	4399.600
2747	4399.800
3747	4399.800
3723	4400.100
1227	4400.200
3431	4400.200
843	4400.900
2411	4401.100
3331	4401.500
3567	4402.100
4119	4402.400
3327	4402.800
59	4403.100
1951	4403.100
395	4403.600
3583	4404.000
611	4404.400
2831	4404.400
3375	4404.600
3347	4408.900
3159	4416.300
1107	4417.800
2543	4419.300
3923	4419.500
3307	4420.200
3279	4420.800
1063	4420.900
1035	4434.700
1051	4435.500
2539	4436.900
2867	4437.100
2931	4438.800
1767	4441.200
591	4441.300
3055	4443.800
191	4446.400
247	4447.600
3191	4447.700
251	4452.800
1431	4456.400
1955	4460.900
3759	4472.800
2327	4473.800
3323	4473.800
1827	4474.000
4107	4474.000
1131	4474.500
3943	4475.200
803	4475.500
1759	4475.500
1735	4475.700
3219	4476.100
2291	4476.300
1659	4476.700
2263	4476.800
391	4489.700
2727	4491.400
2179	4491.700
2703	4491.900
687	4492.000
3615	4492.100
2411	4492.700
3279	4492.800
1335	4493.000
3823	4493.000
4007	4493.000
107	4493.300
1939	4493.400
3755	4494.500
403	4507.300
3651	4508.400
3939	4510.800
3255	4511.500
2411	4511.900
3243	4512.000
1323	4512.500
2523	4514.800
3883	4525.300
2267	4526.000
827	4526.300
2095	4526.300
2487	4526.500
3463	4526.600
263	4526.800
591	4527.000
743	4527.000
1603	4527.000
1735	4527.200
3655	4527.200
1051	4527.300
1219	4527.400
3427	4527.600
167	4527.800
3395	4528.300
315	4530.300
3803	4546.100
1607	4546.800
2183	4547.600
2255	4547.700
247	4548.600
667	4548.600
3051	4549.400
2731	4549.500
1335	4550.000
2075	4550.100
4107	4550.100
2459	4550.600
79	4550.800
1583	4564.600
1627	4566.700
3979	4567.100
1731	4567.900
3167	4567.900
1811	4568.500
3267	4568.700
1603	4569.400
2735	4569.800
4071	4569.800
1375	4570.400
1131	4570.600
1543	4571.700
2095	4572.200
867	4572.300
735	4572.400
307	4572.700
3395	4573.000
4079	4573.800
1183	4588.500
447	4589.300
3763	4602.500
3655	4602.700
2975	4602.900
3179	4603.100
2959	4603.400
699	4603.500
3475	4603.500
727	4603.600
1851	4603.800
2103	4604.200
1359	4604.300
2603	4604.300
1891	4604.400
2999	4604.400
175	4604.500
2523	4604.500
1479	4604.700
3247	4619.300
3055	4620.500
1235	4621.200
3279	4623.000
3223	4627.600
2443	4634.900
2991	4636.200
3695	4636.400
3463	4636.900
351	4637.000
1107	4637.400
1343	4637.400
1835	4637.700
1215	4637.800
2367	4637.800
3083	4638.300
2987	4638.500
1823	4638.700
3331	4638.700
3783	4639.800
1463	4652.100
1283	4652.800
3739	4653.900
983	4654.000
3763	4654.900
927	4655.200
1607	4668.800
1959	4670.400
1367	4670.600
3243	4670.600
1843	4671.500
3307	4671.800
2379	4671.900
2471	4672.200
3639	4672.200
3775	4673.600
4007	4674.300
3751	4686.300
1391	4686.700
2635	4686.700
3695	4686.700
1399	4687.300
1127	4687.600
1303	4687.800
1267	4687.900
1323	4688.400
615	4688.500
2023	4689.400
2931	4690.000
3323	4690.200
1351	4690.300
279	4705.800
1759	4705.800
1183	4706.000
663	4706.500
3347	4706.500
2011	4706.700
1351	4707.200
3915	4708.900
1283	4711.000
3423	4720.200
2735	4721.000
1571	4725.100
3651	4725.500
1155	4725.800
2203	4726.300
1923	4727.300
2143	4729.500
3347	4738.200
3923	4739.500
1139	4742.300
15	4743.000
643	4743.000
2275	4746.600
2579	4751.000
2671	4751.500
1195	4754.600
591	4758.000
3943	4765.300
323	4766.700
591	4770.000
3627	4770.100
1047	4771.500
279	4772.300
1227	4775.600
1843	4778.500
2999	4778.600
2463	4779.300
3723	4783.000
3567	4784.000
1867	4785.300
2459	4786.000
355	4786.100
3335	4787.500
1967	4787.900
103	4788.000
383	4788.000
1735	4788.500
223	4788.600
2035	4788.700
3227	4788.700
559	4789.000
1323	4789.000
163	4789.300
2579	4791.100
3959	4803.800
3747	4804.300
1575	4804.700
2291	4805.100
463	4805.600
2311	4806.100
2927	4806.100
923	4821.200
1263	4823.600
1939	4829.000
3499	4838.500
251	4839.800
3651	4840.000
2575	4840.100
1975	4855.700
4007	4856.200
3879	4857.100
1659	4858.300
3847	4858.500
1563	4859.400
1107	4860.700
2439	4865.300
2351	4869.800
3123	4870.600
3219	4871.500
3475	4871.600
2415	4872.600
1367	4872.700
1359	4886.600
707	4894.800
1939	4896.100
363	4896.900
2015	4897.200
563	4897.500
3795	4897.800
531	4897.900
1583	4901.600
2615	4916.200
2731	4917.600
643	4917.900
7	4918.500
2411	4918.600
2879	4919.000
4047	4919.400
403	4919.800
2587	4921.400
2743	4934.200
131	4937.200
739	4937.300
587	4938.100
3823	4938.600
3379	4939.300
3419	4940.100
95	4940.400
3579	4940.900
219	4942.000
3179	4951.100
3723	4953.300
3791	4953.500
2159	4954.000
3483	4954.100
1399	4954.900
3643	4955.000
3435	4955.400
3799	4956.300
3967	4965.900
4019	4966.300
1219	4967.800
43	4968.800
411	4969.500
1263	4969.700
3463	4969.700
895	4969.800
3343	4969.800
3787	4970.400
1475	4970.900
3459	4971.100
3615	4971.200
1547	4983.300
1583	4983.300
3755	4983.400
2279	4983.700
3555	4983.700
1823	4983.900
2483	4983.900
2467	4984.000
1103	4984.100
1499	4984.300
2683	4984.400
3987	4984.500
1435	4984.600
2043	4985.200
3279	4985.200
1571	4985.300
1731	4985.300
3259	4986.000
2855	4986.200
3223	4986.500
2439	4986.900
207	5002.200
2223	5004.200
1715	5004.400
2075	5005.100
899	5005.200
3571	5014.500
3831	5018.800
3991	5018.900
1443	5020.000
4091	5021.900
4019	5022.000
3019	5026.600
4023	5029.200
351	5030.300
2147	5031.000
971	5033.200
903	5034.200
3747	5035.000
3483	5035.800
3447	5045.900
955	5046.600
643	5047.200
2575	5048.000
1791	5054.500
2411	5060.200
2827	5062.100
1759	5062.600
1103	5063.200
3223	5064.800
723	5068.000
4043	5068.600
1131	5068.900
3355	5068.900
963	5070.400
3743	5082.600
587	5082.800
2615	5084.000
1575	5084.400
67	5084.700
1131	5087.400
3783	5089.200
3723	5095.600
707	5099.300
2547	5100.900
3467	5101.100
2527	5101.600
2439	5103.100
3115	5113.900
1559	5114.000
3571	5114.100
3439	5114.500
1571	5115.200
239	5115.300
539	5115.800
971	5116.400
667	5116.700
1687	5116.800
4079	5116.800
179	5117.000
2331	5117.100
3355	5117.400
3463	5117.800
1119	5119.400
2003	5132.500
2531	5134.100
2471	5134.300
3087	5134.800
1915	5135.300
3379	5137.000
651	5146.800
3775	5147.300
3571	5148.100
955	5149.600
1087	5149.700
2315	5149.900
131	5150.300
319	5150.300
175	5150.400
671	5150.500
4087	5150.600
659	5150.800
3915	5151.100
3031	5151.300
351	5151.400
1827	5151.700
1183	5151.800
2287	5151.900
455	5152.100
1387	5152.200
3715	5152.300
847	5167.600
1787	5167.800
463	5167.900
2851	5169.100
2911	5169.400
391	5171.800
591	5172.200
1975	5172.200
55	5173.600
663	5177.100
1987	5177.800
3331	5178.200
487	5178.800
3127	5179.300
3503	5180.000
2611	5181.100
647	5181.700
1595	5181.900
2367	5182.300
1163	5182.600
1415	5183.200
947	5184.000
3883	5195.100
723	5196.600
2575	5196.700
1607	5198.300
627	5199.100
819	5199.600
2019	5199.600
3843	5201.900
2755	5204.000
3587	5206.400
2439	5213.700
1091	5219.900
591	5220.100
2463	5220.900
1859	5221.300
2499	5221.500
2315	5221.800
1883	5221.900
719	5222.300
3427	5222.300
3691	5234.000
3747	5235.400
2999	5236.500
2931	5236.700
1875	5237.000
3115	5237.000
3695	5237.000
1599	5237.600
2471	5237.700
855	5238.100
663	5239.400
2215	5253.100
3823	5255.800
1479	5257.400
2767	5258.300
1575	5259.000
1571	5259.200
1523	5260.700
1003	5272.500
3803	5273.000
755	5274.400
295	5274.500
1647	5275.000
2563	5277.100
3467	5279.300
999	5279.500
4051	5280.200
703	5280.400
1787	5289.500
2623	5292.000
1027	5292.200
2727	5293.800
471	5294.900
1707	5295.500
1663	5306.900
899	5307.500
2611	5307.600
859	5308.100
1295	5308.700
3475	5309.100
623	5309.200
723	5310.100
3279	5310.200
2719	5310.300
443	5325.200
4119	5325.500
323	5326.300
2307	5327.300
3167	5328.100
1883	5338.900
423	5341.400
3219	5341.600
3347	5341.700
2187	5341.800
531	5342.000
1915	5342.000
3391	5342.000
1699	5342.300
2879	5342.500
2503	5343.300
3175	5343.500
103	5343.900
3583	5344.700
739	5357.700
2007	5357.800
2755	5358.700
223	5358.800
943	5360.200
2063	5361.600
3579	5377.400
2379	5377.800
3515	5377.900
4119	5378.100
1803	5378.300
4071	5379.000
1699	5379.200
2743	5379.200
3331	5379.300
1171	5379.400
3535	5380.100
4079	5380.100
843	5380.400
4091	5382.400
83	5382.800
1863	5393.800
1091	5394.000
2579	5394.000
1183	5394.300
1599	5394.300
3355	5394.500
911	5394.700
3055	5395.400
515	5408.900
591	5409.800
1887	5409.900
531	5410.100
2503	5410.700
559	5411.100
2467	5411.200
891	5411.900
1239	5413.100
2727	5421.400
1339	5422.000
3651	5422.200
295	5422.900
1359	5423.500
239	5424.000
1663	5424.100
2643	5424.100
4119	5424.700
3003	5424.800
2743	5424.900
1011	5425.100
1967	5425.200
2731	5436.100
2255	5436.600
3707	5436.600
2579	5437.000
2943	5455.800
2639	5456.300
1915	5462.800
4107	5467.200
4095	5470.200
3495	5470.300
3783	5472.300
3483	5474.100
2551	5474.400
1923	5475.400
3651	5476.900
2931	5479.200
4067	5480.200
2907	5480.300
2215	5480.400
3239	5480.900
559	5481.300
531	5482.300
223	5492.600
831	5494.200
3055	5495.600
3475	5508.600
3759	5508.800
1251	5509.500
79	5510.200
107	5510.700
1735	5510.700
2327	5511.800
1271	5512.200
2895	5512.500
591	5513.000
3651	5525.200
1003	5525.700
1343	5526.500
1599	5532.000
3239	5534.100
1103	5535.900
3695	5536.400
1203	5537.000
971	5537.300
1139	5537.400
2291	5537.900
239	5538.300
1095	5538.500
559	5538.700
4119	5538.700
1503	5540.900
3347	5541.900
3799	5542.800
1691	5549.900
1967	5556.100
3463	5556.200
3587	5558.300
2643	5559.400
1287	5561.100
1811	5561.800
1883	5561.900
4039	5562.000
3511	5562.900
2967	5563.100
3223	5563.200
1859	5564.900
1851	5567.300
2787	5573.300
2015	5575.000
1219	5575.500
495	5575.600
3955	5575.600
1327	5577.000
3243	5577.100
2143	5577.400
687	5578.200
2915	5581.300
2095	5590.000
655	5590.800
3143	5590.900
1343	5591.600
1503	5592.000
3447	5592.000
779	5592.100
3099	5606.300
2755	5606.400
591	5606.600
4083	5606.700
1475	5607.100
3835	5607.100
2699	5607.400
4051	5607.500
1883	5607.800
279	5607.900
1275	5607.900
1415	5608.000
207	5608.200
1003	5608.300
2623	5608.400
371	5608.800
2579	5609.000
355	5609.300
2315	5609.300
3999	5609.500
475	5609.600
2515	5609.600
2239	5609.700
2615	5609.900
1543	5610.200
3747	5610.400
3867	5625.800
3263	5626.400
1771	5626.800
2527	5626.800
2831	5627.200
2931	5628.100
1335	5628.200
2859	5630.900
823	5643.900
2743	5644.800
2103	5645.200
2875	5645.200
3307	5645.200
1811	5645.300
971	5645.400
1571	5645.500
2943	5645.600
3403	5645.600
1567	5645.700
2083	5645.700
2255	5645.700
2491	5645.900
455	5646.000
3727	5646.100
1327	5646.200
3295	5646.200
1683	5646.300
1831	5646.300
3799	5646.300
3603	5646.500
2395	5646.600
3243	5646.900
1843	5665.000
807	5676.600
403	5677.000
471	5679.900
2023	5680.000
2295	5680.600
3235	5698.100
1687	5699.200
587	5699.900
223	5702.900
1559	5703.300
699	5705.600
1843	5711.900
1183	5712.400
463	5713.300
2659	5714.700
2111	5714.800
591	5715.000
4019	5715.100
3579	5715.300
1027	5715.400
3007	5715.700
207	5715.900
1883	5715.900
2179	5716.500
3123	5716.600
3967	5716.800
1975	5717.600
1915	5717.900
19	5732.000
4007	5732.000
3571	5732.100
727	5732.700
2367	5732.700
1727	5733.100
2207	5733.100
2563	5733.200
1167	5733.300
3999	5733.600
2147	5733.700
2487	5733.700
2195	5733.900
1735	5734.000
2503	5734.000
419	5734.200
2331	5734.400
3143	5734.400
3555	5751.300
2931	5751.800
3695	5752.000
2519	5752.200
3751	5752.400
1883	5752.600
2095	5754.100
1499	5754.600
1767	5754.700
131	5754.800
2015	5754.800
1107	5755.300
79	5755.800
2763	5757.200
2439	5770.300
1599	5773.000
3851	5775.600
3887	5777.900
2867	5778.700
3335	5780.000
3971	5780.000
2391	5780.100
2375	5780.200
223	5780.400
563	5780.900
219	5781.000
2583	5781.000
2731	5781.400
3847	5781.500
1547	5781.600
4007	5781.700
3347	5782.100
1251	5782.500
3343	5782.900
3651	5784.000
1807	5795.500
699	5796.100
575	5799.700
3871	5805.700
2351	5806.200
947	5806.600
2931	5806.800
1387	5807.300
135	5807.500
1207	5807.500
239	5808.100
2607	5823.100
1687	5825.500
283	5830.100
3535	5830.700
259	5831.800
1487	5833.200
3443	5833.400
3979	5834.000
151	5836.300
3179	5841.200
2459	5844.100
1027	5844.500
3055	5844.700
1595	5844.800
3139	5845.300
1755	5845.700
1467	5846.400
1463	5847.600
655	5849.200
1787	5860.100
2755	5860.300
591	5860.700
2483	5861.400
2727	5861.900
1103	5862.200
2903	5863.100
3943	5863.200
4119	5863.300
4115	5863.700
2915	5865.200
1219	5872.600
3463	5876.300
3751	5876.600
1883	5878.000
3055	5878.000
3971	5878.200
967	5878.800
3471	5878.800
1183	5879.200
763	5879.400
135	5879.900
3651	5880.200
3747	5880.800
947	5883.400
447	5892.900
2767	5893.300
983	5893.600
3231	5894.500
3723	5894.900
2351	5895.200
1011	5895.500
2843	5895.500
1063	5895.700
2739	5895.900
247	5896.000
4091	5896.900
3763	5905.600
3831	5908.900
1819	5909.300
3055	5909.500
579	5910.300
2715	5910.300
2395	5910.400
2867	5910.400
2011	5910.700
1847	5910.800
3279	5910.900
1231	5911.400
1679	5925.700
2055	5925.800
1027	5926.200
2251	5926.200
695	5926.400
2831	5926.500
2659	5926.800
2743	5926.900
2139	5927.100
3463	5927.500
2295	5928.500
3483	5928.600
351	5928.700
1303	5929.300
2907	5929.600
343	5929.700
671	5941.600
2043	5944.600
1735	5946.800
3483	5947.700
1939	5948.600
2511	5949.000
71	5951.200
2459	5951.300
1927	5951.400
1559	5958.300
2503	5960.500
235	5960.800
3651	5961.500
1571	5962.500
1167	5965.700
1283	5965.900
1599	5968.900
2603	5971.100
1883	5974.000
75	5981.200
4007	5981.500
2103	5982.900
3819	5983.000
1415	5983.500
495	5984.100
2119	5985.000
1019	5986.500
1735	5987.800
1595	5995.200
3391	5999.500
3743	5999.600
2719	5999.700
2743	5999.800
1559	6000.000
3651	6000.000
2111	6000.100
2095	6000.400
47	6000.700
711	6000.700
2459	6000.700
4011	6001.700
539	6004.300
3643	6015.100
1919	6015.400
183	6015.500
3255	6015.700
3855	6016.300
2563	6016.500
1883	6016.700
2439	6016.700
3439	6017.400
71	6017.500
2359	6017.500
3723	6021.300
299	6033.600
4095	6035.100
3107	6037.000
1587	6042.200
783	6047.000
1571	6047.600
3467	6055.000
1095	6056.000
2415	6056.500
2731	6057.100
1059	6057.600
3491	6057.700
1067	6058.200
2747	6058.700
3651	6058.700
2031	6060.000
2315	6060.200
683	6060.600
3711	6061.200
591	6073.600
3391	6074.000
1043	6075.400
643	6075.500
2615	6076.600
2603	6089.500
1999	6091.400
627	6093.400
1407	6093.500
1531	6093.800
3535	6093.800
3475	6093.900
1835	6096.200
2395	6098.400
1327	6099.600
1003	6119.600
2467	6120.200
2911	6120.800
2283	6121.100
2827	6134.800
2507	6135.500
4035	6135.600
239	6136.500
1555	6136.900
1883	6137.400
2351	6138.200
3199	6138.600
2179	6140.000
2011	6140.100
651	6140.500
2915	6140.500
3467	6142.300
3547	6142.500
3223	6143.700
3331	6146.700
3747	6152.600
2187	6152.700
463	6154.500
591	6154.700
1487	6154.700
1559	6155.100
2735	6155.100
1859	6155.600
175	6155.800
1759	6155.800
2727	6156.900
2183	6159.100
3511	6171.300
3731	6171.400
4079	6171.600
427	6171.700
1555	6172.100
295	6172.600
1975	6172.700
2307	6173.000
3987	6173.000
2895	6174.600
483	6175.000
1031	6187.200
3347	6188.500
4039	6190.100
1063	6192.000
1455	6193.100
1923	6196.400
2439	6199.700
3167	6201.200
1755	6201.400
1415	6202.000
259	6202.200
1595	6205.300
1883	6206.700
3107	6207.500
2643	6215.100
3991	6215.900
2327	6218.400
963	6218.700
135	6219.100
3587	6220.100
3243	6220.400
2615	6220.700
2799	6220.800
603	6221.100
3747	6221.100
3483	6221.800
1687	6222.400
1963	6223.100
643	6223.200
1967	6223.300
3571	6224.000
2823	6236.500
2215	6238.100
3315	6238.400
227	6238.700
1547	6238.800
111	6238.900
947	6239.400
2551	6239.500
3615	6241.600
1571	6255.000
1343	6259.100
1575	6266.600
7	6267.100
2527	6267.400
1727	6268.800
651	6268.900
547	6269.000
43	6269.700
3219	6269.700
2647	6269.800
191	6270.100
2259	6270.300
4007	6271.600
763	6271.700
1147	6282.900
2947	6284.200
1343	6285.300
3443	6286.200
1891	6286.400
2943	6286.500
2747	6286.800
3839	6289.000
2735	6289.400
3139	6289.500
2467	6298.800
2007	6299.200
3087	6300.800
463	6300.900
4023	6301.000
3243	6301.100
1463	6302.600
1559	6303.000
2215	6304.900
3335	6305.700
3439	6307.100
1619	6307.200
2079	6317.800
2067	6318.600
1739	6322.600
4059	6324.600
2723	6327.200
467	6327.700
1203	6327.800
643	6327.900
43	6335.900
3527	6339.700
75	6339.800
3823	6340.300
1291	6340.700
1287	6341.800
2743	6342.500
2503	6344.400
2927	6346.000
867	6346.100
295	6355.300
1391	6355.800
3459	6355.800
2467	6356.500
663	6356.800
1883	6357.000
671	6357.100
3379	6357.400
435	6357.800
2027	6358.100
3259	6371.400
1823	6371.800
343	6372.100
3783	6373.200
223	6373.600
4103	6373.900
219	6374.800
415	6374.800
2295	6375.400
2187	6376.300
203	6376.900
3095	6389.700
531	6390.900
2543	6391.000
2147	6393.800
1883	6394.800
287	6395.600
75	6397.000
1431	6397.000
687	6397.600
1619	6398.000
2191	6404.000
351	6408.800
283	6411.700
11	6413.700
107	6414.600
1599	6414.800
3223	6415.100
3443	6415.100
991	6415.200
1215	6415.800
1343	6415.900
2799	6415.900
243	6416.200
3643	6416.600
3439	6416.700
3783	6416.800
683	6418.300
2015	6433.300
1351	6434.200
3475	6434.800
347	6437.400
1499	6439.100
3567	6440.100
4023	6441.500
3403	6441.800
1583	6446.400
1263	6447.100
1099	6448.300
3331	6455.800
1179	6456.800
223	6457.100
587	6457.700
75	6457.900
79	6458.200
3199	6458.700
2095	6458.900
3923	6458.900
55	6459.400
3523	6459.400
3979	6459.600
579	6459.700
2375	6460.200
119	6460.500
1391	6460.900
651	6475.800
3587	6476.900
1131	6477.200
1875	6477.300
223	6479.400
2611	6480.000
675	6489.700
3579	6492.100
4003	6492.900
3747	6493.200
3715	6494.100
1475	6509.000
4119	6509.300
3783	6509.600
3219	6510.200
2015	6510.700
2091	6510.800
1279	6511.000
447	6511.500
1243	6511.500
783	6511.900
2295	6511.900
4115	6511.900
2351	6512.300
651	6512.500
2799	6515.400
2535	6515.600
1827	6515.800
3535	6522.200
699	6531.000
1811	6533.000
3375	6534.200
1675	6534.700
1031	6535.700
2503	6540.400
3031	6548.100
1883	6549.000
1323	6549.200
4115	6549.300
2743	6550.000
2995	6550.500
1171	6550.700
3123	6551.600
3463	6553.100
163	6553.300
2795	6553.300
487	6564.000
615	6566.600
2367	6567.600
643	6567.800
4019	6568.000
3535	6568.200
219	6568.500
1555	6568.800
2599	6568.900
2267	6569.000
3167	6569.200
1171	6569.800
2947	6570.100
323	6570.900
1883	6571.100
1731	6571.200
3243	6571.200
3943	6571.200
2719	6572.200
3331	6573.600
3087	6588.400
611	6605.300
131	6605.400
2147	6605.400
1387	6605.700
2315	6605.900
403	6606.300
1263	6606.300
3883	6606.300
823	6606.400
1955	6606.400
2459	6606.600
899	6606.700
3951	6606.900
1571	6607.200
3267	6607.600
83	6607.700
2263	6607.700
1107	6608.100
3467	6608.100
2095	6608.200
1283	6608.300
1811	6608.300
2055	6608.500
3723	6608.500
3707	6608.700
939	6609.000
2843	6610.100
1671	6610.700
359	6623.100
555	6626.100
1687	6641.800
231	6641.900
1003	6642.000
811	6642.600
267	6642.800
767	6642.800
847	6642.900
2911	6642.900
3487	6642.900
3659	6643.200
651	6643.300
2139	6643.400
1519	6643.500
2147	6643.500
587	6643.600
2215	6643.600
2627	6643.600
3571	6643.600
491	6643.700
599	6643.800
1323	6643.800
707	6643.900
2179	6643.900
3015	6643.900
3535	6643.900
4075	6645.000
2079	6671.700
3463	6671.800
1203	6672.500
2239	6673.500
71	6673.600
1859	6673.600
1595	6673.800
2007	6673.900
2043	6673.900
1847	6674.100
2155	6675.300
3831	6678.600
4019	6687.200
4023	6687.700
1167	6688.400
2715	6688.800
1491	6690.000
2211	6690.000
3459	6690.400
175	6691.400
3483	6702.700
355	6705.000
4039	6706.000
403	6706.300
435	6706.800
2295	6707.000
3783	6707.000
2735	6707.200
2603	6707.400
3715	6707.400
1307	6707.800
4115	6709.400
1359	6720.400
563	6721.100
1883	6721.900
4095	6724.300
3947	6724.400
667	6724.800
719	6726.100
2023	6726.100
3355	6726.400
7	6730.500
655	6734.800
2179	6735.300
687	6736.000
115	6739.000
2739	6746.400
2503	6746.600
111	6746.800
2727	6749.100
43	6749.400
867	6750.100
2579	6750.700
1007	6751.600
3099	6751.600
2459	6753.000
2635	6755.000
2411	6762.300
2587	6762.500
2079	6762.800
403	6762.900
419	6764.200
3343	6764.400
2467	6764.500
2015	6764.700
1475	6764.800
3759	6765.100
191	6765.600
3839	6766.500
4119	6768.800
1243	6771.500
2875	6778.300
223	6778.900
2095	6780.400
1599	6787.000
391	6787.500
1167	6793.300
2179	6795.500
3799	6795.800
251	6797.100
1859	6797.400
2743	6808.500
3883	6809.100
2439	6809.300
851	6809.400
3103	6810.000
267	6810.400
2411	6810.800
3367	6810.900
1387	6811.000
1687	6811.300
2483	6812.400
987	6812.600
3079	6813.200
75	6813.300
15	6827.400
3999	6827.800
3375	6828.200
4039	6829.700
899	6833.100
2343	6841.400
1195	6844.000
971	6844.500
1903	6845.400
3243	6845.400
531	6846.100
147	6846.900
619	6848.400
2587	6848.400
2799	6848.400
3199	6848.900
2327	6859.700
3987	6862.800
2595	6863.900
2603	6863.900
3943	6875.300
3651	6880.000
2439	6880.100
331	6880.200
2699	6880.200
1167	6880.600
903	6880.800
2011	6882.100
2395	6897.300
1143	6910.800
3943	6911.400
1171	6913.900
2087	6913.900
2659	6914.200
103	6914.300
623	6914.800
3483	6915.000
1927	6915.700
1847	6916.800
1475	6926.700
1923	6927.300
1751	6927.800
971	6927.900
1599	6929.300
571	6929.400
1843	6930.300
2587	6930.900
3923	6931.600
223	6931.700
1219	6932.100
4039	6942.100
319	6947.500
3379	6950.600
2879	6952.500
3683	6952.800
1103	6955.500
1903	6960.900
2671	6963.200
379	6963.900
2491	6972.500
2959	6975.500
3123	6976.000
1359	6976.300
699	6976.800
2079	6977.200
3583	6978.600
1627	6978.800
3031	6979.000
579	6979.600
3347	6980.200
2467	6989.000
283	6991.800
375	6992.600
3523	6992.700
3843	6992.700
2299	6993.000
4079	6993.100
1811	6993.200
3723	6993.300
3863	6993.400
95	6993.500
2415	6993.700
2747	6993.900
2471	6994.100
4019	6994.300
1367	6995.300
3275	7007.600
3247	7007.700
107	7008.500
3871	7009.200
815	7009.600
3131	7010.500
223	7011.700
1571	7023.600
1951	7023.900
2459	7024.500
3083	7024.600
907	7025.400
631	7025.600
735	7025.700
2079	7025.800
163	7026.100
3367	7026.300
247	7040.600
1851	7042.500
747	7045.300
935	7048.100
2055	7050.500
23	7056.000
1855	7057.000
1067	7057.200
3475	7059.200
1919	7060.300
1739	7062.000
1555	7062.800
75	7075.200
1999	7075.200
3059	7075.500
3307	7075.500
379	7075.700
2007	7076.000
343	7076.300
1475	7076.600
151	7076.700
2411	7076.700
1103	7077.300
4007	7078.100
2223	7078.500
1571	7079.900
1003	7090.900
607	7092.300
651	7092.500
239	7092.600
2247	7092.700
4115	7093.200
2147	7093.400
2907	7093.400
1391	7094.700
915	7096.000
1599	7108.500
3995	7108.600
1775	7109.400
2043	7109.400
2295	7109.500
3055	7109.600
2187	7110.100
43	7110.400
3279	7110.400
163	7111.100
663	7111.100
3747	7112.600
4095	7123.400
3435	7123.700
3803	7125.700
3175	7127.600
2527	7132.200
3463	7133.900
223	7139.100
3571	7147.900
3651	7148.400
1479	7149.000
531	7149.300
3679	7149.600
3751	7149.600
1167	7150.100
3711	7150.200
2415	7150.500
1823	7151.500
2947	7151.500
2283	7151.900
1139	7152.900
1547	7153.200
3451	7166.500
4119	7166.500
3291	7167.000
615	7167.400
1359	7167.400
3363	7167.400
2055	7168.100
1795	7168.200
3519	7168.200
3459	7168.400
795	7168.500
1343	7181.300
2351	7185.200
3735	7185.200
3139	7185.500
575	7186.200
3643	7186.400
2747	7186.700
2699	7186.800
2983	7199.100
1235	7199.400
3999	7200.200
2975	7200.400
2587	7202.000
3147	7202.000
2851	7202.400
3107	7202.800
107	7202.900
2471	7203.800
4103	7204.600
495	7205.800
983	7207.000
3199	7207.100
531	7217.200
1847	7220.200
3259	7221.300
1323	7221.600
2243	7221.900
2339	7222.200
1167	7222.500
3463	7222.700
151	7223.000
2459	7223.100
343	7223.300
1243	7223.300
3823	7223.700
1207	7224.100
3291	7224.600
4023	7224.600
539	7224.900
55	7225.000
519	7236.100
2183	7238.100
2875	7240.500
71	7248.000
3715	7252.800
707	7261.400
1763	7261.400
2295	7263.900
3475	7264.400
1919	7264.800
1883	7267.300
1935	7268.200
3055	7270.500
239	7271.400
2155	7271.500
1683	7276.800
2851	7285.000
1067	7285.900
2527	7286.000
487	7286.200
2275	7286.300
3871	7286.500
4007	7286.500
3099	7286.800
3723	7286.800
1619	7287.100
2915	7287.300
3795	7287.300
1823	7287.500
1391	7287.700
1683	7287.900
1595	7288.100
231	7288.700
1811	7303.000
1327	7303.300
3991	7304.000
2599	7304.100
267	7304.200
2799	7304.200
3747	7304.300
175	7304.400
687	7304.500
1739	7304.900
3651	7305.000
4055	7306.700
767	7307.500
1155	7321.000
2259	7321.000
1767	7321.200
4059	7321.500
1559	7321.600
3435	7321.600
1367	7322.500
195	7322.700
695	7323.900
2503	7324.000
3375	7324.700
4119	7327.300
239	7330.900
3463	7333.200
2995	7335.200
2103	7339.400
2615	7340.300
343	7340.500
755	7343.800
3355	7349.100
739	7349.400
3483	7350.900
2919	7353.000
3243	7353.200
1143	7354.100
4119	7357.000
2843	7359.700
1063	7360.500
2315	7362.900
1559	7364.200
3943	7368.000
591	7368.100
615	7368.500
1391	7368.800
843	7369.400
3947	7369.400
4119	7382.500
495	7382.600
4107	7382.700
3087	7383.000
1171	7383.700
1571	7385.000
267	7387.500
651	7388.400
3855	7389.300
3107	7389.500
319	7400.300
223	7400.800
1727	7401.200
2735	7401.200
2867	7402.400
3511	7402.900
2527	7403.100
27	7403.800
2799	7406.600
3747	7407.000
3331	7407.200
2299	7415.000
1823	7417.000
987	7417.600
1203	7428.300
1731	7431.000
3467	7440.900
555	7441.000
379	7441.600
3743	7441.800
3003	7442.100
2927	7442.800
503	7449.300
2111	7455.400
391	7456.300
287	7457.300
1543	7460.800
2439	7467.300
4099	7471.300
2819	7471.800
3043	7471.800
2599	7472.100
1575	7473.800
3023	7474.600
1883	7475.100
3579	7476.400
1095	7477.800
3123	7480.800
295	7487.100
1583	7491.000
671	7491.400
1491	7492.200
2739	7504.400
3979	7505.300
1327	7505.400
1939	7505.900
747	7506.300
4027	7506.400
1195	7506.900
1499	7507.100
1987	7507.100
2999	7507.100
447	7507.200
15	7507.600
2507	7507.600
1979	7507.700
2763	7507.700
2947	7507.700
3443	7508.100
319	7508.300
3391	7508.400
3839	7508.500
831	7526.800
3399	7527.300
463	7527.400
315	7528.100
2475	7528.700
3375	7529.100
1459	7529.200
2379	7533.300
3191	7541.200
1811	7542.700
15	7545.000
4003	7545.600
3511	7546.300
2891	7547.200
1331	7550.800
1131	7552.800
3103	7561.200
1543	7561.300
79	7562.200
4051	7562.500
2459	7562.600
2703	7563.000
2471	7563.200
2631	7563.200
131	7564.300
2455	7564.600
1995	7564.700
775	7565.500
4007	7565.700
1203	7565.800
3487	7568.400
3743	7569.300
575	7571.300
927	7576.600
1379	7577.400
1295	7578.000
591	7578.300
3459	7578.800
75	7579.100
651	7579.400
3987	7579.400
379	7579.900
3007	7580.600
3087	7591.900
1847	7592.200
2643	7597.400
1775	7597.800
847	7598.700
3747	7598.900
219	7600.800
3511	7601.500
1975	7601.800
3927	7603.000
935	7603.300
3307	7615.300
2007	7616.300
2615	7618.000
3427	7623.200
1975	7627.000
2551	7628.400
2467	7630.200
79	7631.000
3087	7642.700
775	7643.600
2327	7643.600
3279	7644.100
599	7644.200
1227	7644.200
1359	7644.800
1915	7644.800
2911	7644.800
2267	7645.000
2523	7645.700
4107	7646.500
1883	7648.300
2927	7660.100
1507	7660.700
2043	7660.900
2823	7661.000
2931	7661.000
79	7661.200
3243	7661.400
687	7661.500
147	7661.700
1327	7661.700
971	7661.800
643	7662.500
3331	7662.600
3803	7665.200
391	7677.200
2075	7678.800
3511	7678.900
1111	7679.000
1167	7679.000
119	7679.100
2459	7680.200
1323	7681.400
2463	7696.000
3355	7696.200
247	7697.200
2015	7697.600
2743	7697.600
3175	7698.100
2615	7698.400
1663	7698.900
3279	7699.300
3751	7700.200
1491	7701.200
2007	7701.200
3235	7701.300
3651	7702.200
2563	7702.700
2111	7717.400
3591	7717.800
67	7718.500
175	7718.600
3243	7718.700
1855	7718.800
1487	7719.000
1343	7720.000
1315	7720.100
2323	7720.200
2627	7720.300
3403	7720.400
335	7720.700
3579	7720.900
1219	7739.800
1499	7743.000
1131	7743.900
1747	7745.800
551	7747.400
223	7747.800
1447	7747.800
1815	7748.300
2599	7749.100
3747	7749.300
3239	7750.500
2911	7751.000
1939	7751.300
1195	7755.500
587	7756.300
1263	7760.300
1571	7762.000
2319	7762.200
2343	7762.200
1475	7762.300
2747	7763.100
3079	7764.400
4055	7766.900
1243	7767.200
1135	7771.900
2315	7775.300
3979	7781.100
2007	7790.500
1823	7791.800
1759	7793.400
3423	7795.700
2483	7796.000
3239	7798.900
2591	7802.300
2675	7804.200
699	7811.400
3871	7811.600
2215	7811.800
1359	7812.800
1575	7814.100
2467	7824.800
11	7825.000
2463	7825.700
3483	7825.700
3747	7825.800
3831	7825.800
2799	7826.000
3787	7826.000
1379	7826.400
2983	7826.500
3087	7826.500
379	7826.600
1195	7826.700
2147	7826.700
1859	7827.100
1243	7827.200
2471	7827.200
1595	7827.700
223	7827.800
2047	7844.200
559	7844.800
3367	7844.900
319	7845.000
1027	7845.300
1887	7845.700
1111	7845.900
3335	7845.900
3723	7846.100
1403	7846.700
2995	7846.700
3391	7846.800
1811	7847.000
1035	7847.200
2143	7847.200
3643	7847.200
1587	7847.300
2931	7847.800
1379	7849.000
1419	7858.300
2091	7858.500
603	7859.200
3747	7866.200
4047	7868.900
1023	7869.800
3831	7870.100
307	7871.000
3391	7872.800
2739	7873.000
1263	7873.200
2727	7873.300
3935	7874.800
151	7875.200
655	7875.200
1131	7875.500
2007	7875.500
1731	7876.100
3939	7894.500
4059	7895.100
227	7895.400
647	7895.600
2743	7895.800
2471	7896.300
2559	7896.300
1375	7898.100
2459	7899.700
1727	7909.300
3087	7911.600
1567	7913.000
391	7914.000
1823	7915.000
223	7915.600
2963	7916.000
3803	7916.100
663	7918.800
1851	7929.400
3583	7929.400
643	7929.500
2727	7929.800
3867	7930.400
63	7930.700
2439	7930.800
1359	7931.000
4015	7931.200
4039	7931.500
4043	7931.500
3723	7931.600
4019	7931.600
3139	7931.800
2475	7931.900
295	7932.000
903	7932.100
2367	7932.100
867	7932.400
2591	7932.400
1219	7932.600
2075	7932.800
2615	7932.900
3987	7932.900
1063	7933.100
2859	7933.400
1379	7946.100
3675	7948.400
1343	7950.800
3923	7951.100
1687	7952.300
1635	7959.100
2743	7974.900
915	7975.900
1883	7977.100
2015	7977.900
579	7978.200
4099	7978.300
671	7978.500
1559	7978.600
3799	7978.800
2143	7978.900
2539	7979.100
379	7979.200
2031	7979.300
3563	7979.400
1107	7979.600
3367	7980.000
847	7980.200
2295	7980.500
363	7980.800
3999	7995.600
3535	7996.500
2531	7996.700
2727	7997.500
587	7997.700
2587	8000.300
3055	8010.700
927	8011.700
2623	8011.800
2347	8012.100
855	8012.300
1359	8012.400
2183	8013.600
1027	8013.900
4019	8014.000
3039	8014.100
3747	8014.900
1059	8015.000
563	8015.100
2587	8015.700
4091	8028.100
2299	8030.200
755	8030.900
3867	8031.700
2603	8032.100
3243	8032.100
471	8033.000
2623	8037.700
2155	8046.500
7	8048.200
319	8048.700
1931	8049.500
3639	8049.700
4043	8049.900
2463	8050.300
475	8063.200
3751	8063.300
623	8063.700
899	8063.700
1343	8063.700
2799	8063.800
1523	8064.000
2467	8064.000
1823	8064.300
2291	8064.700
3823	8064.700
3967	8064.800
2563	8065.100
2851	8065.300
1519	8065.600
3175	8065.600
1415	8066.000
3635	8066.300
1431	8066.500
2727	8066.600
1167	8066.900
2523	8068.300
3943	8083.700
663	8097.700
3307	8098.200
2259	8098.800
3467	8102.400
111	8103.400
2327	8103.800
3983	8105.900
591	8106.000
2727	8106.000
671	8107.600
2915	8108.800
3331	8110.200
2175	8111.800
3279	8113.400
983	8115.600
699	8121.500
1343	8123.200
1931	8123.600
1571	8124.000
1367	8124.400
3603	8124.800
3343	8125.200
1855	8125.400
1387	8125.500
3791	8125.500
1207	8125.600
2599	8125.900
463	8126.500
2931	8128.300
1727	8138.700
3347	8139.100
3391	8139.200
1847	8140.100
2079	8143.500
4051	8156.000
971	8156.800
1819	8157.600
2471	8157.600
927	8158.600
111	8159.300
1683	8159.600
4015	8160.000
307	8160.100
1523	8160.300
1739	8164.400
3623	8165.900
3279	8172.200
4007	8176.600
2799	8177.700
1435	8177.900
755	8178.600
1883	8179.200
2927	8179.300
351	8179.700
1603	8196.200
2139	8196.600
2299	8196.800
4119	8196.900
1667	8197.000
783	8197.200
3707	8197.500
1047	8198.500
1307	8198.800
2607	8208.400
3735	8209.900
1227	8210.000
2063	8210.800
671	8211.300
2483	8211.300
2891	8211.300
1083	8211.500
1659	8211.900
1131	8212.200
451	8212.300
3847	8212.500
1143	8212.800
1687	8212.800
2403	8212.800
1875	8213.000
3623	8213.300
823	8213.800
1767	8214.000
2527	8229.900
2619	8231.200
51	8231.400
871	8232.000
3631	8232.000
1663	8232.200
3307	8232.300
2763	8232.900
3107	8233.100
447	8233.300
1975	8234.000
455	8234.700
2927	8246.000
239	8247.100
895	8247.600
2575	8248.100
3463	8248.400
2807	8249.200
1183	8249.700
495	8249.900
3087	8262.200
1207	8264.300
4119	8265.800
2603	8266.100
631	8266.200
2947	8266.900
111	8267.500
1635	8269.000
1847	8269.200
2539	8269.200
2259	8269.900
3239	8271.500
1559	8272.300
3635	8282.100
3567	8282.800
3651	8283.300
1727	8283.400
3967	8283.400
2295	8283.500
831	8284.800
1767	8285.000
3535	8285.600
2799	8286.200
2095	8296.000
1327	8298.700
647	8302.300
2851	8306.700
1235	8317.300
3379	8318.800
175	8325.600
1119	8325.600
3915	8325.700
1855	8327.400
855	8327.800
1839	8328.300
2823	8328.700
2459	8330.100
851	8330.700
2055	8339.700
2611	8344.500
2315	8345.800
3463	8346.900
2503	8347.400
4119	8347.500
1107	8347.800
1391	8348.400
1883	8348.700
2479	8349.000
1571	8359.700
587	8360.100
1599	8360.300
2955	8362.000
2571	8362.600
3995	8362.700
2439	8363.100
363	8363.400
2563	8363.400
1139	8364.400
3867	8370.000
1823	8371.400
2579	8374.900
3747	8375.700
391	8377.300
1227	8377.700
1131	8383.300
2467	8383.400
2111	8386.000
2299	8387.000
1843	8387.200
4115	8391.200
2859	8394.600
2175	8396.600
2743	8396.900
843	8404.100
1323	8404.700
2739	8405.700
3375	8406.000
3943	8406.300
51	8410.100
1083	8411.200
2479	8428.300
1211	8429.700
4023	8430.000
2483	8430.100
3523	8430.100
4003	8431.300
2743	8432.300
3463	8432.700
4039	8433.100
3603	8446.100
3707	8446.200
3075	8446.400
3243	8446.500
3883	8446.500
3219	8446.600
2471	8446.800
4103	8446.900
2299	8447.000
59	8447.100
459	8447.100
2587	8447.100
2139	8447.200
4119	8447.200
767	8447.300
1063	8447.400
2743	8447.400
1595	8447.500
1727	8447.500
1863	8447.600
2143	8447.600
3259	8447.600
3371	8447.600
647	8447.700
2171	8447.700
2763	8447.700
2851	8447.700
1875	8448.000
1559	8448.100
3043	8448.100
343	8448.400
3207	8448.600
1663	8448.800
1183	8449.000
3735	8449.600
1823	8468.600
3379	8469.000
335	8469.200
295	8469.800
95	8469.900
1635	8470.500
1867	8470.700
2439	8480.000
3055	8483.000
2735	8484.600
3747	8484.800
2419	8485.400
2367	8487.400
319	8488.400
99	8488.500
3051	8489.300
2171	8489.500
3327	8489.500
2999	8503.900
1663	8504.500
403	8505.500
4079	8505.600
2559	8505.700
643	8506.500
4003	8506.600
3439	8506.900
3899	8507.400
2351	8507.600
1867	8508.200
2875	8508.400
1939	8524.900
4119	8525.700
1203	8527.600
1183	8528.500
2503	8528.500
415	8528.600
2347	8528.900
1219	8529.100
2543	8529.300
3535	8529.400
4023	8530.100
2607	8530.200
1083	8531.500
2563	8542.200
2875	8543.600
2139	8547.200
3243	8559.800
3463	8560.700
1459	8561.000
3039	8561.000
815	8561.200
3523	8561.200
3779	8561.200
4007	8561.200
4071	8561.300
43	8561.700
1231	8561.700
3347	8561.700
1975	8561.800
3695	8561.900
615	8562.000
2259	8562.000
3099	8562.000
1375	8562.100
3775	8562.100
1607	8562.300
3219	8562.500
1243	8562.800
2655	8562.900
1663	8565.100
2543	8581.300
315	8581.900
3219	8581.900
3747	8582.000
1359	8582.600
963	8582.700
831	8582.800
4051	8582.900
1619	8583.000
3835	8583.100
1703	8583.400
1235	8583.900
3723	8583.900
3315	8595.200
2627	8606.000
2275	8608.300
591	8608.500
219	8610.300
699	8611.000
1567	8614.700
1351	8616.800
251	8619.100
4119	8622.700
1603	8622.900
1131	8623.100
2827	8630.400
3223	8638.900
1771	8640.000
2467	8640.200
667	8641.200
3663	8641.900
175	8643.600
3383	8645.200
4059	8649.700
1027	8651.800
55	8653.500
2927	8657.900
203	8663.200
591	8663.500
3331	8663.500
4083	8664.400
2147	8664.500
3123	8664.800
3463	8665.300
739	8665.800
891	8666.100
1311	8666.100
1359	8666.800
3179	8667.700
2743	8667.900
235	8678.900
1839	8680.100
3303	8680.300
2599	8681.500
3519	8681.900
1791	8682.000
3643	8682.200
3691	8682.300
2603	8682.700
603	8682.800
1707	8682.800
219	8697.900
899	8698.700
2255	8699.300
2523	8699.500
539	8703.600
695	8714.400
3535	8715.200
3603	8716.200
71	8716.700
3055	8717.800
915	8718.000
4107	8718.700
687	8718.900
3847	8718.900
1979	8719.500
3431	8737.600
1243	8738.200
3355	8752.300
2139	8755.400
3055	8755.500
3487	8759.600
3799	8760.800
2015	8772.300
2439	8774.300
2443	8774.900
2603	8775.100
3087	8775.100
315	8775.400
1371	8776.000
1367	8776.700
1067	8776.800
1739	8777.200
2607	8778.900
1207	8779.600
1331	8779.600
247	8781.400
1811	8788.000
3851	8789.800
3223	8792.400
935	8793.200
1219	8793.700
4023	8795.600
1691	8796.600
879	8796.700
2139	8800.800
3707	8805.900
2535	8806.200
3643	8812.400
459	8817.800
203	8818.000
3923	8819.500
3831	8819.600
1883	8821.100
3459	8822.100
1195	8822.800
1183	8823.600
1351	8826.900
699	8827.500
2483	8829.100
1559	8829.700
1827	8830.900
1103	8831.800
295	8838.400
2111	8838.600
3443	8842.700
563	8843.500
1431	8845.500
363	8854.600
935	8856.300
3055	8856.400
219	8856.600
1975	8856.800
2007	8857.100
1223	8857.200
2471	8857.500
3543	8857.600
75	8859.100
1003	8859.400
3711	8860.000
3107	8860.300
1571	8860.900
1499	8873.000
1459	8875.300
3451	8875.300
2315	8875.800
2739	8877.200
1091	8878.100
1143	8885.900
2995	8886.400
1731	8891.200
663	8892.200
359	8907.100
1323	8907.200
667	8908.900
1359	8908.900
2087	8909.100
531	8910.500
1835	8910.600
2075	8910.700
279	8912.000
67	8913.200
591	8923.600
3511	8927.600
3155	8928.600
2215	8929.300
2803	8929.300
755	8933.200
3875	8934.900
51	8939.800
2291	8941.000
2483	8941.800
3087	8944.900
2623	8945.700
3419	8946.100
3651	8948.100
3803	8948.400
3079	8948.600
127	8949.500
855	8954.600
1859	8955.200
1703	8958.700
2975	8958.900
3347	8959.800
3175	8961.300
2595	8961.800
4015	8967.800
2779	8968.600
2719	8970.200
2627	8972.800
3623	8975.600
1259	8976.200
2463	8976.500
2439	8988.600
2835	8990.600
3483	8991.800
507	8992.300
3623	8994.200
475	8994.300
3055	8994.500
1003	8997.100
1675	9008.400
2831	9010.200
223	9012.400
3479	9013.400
775	9013.900
1883	9014.000
2035	9014.500
1295	9014.800
971	9015.200
4119	9015.300
251	9015.500
2083	9015.700
1835	9015.800
2255	9015.900
191	9016.300
379	9016.700
2467	9017.000
3927	9017.500
3427	9018.400
3627	9021.000
71	9034.400
1283	9034.700
2055	9034.700
2775	9035.000
1375	9035.400
1239	9035.700
2095	9035.700
2599	9035.700
3463	9035.900
1571	9036.200
2327	9036.200
1939	9036.300
1807	9036.700
1615	9037.300
267	9037.900
2927	9038.000
3983	9054.400
663	9055.200
983	9055.200
3831	9056.800
1147	9057.600
3331	9057.900
1975	9058.600
3483	9069.100
3279	9070.500
4047	9071.200
595	9071.400
2255	9071.600
2879	9073.300
3683	9082.000
1035	9082.900
1683	9083.900
591	9084.200
3379	9084.800
3143	9084.900
3707	9085.800
2015	9086.300
3983	9093.100
1663	9095.900
351	9096.700
2459	9101.900
1859	9102.000
4019	9104.700
3011	9105.900
543	9106.700
2331	9109.300
3463	9109.400
1159	9109.500
2367	9109.800
2979	9110.600
2587	9111.600
1659	9128.000
315	9129.000
403	9130.100
795	9130.800
1867	9131.100
463	9131.600
3219	9131.600
2083	9131.700
79	9131.800
2091	9131.800
2927	9132.200
2147	9132.300
3579	9132.900
3191	9133.100
4087	9133.300
1955	9133.600
3691	9133.600
4019	9133.600
1207	9133.700
107	9133.900
3439	9134.000
267	9134.600
1599	9136.600
587	9148.000
3543	9150.700
1111	9151.200
1899	9151.200
1691	9151.600
3943	9151.600
3883	9151.800
2927	9152.400
359	9152.900
1595	9164.000
687	9165.600
3483	9165.900
1207	9166.600
415	9167.300
3243	9167.500
3747	9167.900
859	9168.000
227	9168.500
2915	9170.000
1559	9172.100
1571	9183.400
95	9183.500
1363	9183.500
1359	9184.000
643	9184.500
2087	9184.700
51	9184.900
3791	9185.100
623	9185.300
531	9186.300
435	9200.000
699	9200.600
1131	9201.600
591	9203.200
3843	9203.200
2367	9204.400
2575	9213.500
3715	9214.700
4015	9215.000
3743	9215.400
1571	9217.100
951	9224.900
1663	9226.200
247	9227.900
1875	9230.000
3083	9236.400
2011	9238.600
2587	9240.300
3159	9246.700
4083	9247.000
3723	9247.300
3463	9250.500
687	9251.100
395	9251.500
1883	9251.700
131	9254.300
1475	9254.800
2067	9255.300
927	9255.500
2111	9256.100
1111	9256.500
3439	9257.300
2715	9268.500
931	9270.100
2895	9270.500
1379	9270.800
3223	9270.800
187	9271.100
283	9271.600
235	9271.800
1767	9272.000
951	9272.400
2603	9289.700
935	9291.300
2867	9293.000
3335	9302.900
2291	9303.800
243	9304.000
3307	9304.000
3683	9304.000
1883	9304.100
1131	9304.300
651	9305.400
1107	9305.400
519	9305.600
2079	9305.700
1479	9305.800
3167	9305.900
3191	9306.100
2543	9306.200
1487	9306.300
3927	9306.300
263	9306.700
2655	9306.900
1599	9307.000
4119	9307.200
279	9307.400
2147	9308.300
2015	9320.400
871	9324.100
687	9326.200
2963	9331.300
2735	9333.600
1083	9334.000
51	9334.300
2011	9335.300
651	9336.100
1171	9338.100
2503	9355.300
1183	9357.700
307	9359.500
2895	9360.600
3375	9373.200
1171	9373.700
2179	9373.800
3891	9375.200
2043	9375.300
175	9375.800
2191	9375.800
1883	9376.000
2859	9376.600
571	9376.700
3583	9377.300
3919	9379.300
2459	9379.400
4019	9380.300
4051	9390.200
2327	9393.400
3051	9395.400
1359	9399.000
3003	9399.100
3911	9407.900
1327	9408.100
2379	9409.400
1107	9409.700
2827	9409.700
3243	9410.400
2719	9410.800
2459	9411.600
3131	9411.800
1171	9413.400
3611	9418.300
107	9423.600
4095	9434.100
3239	9437.100
1131	9437.300
219	9437.400
3423	9439.500
2895	9440.200
779	9440.800
295	9441.300
2843	9442.500
51	9442.900
1207	9443.100
3515	9443.200
3667	9443.300
3991	9443.500
3307	9454.700
951	9456.400
247	9461.400
1843	9469.500
447	9469.800
435	9470.100
3527	9470.700
351	9470.800
999	9470.800
1015	9471.600
3899	9471.600
2743	9472.200
3511	9472.300
1831	9472.700
1507	9472.900
67	9473.500
1883	9473.600
1235	9487.000
403	9487.900
755	9488.200
3379	9488.200
3371	9488.500
1571	9488.900
563	9489.200
2179	9489.600
3691	9489.600
1219	9490.600
99	9504.400
831	9505.100
2279	9511.600
4039	9512.700
475	9513.400
1883	9513.800
175	9515.000
1327	9515.500
3315	9518.000
3747	9520.600
3347	9523.100
1135	9523.800
3707	9527.000
4051	9527.800
3335	9538.300
3847	9538.300
1463	9538.500
1003	9539.600
2575	9540.400
1683	9540.900
2207	9541.200
2543	9541.500
4095	9542.100
599	9543.300
3367	9543.800
3175	9544.700
2911	9552.100
1343	9557.100
2539	9559.200
3511	9559.600
1903	9559.700
79	9571.200
2907	9571.300
667	9572.100
11	9572.200
2623	9572.400
3279	9572.400
3239	9572.800
1279	9572.900
3747	9573.400
3223	9573.500
1951	9573.800
2599	9574.500
3171	9575.000
4059	9575.000
1975	9575.100
215	9589.200
2787	9589.500
747	9590.500
2327	9590.500
2719	9591.000
239	9591.300
1691	9591.800
2879	9592.100
3471	9592.100
2819	9592.200
2491	9592.300
1203	9592.400
1703	9592.400
3271	9592.600
4019	9592.600
939	9593.000
1107	9593.100
1131	9593.700
1883	9593.700
3111	9594.400
1223	9609.000
43	9611.800
3555	9612.400
611	9613.500
463	9613.800
991	9614.000
947	9614.500
1731	9614.800
3103	9616.200
107	9616.900
1467	9617.100
3747	9617.600
3331	9617.700
2615	9618.600
1407	9628.200
2023	9630.400
3983	9630.700
2319	9631.000
659	9631.100
3871	9631.500
2315	9632.000
219	9632.900
1359	9634.800
1067	9644.500
3087	9645.200
375	9645.700
2827	9646.200
1119	9646.500
607	9647.800
1131	9664.500
3723	9665.300
4039	9667.800
2979	9669.400
787	9669.800
2819	9669.900
683	9672.000
2003	9674.700
1819	9681.400
3511	9685.000
1463	9686.300
2091	9688.400
615	9701.300
3331	9701.700
3083	9701.900
2743	9702.600
3847	9702.700
2907	9703.500
4119	9703.600
2799	9705.800
3899	9716.100
3851	9718.800
2727	9720.000
3055	9720.100
3379	9721.000
983	9721.300
2963	9721.700
2179	9733.000
1671	9733.200
3983	9734.100
3587	9734.500
1663	9735.300
179	9735.400
3747	9735.400
1027	9736.300
1219	9751.300
107	9753.400
1379	9763.200
1599	9763.300
1415	9763.800
51	9766.600
3799	9767.300
847	9767.900
1003	9768.400
3395	9768.400
3271	9768.900
3439	9769.200
3831	9769.400
2471	9773.300
223	9781.000
2799	9782.300
1371	9782.400
3075	9783.100
2543	9783.700
3347	9783.700
2895	9786.000
279	9798.100
2727	9798.300
1143	9800.200
3463	9801.300
1455	9815.400
463	9816.200
3603	9816.600
4007	9816.600
2799	9816.700
2527	9817.300
1751	9817.900
2139	9818.300
3803	9818.400
151	9818.600
1011	9819.300
907	9832.400
447	9832.500
2083	9832.700
1147	9832.800
3347	9832.900
2187	9833.100
3795	9833.300
1575	9833.400
1027	9833.700
1351	9833.700
1215	9834.100
1627	9834.100
2183	9834.100
259	9835.000
3935	9835.100
435	9837.200
2351	9850.900
2891	9852.600
391	9854.300
2095	9854.700
671	9855.000
2415	9855.000
647	9855.400
1095	9855.500
2923	9855.800
3471	9855.900
2603	9856.000
2987	9856.000
687	9856.400
3107	9856.700
1475	9857.100
1499	9857.200
3043	9858.300
3915	9870.300
643	9870.900
3467	9871.900
3991	9872.000
4123	9872.100
303	9872.200
2223	9872.400
1843	9872.800
3831	9872.900
75	9873.100
1879	9873.100
403	9874.100
1003	9874.500
3223	9875.800
2463	9876.100
795	9877.100
175	9889.200
731	9890.000
3803	9890.700
2723	9891.400
2439	9891.700
3747	9895.100
1675	9899.000
99	9908.900
3579	9909.000
1987	9910.400
2543	9910.800
3463	9910.800
2467	9912.200
2579	9912.300
3403	9913.000
3523	9914.500
811	9915.300
303	9918.400
1167	9932.900
1787	9934.700
3179	9936.300
4107	9936.300
3763	9938.200
379	9939.300
1615	9940.500
715	9941.400
3223	9941.700
2643	9942.500
1171	9942.700
2383	9943.300
3651	9944.900
1767	9946.400
871	9948.000
2415	9951.600
2179	9953.000
1883	9953.300
575	9953.600
403	9954.300
1263	9954.300
3967	9954.500
3603	9957.000
2491	9957.600
3351	9966.900
3747	9968.200
3119	9969.600
1751	9969.800
1683	9970.100
3803	9983.200
951	9983.900
1727	9984.100
703	9984.800
439	9985.200
4075	9985.200
603	9986.000
3375	9986.300
3715	9986.900
3295	10003.200
1855	10005.400
1359	10005.500
1759	10005.900
927	10007.800
655	10008.300
1955	10008.700
3843	10008.800
1167	10009.100
239	10009.400
1183	10021.300
4011	10021.500
3087	10021.700
215	10023.500
895	10026.100
259	10026.300
1979	10027.300
2119	10027.700
507	10027.900
2559	10037.900
1863	10039.000
3275	10040.600
1527	10041.300
187	10042.100
2491	10047.000
2095	10048.200
1735	10049.100
687	10056.600
3655	10070.100
1463	10072.200
3347	10072.400
2719	10073.000
1559	10073.200
2247	10073.700
3355	10073.800
531	10074.600
2799	10074.900
1835	10075.100
2047	10075.100
611	10075.300
2175	10075.300
3055	10076.000
499	10093.200
1759	10093.200
4059	10093.200
2503	10093.400
3095	10093.500
1187	10093.700
4023	10093.700
2147	10094.900
1507	10095.100
1323	10095.500
2739	10096.000
3003	10096.100
3055	10110.500
1995	10110.700
2359	10110.800
1203	10111.100
1567	10111.200
2587	10111.600
2387	10111.900
1091	10127.600
3815	10127.900
1215	10129.000
4007	10142.000
403	10143.500
3463	10145.700
3747	10146.400
83	10146.500
2663	10147.900
2359	10149.200
1999	10163.300
1415	10163.700
367	10164.000
3715	10164.100
75	10164.200
3615	10164.300
2583	10164.500
2475	10164.600
1135	10164.900
379	10165.000
631	10165.000
559	10165.200
1851	10165.300
1883	10165.300
2471	10165.300
3099	10165.300
1767	10165.400
891	10165.500
979	10165.600
1747	10165.600
1007	10165.700
3459	10165.900
1491	10166.300
343	10166.700
2951	10182.100
3655	10182.900
3331	10195.500
1739	10196.200
2299	10196.500
867	10197.400
1559	10197.400
2155	10198.600
183	10199.100
2743	10211.500
3775	10212.400
223	10214.500
3979	10214.600
707	10214.800
2827	10215.000
755	10216.100
2315	10217.300
3759	10217.300
1899	10217.400
3279	10217.600
4119	10218.300
2255	10218.900
2267	10219.700
391	10230.400
3243	10232.800
3091	10233.100
3827	10233.400
3715	10249.900
2415	10250.300
1691	10250.600
3999	10250.600
3747	10251.000
2491	10251.200
191	10251.300
2459	10251.400
2623	10251.700
3823	10251.700
71	10252.000
3223	10252.100
3307	10252.100
1147	10252.700
1819	10252.700
475	10252.800
1775	10252.800
3175	10252.800
759	10252.900
3511	10253.000
247	10253.200
2727	10253.500
3691	10253.500
603	10253.700
1647	10253.700
3883	10253.800
3603	10254.300
2467	10267.600
4119	10268.100
747	10268.800
3427	10268.800
2071	10268.900
1179	10269.100
23	10269.200
4123	10269.400
1859	10269.500
3403	10269.500
3899	10269.500
2463	10269.800
363	10270.000
355	10270.300
1243	10271.000
2611	10271.100
1767	10271.400
3335	10286.400
3567	10287.200
239	10291.100
1887	10291.400
223	10297.800
2007	10298.700
447	10302.900
351	10311.600
1031	10312.200
2827	10325.600
3763	10330.000
1767	10330.800
1307	10330.900
1847	10330.900
1599	10331.200
3315	10331.900
443	10332.000
3979	10332.600
2971	10332.800
1663	10334.300
3827	10345.900
2823	10346.000
3463	10348.800
1083	10349.100
783	10349.300
591	10350.700
3999	10350.900
1571	10351.200
4119	10352.200
2111	10362.200
1179	10362.500
167	10363.600
3587	10365.300
671	10376.900
1619	10380.400
1887	10380.800
1071	10381.600
2743	10383.000
2995	10385.100
779	10390.200
1831	10394.400
2439	10398.300
2851	10399.300
1327	10399.600
243	10400.400
3511	10400.500
2007	10400.600
2587	10402.400
3371	10402.600
75	10402.900
1999	10403.000
4099	10416.900
3815	10418.400
2743	10420.500
1599	10421.000
2943	10421.700
419	10424.800
1967	10435.600
739	10436.800
2415	10437.100
403	10437.200
2679	10438.300
3959	10438.600
239	10438.800
2031	10439.100
3071	10439.500
295	10441.700
1535	10444.400
1851	10449.700
2419	10451.000
1367	10451.600
1003	10453.400
531	10453.600
223	10454.300
2799	10460.000
3799	10460.300
323	10460.500
1779	10461.200
2895	10461.500
987	10474.700
3223	10475.100
1323	10476.300
1819	10476.900
1207	10477.500
1219	10477.700
2607	10477.800
1135	10478.700
2119	10489.800
1939	10491.100
135	10491.300
759	10491.300
191	10491.400
2027	10492.000
3191	10494.200
