# NEST version: 3.9.0-post0.dev0
# RecordingBackendASCII version: 2
sender	time_ms
11958	502.900
11882	504.300
11850	504.400
11914	507.500
11782	507.800
11806	516.700
11818	517.600
11890	518.700
11830	518.900
11846	519.300
11938	522.900
11942	525.300
11910	538.000
11798	544.500
11938	546.800
11914	547.100
11954	547.100
11850	552.100
11930	557.100
11806	558.100
11830	558.200
11898	561.500
11870	562.500
11874	568.200
11822	572.900
11946	575.000
11950	575.100
11754	590.700
11922	592.400
11818	592.500
11770	594.200
11758	594.500
11870	596.200
11762	601.000
11914	601.000
11790	603.700
11806	604.400
11846	606.500
11962	610.900
11938	613.500
11898	614.500
11878	619.100
11930	626.200
11754	626.500
11802	626.800
11850	628.800
11858	632.300
11806	634.300
11846	636.500
11782	637.200
11774	640.000
11950	640.200
11914	640.400
11926	642.800
11874	645.200
11810	652.100
11790	654.000
11942	655.900
11830	657.900
11846	661.400
11862	666.700
11898	667.600
11766	668.900
11858	676.900
11878	684.200
11946	685.000
11774	685.500
11962	687.000
11926	687.400
11942	688.500
11826	688.900
11930	688.900
11838	689.400
11846	689.700
11850	697.100
11770	700.900
11830	701.300
11874	706.300
11810	706.400
11762	708.000
11790	708.900
11842	712.500
11898	719.400
11754	722.300
11870	722.800
11938	723.100
11774	724.900
11954	727.900
11794	728.000
11806	728.600
11918	728.700
11846	728.800
11962	728.900
11950	733.100
11802	736.300
11874	736.800
11762	740.000
11966	743.500
11902	744.300
11890	744.400
11882	749.300
11862	749.900
11914	755.600
11806	761.000
11790	761.100
11770	761.200
11946	763.700
11942	766.100
11878	769.300
11882	774.900
11830	775.500
11914	778.200
11754	778.600
11846	781.400
11790	781.800
11954	785.100
11938	787.000
11802	787.800
11858	789.300
11918	792.800
11930	793.400
11898	796.300
11794	800.000
11942	801.000
11810	807.700
11822	809.100
11826	811.200
11950	812.100
11846	812.500
11966	813.200
11802	815.200
11806	820.100
11834	824.700
11874	830.100
11902	830.500
11810	830.600
11782	833.200
11914	833.400
11870	833.700
11926	834.100
11830	837.000
11762	846.400
11918	849.000
11822	850.000
11834	850.200
11806	858.900
11950	859.200
11846	861.700
11942	863.300
11914	866.100
11874	866.400
11830	867.200
11918	874.900
11810	877.800
11870	879.400
11898	880.700
11862	883.700
11854	890.200
11802	894.300
11846	898.600
11830	899.300
11878	899.500
11902	904.900
11862	905.600
11882	907.200
11850	907.300
11914	908.500
11858	908.600
11754	908.800
11926	910.700
11834	912.100
11774	912.200
11934	915.700
11930	922.900
11830	927.400
11770	930.300
11786	930.500
11890	931.300
11846	932.200
11790	935.300
11754	939.500
11810	939.500
11858	943.700
11774	944.600
11854	948.200
11918	949.000
11898	953.600
11938	954.400
11850	959.300
11754	961.600
11846	964.400
11958	964.400
11926	966.100
11934	969.300
11950	971.800
11946	974.600
11942	976.300
11798	976.900
11818	979.200
11930	986.100
11790	987.800
11778	988.600
11854	991.800
11786	996.700
11794	997.000
11918	997.700
11782	1004.000
11846	1004.000
11874	1006.600
11806	1009.400
11802	1011.100
11762	1019.800
11810	1021.100
11938	1022.300
11830	1022.900
11898	1023.300
11890	1025.200
11882	1026.200
11910	1027.500
11954	1027.600
11858	1030.700
11906	1043.100
11926	1043.300
11758	1043.500
11966	1043.600
11826	1044.300
11930	1050.000
11854	1055.200
11770	1056.100
11898	1058.000
11798	1059.600
11754	1061.100
11914	1062.200
11786	1062.900
11790	1063.600
11850	1066.300
11858	1068.800
11806	1071.700
11830	1072.300
11834	1079.000
11902	1079.800
11774	1080.400
11874	1082.800
11810	1083.100
11950	1083.500
11890	1083.600
11790	1089.600
11862	1093.100
11898	1093.900
11822	1099.100
11878	1099.100
11762	1099.700
11830	1109.200
11930	1110.100
11922	1113.500
11894	1118.800
11802	1122.900
11858	1125.800
11914	1127.800
11818	1129.300
11926	1130.200
11902	1136.400
11830	1137.200
11754	1140.900
11790	1144.600
11930	1145.000
11846	1146.700
11918	1149.000
11798	1149.900
11938	1152.200
11870	1156.500
11962	1160.000
11898	1160.900
11958	1161.100
11874	1162.800
11810	1164.700
11902	1165.200
11950	1176.000
11782	1176.700
11934	1177.600
11878	1177.900
11890	1177.900
11942	1181.800
11846	1186.500
11802	1187.200
11830	1188.800
11774	1192.200
11914	1192.400
11770	1192.600
11926	1192.600
11918	1198.200
11962	1204.500
11810	1204.700
11830	1207.200
11938	1212.100
11906	1214.100
11858	1214.800
11806	1216.100
11802	1216.600
11762	1217.500
11758	1222.200
11814	1223.300
11902	1224.000
11782	1226.200
11878	1229.000
11926	1229.200
11834	1230.500
11830	1234.100
11862	1234.800
11934	1237.500
11966	1238.000
11870	1242.300
11874	1246.300
11890	1247.400
11802	1249.100
11806	1251.400
11790	1251.600
11950	1252.500
11858	1257.100
11954	1260.400
11758	1261.200
11810	1261.400
11762	1264.600
11866	1265.200
11834	1265.500
11874	1271.400
11918	1274.400
11910	1276.300
11898	1276.500
11950	1279.700
11782	1288.100
11830	1290.600
11898	1293.500
11878	1298.000
11854	1298.400
11934	1298.600
11770	1299.000
11902	1301.900
11810	1302.200
11926	1302.200
11754	1307.000
11846	1307.600
11914	1310.100
11790	1313.300
11958	1315.900
11962	1316.300
11806	1318.300
11918	1320.600
11858	1326.300
11930	1329.300
11894	1333.800
11846	1334.700
11782	1335.300
11822	1335.700
11862	1336.200
11950	1336.200
11794	1341.900
11926	1343.700
11874	1344.700
11762	1349.700
11830	1350.100
11930	1352.200
11938	1352.600
11754	1358.400
11898	1361.400
11894	1363.300
11818	1363.900
11958	1367.400
11790	1367.600
11862	1368.700
11858	1375.000
11890	1379.900
11846	1380.100
11878	1380.300
11926	1382.300
11902	1383.400
11838	1387.600
11830	1390.100
11782	1390.500
11914	1393.100
11930	1399.900
11858	1400.300
11926	1403.100
11790	1406.100
11862	1406.500
11850	1409.800
11810	1415.700
11830	1418.100
11818	1418.500
11858	1418.600
11822	1419.000
11770	1419.300
11878	1421.800
11754	1422.900
11762	1437.900
11790	1439.200
11918	1439.600
11778	1440.000
11898	1440.700
11958	1441.300
11878	1444.600
11874	1444.800
11890	1447.500
11934	1453.800
11930	1454.600
11802	1455.100
11830	1456.200
11834	1457.900
11810	1461.300
11862	1462.500
11754	1466.100
11774	1468.800
11938	1469.900
11882	1473.900
11874	1479.600
11846	1480.000
11914	1483.100
11926	1484.500
11774	1492.400
11830	1493.700
11814	1504.800
11810	1505.300
11794	1505.700
11846	1505.800
11762	1506.600
11806	1512.900
11754	1513.400
11874	1515.100
11938	1515.300
11782	1518.000
11830	1519.300
11778	1520.900
11842	1520.900
11910	1521.200
11878	1522.700
11898	1523.600
11902	1524.700
11786	1524.800
11858	1525.300
11942	1525.700
11946	1529.700
11914	1535.300
11950	1536.000
11846	1537.500
11862	1540.700
11926	1540.800
11958	1542.700
11962	1546.900
11790	1547.200
11918	1550.200
11806	1558.100
11762	1559.800
11810	1561.100
11874	1561.100
11846	1561.300
11938	1562.400
11850	1562.900
11934	1565.100
11830	1565.200
11834	1568.200
11814	1574.400
11942	1577.700
11774	1579.000
11926	1589.200
11798	1590.000
11830	1592.600
11930	1597.100
11946	1597.100
11802	1602.200
11810	1603.200
11846	1606.000
11754	1607.100
11834	1607.200
11878	1613.200
11866	1614.400
11806	1616.000
11926	1616.400
11950	1619.000
11914	1623.500
11942	1623.500
11846	1624.900
11874	1628.500
11954	1635.900
11830	1640.100
11962	1640.600
11910	1643.400
11846	1643.900
11806	1652.000
11782	1654.500
11858	1655.200
11926	1658.000
11874	1659.300
11938	1660.900
11854	1663.100
11862	1664.500
11902	1664.900
11930	1668.700
11906	1671.300
11850	1672.500
11882	1672.800
11790	1675.400
11878	1680.500
11830	1683.600
11954	1685.200
11942	1686.700
11770	1689.000
11914	1689.900
11758	1690.500
11870	1692.600
11794	1693.300
11886	1698.500
11846	1702.700
11798	1712.300
11858	1713.800
11938	1718.000
11890	1718.100
11754	1718.600
11902	1719.200
11910	1720.700
11914	1723.600
11926	1725.600
11958	1728.500
11774	1732.600
11806	1738.500
11766	1740.600
11762	1741.400
11854	1741.400
11822	1741.900
11802	1742.100
11754	1744.800
11946	1749.900
11786	1754.000
11938	1755.100
11918	1755.600
11830	1760.500
11838	1768.300
11922	1769.800
11914	1773.700
11858	1774.600
11874	1775.000
11834	1776.000
11950	1777.100
11806	1778.200
11890	1780.600
11774	1786.700
11822	1787.000
11898	1788.900
11794	1793.200
11846	1794.000
11930	1794.200
11894	1795.600
11810	1796.200
11926	1798.000
11862	1806.800
11962	1810.200
11854	1810.600
11802	1810.900
11858	1814.900
11754	1821.000
11902	1821.200
11774	1823.300
11810	1824.600
11950	1825.300
11914	1826.400
11882	1827.700
11770	1828.400
11874	1829.500
11954	1833.600
11846	1833.800
11898	1833.900
11958	1838.400
11790	1838.800
11830	1842.300
11926	1846.100
11930	1857.300
11798	1857.500
11858	1859.400
11774	1861.300
11846	1866.800
11818	1867.800
11842	1870.300
11814	1872.000
11830	1875.700
11806	1876.100
11810	1889.200
11838	1893.500
11890	1894.100
11802	1896.500
11762	1897.800
11942	1898.700
11754	1898.800
11790	1898.800
11758	1901.800
11950	1902.200
11770	1910.500
11898	1913.600
11866	1915.300
11794	1915.500
11954	1922.200
11902	1924.900
11846	1929.600
11958	1930.100
11914	1930.200
11862	1931.600
11822	1933.200
11926	1935.000
11930	1936.800
11790	1938.000
11854	1947.200
11890	1947.200
11754	1952.800
11874	1953.000
11898	1953.600
11954	1959.000
11962	1965.200
11942	1970.600
11850	1971.500
11926	1972.200
11898	1972.600
11802	1973.200
11886	1974.900
11846	1976.900
11862	1981.500
11774	1981.600
11770	1984.000
11754	1986.900
11794	1988.100
11790	1990.700
11798	1991.300
11918	1995.600
11922	1996.400
11830	1999.300
11814	2001.300
11914	2001.400
11794	2005.800
11890	2006.000
11934	2006.400
11846	2006.800
11926	2007.200
11874	2010.600
11930	2017.300
11830	2028.000
11950	2028.200
11954	2034.700
11790	2035.100
11914	2037.000
11770	2039.500
11862	2040.300
11874	2042.600
11882	2042.600
11898	2042.600
11834	2052.200
11918	2052.700
11930	2058.200
11898	2061.400
11818	2061.500
11926	2061.500
11846	2065.600
11934	2067.000
11810	2070.500
11874	2070.700
11758	2074.800
11946	2075.000
11806	2075.100
11962	2075.200
11830	2075.600
11918	2082.000
11922	2088.800
11938	2089.100
11862	2093.600
11942	2095.800
11882	2096.600
11850	2096.800
11958	2098.200
11966	2103.000
11758	2105.800
11950	2105.900
11842	2106.400
11902	2107.400
11802	2108.200
11898	2115.400
11854	2116.100
11830	2124.900
11846	2127.200
11766	2131.600
11754	2131.800
11878	2134.600
11814	2137.500
11926	2137.900
11946	2138.900
11962	2140.800
11938	2149.100
11830	2151.300
11826	2152.500
11942	2153.200
11786	2153.400
11898	2153.700
11870	2160.700
11802	2163.900
11762	2170.000
11834	2170.000
11810	2170.700
11754	2170.800
11830	2171.000
11946	2182.300
11790	2189.700
11958	2191.500
11962	2195.100
11858	2197.800
11902	2199.400
11934	2199.800
11878	2203.900
11922	2204.400
11950	2212.500
11846	2214.800
11942	2216.000
11862	2216.700
11898	2220.200
11814	2221.400
11774	2222.200
11954	2223.500
11962	2228.500
11762	2230.700
11790	2235.600
11846	2236.900
11806	2237.300
11874	2237.600
11770	2237.800
11938	2242.700
11898	2244.000
11822	2244.500
11810	2244.600
11802	2249.100
11878	2250.500
11830	2251.400
11902	2254.300
11890	2255.200
11814	2257.600
11882	2260.400
11954	2262.600
11786	2264.100
11778	2267.400
11794	2270.900
11942	2274.300
11846	2276.600
11946	2279.600
11862	2281.000
11774	2281.700
11770	2283.400
11830	2284.400
11914	2285.500
11918	2286.000
11954	2286.200
11882	2287.100
11958	2288.300
11950	2290.700
11822	2296.300
11874	2300.500
11890	2301.600
11802	2301.700
11878	2301.700
11898	2302.300
11866	2305.900
11762	2307.300
11782	2311.200
11934	2313.000
11930	2313.300
11790	2314.200
11818	2314.800
11806	2315.900
11938	2317.600
11758	2321.700
11786	2323.100
11898	2323.600
11878	2332.200
11926	2336.500
11902	2337.700
11946	2341.100
11958	2349.500
11846	2355.500
11802	2357.000
11866	2357.800
11914	2358.100
11834	2358.600
11858	2366.000
11926	2367.100
11754	2367.300
11854	2369.000
11798	2371.600
11934	2372.000
11862	2372.100
11790	2375.700
11874	2383.300
11962	2385.900
11762	2386.300
11806	2387.400
11830	2389.400
11918	2390.600
11846	2391.700
11782	2393.000
11938	2393.100
11758	2396.200
11878	2402.700
11810	2402.800
11774	2407.500
11898	2409.800
11950	2410.900
11890	2411.800
11954	2414.600
11858	2418.300
11882	2418.500
11802	2420.200
11846	2422.100
11770	2422.700
11758	2425.000
11918	2426.300
11794	2426.800
11914	2438.200
11830	2439.800
11846	2442.400
11942	2448.400
11858	2451.000
11814	2454.400
11774	2454.800
11806	2463.600
11762	2464.900
11810	2466.200
11938	2469.700
11818	2470.100
11898	2470.800
11890	2472.800
11878	2473.200
11846	2476.400
11926	2478.400
11774	2479.500
11950	2486.200
11942	2491.400
11914	2491.700
11882	2493.900
11790	2494.800
11830	2496.200
11842	2499.700
11814	2501.100
11898	2502.800
11946	2512.100
11878	2513.700
11938	2514.100
11870	2514.500
11950	2518.900
11890	2521.500
11910	2523.000
11926	2525.000
11774	2528.000
11762	2530.800
11846	2531.000
11806	2534.800
11942	2536.700
11802	2539.200
11938	2540.700
11858	2542.700
11914	2545.000
11878	2547.300
11898	2558.500
11862	2560.300
11894	2561.500
11930	2561.600
11762	2562.100
11854	2562.400
11850	2564.200
11810	2565.200
11790	2571.800
11830	2572.100
11794	2574.100
11754	2576.800
11846	2577.000
11874	2578.300
11910	2580.300
11810	2582.300
11914	2587.700
11962	2589.000
11822	2589.700
11882	2592.900
11846	2595.500
11874	2597.700
11802	2600.300
11830	2602.600
11782	2607.400
11762	2612.600
11790	2613.000
11818	2613.100
11810	2613.200
11890	2613.400
11942	2613.700
11814	2615.300
11898	2617.100
11886	2618.300
11754	2620.100
11770	2624.100
11846	2627.700
11938	2629.400
11874	2629.800
11858	2630.000
11914	2633.800
11798	2637.400
11854	2639.600
11830	2640.100
11850	2643.700
11754	2645.900
11946	2647.500
11862	2648.300
11782	2648.400
11858	2648.700
11950	2651.000
11774	2657.100
11898	2659.800
11954	2659.900
11942	2662.300
11846	2664.500
11770	2664.800
11830	2667.500
11946	2667.800
11926	2668.700
11790	2670.500
11754	2671.400
11958	2672.200
11930	2682.400
11758	2683.200
11810	2688.700
11778	2691.300
11762	2691.500
11786	2696.800
11902	2700.900
11874	2701.300
11898	2704.900
11882	2705.600
11854	2705.800
11890	2705.800
11938	2705.800
11962	2706.000
11754	2708.200
11918	2709.200
11786	2723.300
11806	2726.500
11926	2728.500
11802	2728.900
11846	2735.300
11874	2736.100
11790	2737.000
11914	2740.800
11862	2742.200
11762	2743.600
11782	2744.000
11858	2745.500
11830	2754.400
11774	2755.000
11798	2757.900
11790	2760.300
11898	2760.900
11890	2762.600
11846	2767.300
11874	2769.500
11910	2772.100
11926	2773.800
11938	2773.800
11806	2776.400
11918	2777.800
11830	2779.100
11858	2779.700
11934	2789.400
11850	2789.600
11930	2790.100
11950	2790.400
11798	2796.900
11794	2799.200
11818	2802.700
11790	2803.200
11846	2804.200
11938	2805.900
11782	2808.300
11918	2808.900
11806	2811.200
11802	2811.900
11810	2818.200
11762	2822.100
11858	2823.600
11862	2828.800
11846	2828.900
11842	2831.800
11770	2835.400
11830	2839.000
11914	2839.400
11846	2843.700
11874	2843.900
11754	2844.100
11790	2846.000
11814	2847.300
11898	2857.300
11866	2858.500
11862	2859.500
11874	2860.500
11798	2862.200
11794	2866.000
11846	2866.200
11870	2866.600
11914	2871.600
11962	2871.800
11806	2872.300
11830	2877.400
11890	2880.800
11938	2884.700
11918	2885.200
11854	2885.500
11782	2889.400
11898	2893.300
11858	2894.000
11766	2894.700
11894	2895.700
11934	2895.900
11838	2896.600
11914	2898.600
11890	2898.800
11762	2906.000
11846	2909.200
11822	2910.600
11830	2912.700
11958	2912.700
11930	2916.500
11850	2920.000
11798	2920.600
11942	2921.000
11918	2928.500
11898	2928.600
11838	2935.500
11846	2938.200
11934	2941.300
11818	2941.500
11866	2941.800
11806	2942.300
11802	2950.300
11938	2952.700
11902	2953.600
11762	2956.400
11830	2957.500
11918	2958.200
11886	2960.200
11782	2960.300
11822	2965.900
11874	2967.300
11794	2967.600
11966	2970.600
11898	2970.700
11882	2979.800
11806	2986.400
11934	2991.200
11846	2991.300
11782	2991.600
11790	2991.600
11794	2991.600
11802	2991.800
11878	2992.100
11830	2998.900
11754	3002.900
11758	3003.800
11914	3004.300
11962	3007.300
11862	3007.800
11762	3011.000
11938	3011.700
11818	3019.400
11830	3020.900
11814	3023.600
11914	3027.600
11790	3027.800
11838	3027.900
11942	3030.300
11882	3034.400
11918	3039.300
11874	3039.800
11858	3040.800
11898	3045.700
11846	3048.500
11890	3051.400
11866	3051.900
11782	3056.300
11962	3057.300
11934	3057.500
11862	3057.900
11938	3059.500
11806	3065.400
11766	3065.600
11898	3066.000
11878	3075.700
11790	3076.000
11922	3078.400
11858	3078.600
11846	3078.700
11914	3084.400
11754	3085.600
11934	3088.000
11874	3089.300
11794	3089.800
11782	3096.400
11966	3099.100
11830	3099.400
11838	3103.000
11818	3105.700
11890	3107.800
11774	3109.600
11810	3111.900
11802	3112.700
11934	3112.700
11898	3113.000
11762	3119.500
11878	3119.600
11754	3120.400
11778	3121.700
11794	3125.500
11758	3127.200
11942	3130.400
11830	3133.000
11786	3134.800
11930	3134.800
11914	3136.600
11926	3140.200
11790	3140.400
11846	3147.000
11754	3147.600
11858	3152.200
11810	3152.400
11778	3152.500
11770	3154.000
11954	3154.100
11862	3154.700
11918	3159.000
11878	3160.000
11782	3164.000
11950	3166.200
11882	3168.600
11898	3172.800
11890	3173.200
11874	3173.700
11846	3178.900
11838	3180.000
11762	3180.800
11810	3185.800
11898	3195.700
11782	3196.100
11802	3196.500
11878	3196.800
11770	3199.000
11958	3203.200
11846	3204.000
11914	3208.400
11790	3211.000
11794	3211.300
11806	3212.000
11882	3212.400
11830	3213.300
11930	3216.400
11926	3216.700
11858	3220.400
11810	3222.200
11850	3222.300
11842	3228.900
11902	3230.800
11818	3231.200
11762	3236.200
11914	3237.000
11938	3237.000
11814	3237.100
11806	3241.100
11834	3245.500
11830	3250.000
11862	3250.500
11822	3250.900
11782	3259.200
11874	3260.000
11758	3260.100
11898	3262.400
11962	3265.200
11902	3265.300
11882	3265.400
11858	3273.800
11934	3274.300
11950	3278.300
11942	3280.100
11930	3284.700
11798	3285.800
11874	3285.900
11866	3287.200
11926	3288.700
11846	3292.500
11946	3293.800
11754	3297.100
11914	3302.100
11898	3302.300
11838	3308.400
11850	3308.400
11882	3309.000
11858	3310.300
11786	3313.000
11782	3316.100
11834	3316.700
11830	3319.300
11950	3320.100
11902	3322.300
11770	3324.100
11878	3329.400
11926	3329.900
11810	3332.200
11790	3333.400
11846	3337.900
11830	3338.500
11962	3346.700
11910	3349.900
11902	3352.300
11806	3352.800
11942	3353.100
11774	3356.500
11854	3357.300
11938	3361.100
11882	3361.400
11950	3361.800
11802	3366.500
11826	3369.700
11754	3370.800
11918	3371.800
11782	3373.500
11898	3377.400
11818	3378.100
11938	3381.000
11934	3381.800
11858	3384.600
11854	3385.500
11806	3387.100
11778	3389.600
11902	3393.600
11830	3396.100
11790	3397.100
11942	3400.800
11898	3405.500
11814	3407.700
11758	3409.800
11846	3409.800
11890	3410.100
11754	3413.500
11874	3413.500
11942	3414.000
11946	3417.700
11886	3424.900
11850	3425.100
11926	3428.200
11930	3432.500
11918	3433.300
11910	3435.200
11774	3437.800
11922	3438.900
11962	3442.300
11950	3443.500
11810	3445.000
11770	3445.500
11794	3447.300
11790	3448.100
11874	3451.200
11798	3453.100
11806	3453.300
11914	3453.300
11954	3453.400
11826	3458.100
11866	3461.000
11846	3469.800
11862	3473.000
11894	3473.600
11962	3473.900
11942	3479.800
11830	3481.800
11898	3483.300
11802	3493.000
11790	3494.200
11846	3495.000
11954	3496.200
11794	3497.300
11858	3497.600
11770	3502.900
11806	3504.100
11810	3505.500
11838	3506.600
11834	3511.200
11830	3515.200
11874	3517.700
11902	3517.700
11882	3520.400
11946	3521.800
11786	3526.200
11914	3531.600
11890	3534.600
11962	3538.600
11958	3538.900
11898	3540.900
11850	3549.500
11770	3550.200
11854	3554.700
11866	3555.600
11874	3556.900
11926	3557.000
11754	3563.400
11830	3568.500
11878	3568.700
11914	3569.600
11858	3569.900
11782	3570.200
11786	3574.000
11882	3579.900
11942	3580.200
11846	3580.600
11794	3582.700
11950	3583.500
11946	3587.200
11914	3587.500
11790	3587.800
11930	3595.600
11846	3598.700
11830	3599.800
11934	3604.100
11762	3608.100
11818	3613.100
11834	3614.600
11878	3615.100
11858	3623.600
11926	3624.800
11774	3628.400
11930	3631.700
11794	3632.100
11966	3632.400
11830	3633.000
11790	3634.800
11914	3638.600
11754	3643.400
11854	3646.800
11770	3649.700
11878	3652.000
11846	3653.000
11882	3653.100
11810	3653.700
11814	3658.600
11954	3659.600
11830	3664.500
11834	3665.900
11794	3666.700
11762	3666.900
11930	3669.300
11898	3669.800
11846	3671.400
11926	3674.500
11838	3676.000
11942	3681.800
11902	3682.400
11874	3686.000
11806	3686.200
11790	3688.700
11958	3689.200
11762	3697.300
11938	3697.700
11858	3698.800
11758	3700.000
11906	3700.700
11918	3700.900
11890	3703.900
11930	3704.300
11830	3704.500
11922	3704.900
11754	3712.700
11910	3714.600
11810	3714.700
11846	3720.800
11966	3721.500
11818	3721.800
11790	3722.000
11858	3723.100
11806	3723.300
11874	3727.200
11830	3734.200
11878	3737.600
11822	3740.100
11962	3740.200
11770	3741.100
11846	3741.500
11802	3748.400
11830	3752.700
11910	3761.300
11898	3762.000
11774	3763.700
11846	3770.300
11902	3772.200
11954	3772.700
11926	3773.200
11762	3773.600
11838	3773.700
11886	3776.900
11962	3777.200
11958	3781.000
11950	3781.200
11850	3781.300
11834	3788.600
11914	3789.100
11870	3794.900
11798	3804.900
11942	3807.600
11790	3807.700
11958	3809.700
11862	3811.900
11786	3814.900
11914	3815.500
11854	3815.900
11846	3823.200
11874	3827.800
11782	3829.400
11950	3830.700
11898	3830.900
11830	3831.800
11934	3833.000
11794	3833.300
11926	3833.500
11862	3839.300
11754	3845.300
11774	3847.700
11762	3848.400
11914	3850.400
11882	3852.300
11890	3855.000
11830	3859.200
11790	3861.700
11846	3861.700
11874	3868.100
11758	3868.700
11918	3868.700
11782	3869.100
11810	3871.100
11926	3872.500
11962	3876.600
11850	3881.700
11842	3882.000
11834	3883.100
11910	3883.900
11858	3886.700
11806	3887.100
11770	3887.900
11922	3888.300
11794	3892.700
11918	3898.600
11754	3898.700
11790	3899.000
11810	3902.700
11958	3902.900
11798	3903.100
11926	3904.700
11874	3906.400
11962	3909.100
11902	3909.500
11938	3912.400
11802	3914.300
11830	3920.500
11918	3921.500
11930	3925.600
11958	3927.300
11810	3927.600
11858	3933.400
11926	3943.100
11846	3943.700
11774	3945.100
11874	3947.500
11830	3950.600
11790	3950.700
11914	3954.800
11946	3955.300
11930	3958.300
11898	3960.900
11878	3964.000
11810	3966.300
11846	3969.800
11926	3971.300
11834	3973.400
11782	3978.700
11858	3980.400
11930	3982.400
11850	3987.000
11798	3989.500
11806	3993.300
11938	3994.300
11830	3995.800
11874	4003.100
11918	4006.000
11958	4009.000
11762	4009.400
11858	4009.900
11854	4018.100
11774	4021.600
11802	4022.100
11906	4022.400
11846	4023.000
11930	4031.400
11830	4032.200
11890	4038.600
11774	4040.100
11858	4040.600
11874	4044.000
11806	4048.500
11802	4051.900
11962	4052.300
11850	4055.200
11938	4055.200
11810	4065.300
11898	4065.900
11766	4066.500
11902	4066.700
11830	4076.500
11858	4077.000
11894	4077.500
11862	4080.700
11770	4081.100
11790	4084.400
11950	4086.600
11758	4090.900
11882	4091.700
11874	4094.300
11918	4094.300
11938	4095.500
11802	4096.100
11810	4096.900
11898	4106.900
11830	4107.800
11826	4108.200
11850	4109.500
11942	4111.400
11934	4113.400
11930	4120.700
11858	4120.800
11862	4120.900
11774	4123.300
11882	4125.400
11802	4126.200
11954	4130.800
11790	4132.100
11922	4136.300
11914	4136.400
11798	4144.600
11846	4149.200
11890	4149.600
11926	4152.600
11886	4152.800
11874	4152.900
11830	4154.200
11762	4161.900
11858	4164.700
11914	4164.700
11806	4165.500
11782	4168.600
11846	4172.200
11942	4176.300
11898	4177.400
11862	4177.800
11882	4181.500
11830	4182.500
11890	4182.600
11954	4182.800
11802	4188.100
11846	4191.700
11918	4196.900
11962	4200.900
11858	4201.200
11806	4203.100
11774	4203.700
11810	4205.200
11854	4206.900
11950	4211.800
11862	4212.800
11938	4215.800
11874	4220.500
11894	4223.100
11758	4224.300
11902	4226.700
11870	4227.700
11942	4231.900
11774	4239.200
11866	4239.800
11826	4240.700
11926	4244.800
11830	4247.000
11834	4249.400
11898	4252.300
11770	4253.600
11878	4253.900
11846	4254.200
11930	4255.500
11790	4260.500
11914	4264.300
11882	4267.100
11794	4271.200
11846	4271.900
11942	4272.900
11754	4273.000
11958	4273.000
11810	4281.000
11830	4281.900
11858	4282.600
11778	4284.400
11954	4288.200
11770	4288.300
11950	4293.800
11758	4296.700
11902	4296.900
11806	4301.100
11862	4302.000
11838	4302.400
11906	4305.700
11814	4308.000
11914	4308.900
11882	4309.600
11830	4312.000
11870	4318.000
11926	4319.000
11858	4322.700
11874	4322.800
11754	4325.900
11918	4326.300
11910	4327.500
11950	4329.700
11802	4330.700
11846	4332.000
11954	4335.200
11762	4337.200
11878	4339.800
11938	4341.500
11914	4342.700
11782	4343.100
11830	4344.200
11882	4350.900
11834	4355.400
11858	4356.700
11926	4359.600
11814	4359.800
11806	4371.600
11870	4376.700
11902	4376.900
11926	4377.200
11874	4377.700
11790	4384.000
11894	4384.200
11890	4384.500
11898	4385.700
11810	4389.800
11962	4396.800
11838	4397.400
11942	4399.300
11754	4399.600
11918	4399.600
11938	4401.600
11818	4402.500
11814	4402.900
11870	4403.200
11770	4406.000
11774	4406.200
11798	4407.700
11806	4413.500
11830	4414.100
11926	4414.100
11810	4416.600
11834	4419.600
11902	4419.900
11762	4420.000
11874	4420.600
11950	4423.500
11782	4431.300
11938	4435.300
11898	4436.200
11942	4437.700
11774	4438.500
11862	4439.100
11882	4443.700
11954	4447.000
11802	4447.900
11794	4448.500
11846	4448.800
11826	4449.400
11942	4454.100
11874	4454.300
11902	4454.800
11830	4459.200
11790	4460.000
11914	4462.900
11882	4469.600
11846	4472.300
11946	4475.300
11954	4475.400
11898	4475.700
11850	4478.500
11942	4481.300
11770	4485.600
11786	4492.200
11830	4492.200
11846	4493.000
11754	4494.300
11902	4494.400
11790	4496.700
11938	4498.500
11898	4504.200
11858	4509.000
11818	4509.800
11806	4517.100
11926	4520.900
11830	4522.000
11874	4526.400
11902	4526.700
11878	4526.900
11854	4527.400
11898	4531.900
11934	4537.500
11798	4537.800
11846	4545.900
11766	4548.000
11770	4548.600
11790	4551.600
11926	4554.400
11918	4561.400
11774	4567.100
11858	4567.200
11806	4569.900
11810	4572.400
11914	4579.700
11822	4583.200
11846	4584.800
11806	4586.000
11830	4588.100
11926	4597.400
11874	4600.400
11902	4600.800
11850	4603.100
11778	4603.200
11854	4607.400
11862	4607.800
11934	4614.400
11942	4619.600
11830	4620.700
11774	4621.800
11846	4623.200
11790	4624.600
11878	4625.100
11770	4628.500
11898	4631.500
11946	4631.800
11882	4632.500
11918	4637.500
11914	4638.400
11790	4645.900
11858	4646.900
11874	4646.900
11806	4651.900
11810	4652.700
11862	4653.400
11938	4654.800
11846	4655.100
11754	4655.200
11762	4655.800
11922	4658.100
11802	4660.400
11854	4666.800
11758	4667.100
11822	4668.100
11830	4671.400
11782	4672.800
11918	4673.400
11890	4675.800
11882	4684.100
11954	4686.400
11930	4689.700
11794	4690.600
11858	4700.500
11878	4703.700
11946	4710.400
11926	4711.200
11834	4714.300
11918	4719.700
11958	4721.400
11938	4721.900
11942	4722.700
11806	4722.800
11774	4724.000
11802	4725.500
11846	4726.600
11878	4738.800
11858	4747.200
11874	4748.100
11806	4750.100
11830	4750.900
11870	4752.000
11938	4752.000
11898	4753.300
11906	4755.800
11774	4759.700
11890	4762.800
11818	4765.000
11826	4766.300
11930	4767.100
11934	4768.900
11754	4771.400
11846	4773.600
11778	4777.600
11814	4781.000
11794	4783.800
11938	4783.800
11782	4786.700
11830	4788.200
11950	4789.200
11942	4790.100
11802	4795.500
11822	4803.700
11926	4804.400
11810	4804.900
11878	4807.400
11770	4808.200
11774	4814.600
11958	4818.500
11854	4820.100
11950	4821.800
11806	4824.800
11846	4824.900
11874	4825.500
11890	4826.100
11882	4828.400
11790	4829.900
11794	4835.600
11810	4837.500
11818	4838.600
11830	4842.900
11938	4844.100
11802	4852.800
11858	4855.300
11878	4860.900
11826	4861.000
11774	4861.300
11810	4861.500
11762	4863.800
11786	4866.600
11902	4869.500
11846	4873.500
11790	4874.800
11926	4875.000
11830	4881.300
11770	4881.600
11882	4881.800
11914	4883.700
11794	4892.200
11846	4895.400
11942	4896.800
11806	4897.100
11958	4897.800
11758	4899.300
11810	4901.100
11862	4901.100
11930	4901.700
11890	4902.000
11830	4903.900
11818	4904.500
11926	4904.500
11858	4906.800
11754	4906.900
11934	4910.100
11774	4916.300
11842	4916.400
11950	4917.200
11826	4918.900
11846	4919.600
11806	4920.200
11918	4920.300
11830	4929.300
11778	4930.200
11914	4933.500
11866	4934.600
11782	4935.600
11822	4936.100
11834	4936.200
11898	4939.400
11762	4943.400
11790	4943.700
11786	4944.600
11754	4945.400
11874	4947.800
11922	4952.800
11818	4954.100
11934	4954.300
11830	4954.800
11810	4955.800
11854	4958.800
11846	4963.600
11794	4963.800
11938	4963.800
11774	4968.100
11806	4968.200
11942	4970.100
11874	4970.500
11862	4972.600
11882	4978.600
11842	4979.700
11950	4981.200
11966	4983.000
11858	4983.300
11826	4983.600
11834	4983.800
11846	4985.900
11914	4985.900
11806	4986.900
11954	4998.500
11782	4998.900
11762	5002.600
11914	5003.600
11794	5003.800
11942	5006.300
11898	5009.800
11930	5011.000
11846	5015.800
11838	5019.500
11866	5021.300
11874	5028.400
11902	5032.100
11790	5032.400
11938	5035.000
11950	5035.100
11922	5035.200
11754	5037.400
11862	5038.000
11858	5040.400
11934	5043.900
11830	5045.300
11910	5046.600
11930	5047.000
11926	5051.200
11918	5053.300
11938	5055.600
11762	5057.400
11854	5058.800
11806	5066.300
11802	5067.100
11874	5067.200
11890	5067.800
11810	5068.400
11790	5069.400
11898	5076.100
11846	5077.000
11862	5078.500
11942	5079.400
11770	5082.100
11830	5083.500
11938	5083.800
11954	5084.600
11858	5087.100
11878	5089.000
11918	5089.400
11834	5092.700
11806	5094.400
11950	5100.900
11898	5101.500
11762	5103.500
11810	5104.700
11874	5113.200
11954	5116.000
11902	5116.800
11882	5117.000
11914	5117.800
11962	5119.000
11846	5120.700
11830	5122.200
11858	5125.100
11802	5132.500
11794	5133.300
11810	5134.800
11806	5135.400
11782	5137.100
11926	5138.200
11862	5139.200
11790	5142.600
11850	5143.800
11830	5149.000
11942	5149.200
11858	5150.200
11842	5150.400
11930	5150.500
11898	5151.000
11934	5152.200
11754	5154.100
11846	5156.000
11950	5163.000
11814	5164.000
11918	5164.000
11946	5167.200
11886	5167.500
11774	5171.500
11954	5172.600
11766	5173.000
11770	5180.500
11762	5180.700
11846	5181.300
11830	5183.500
11914	5184.100
11822	5185.100
11794	5190.500
11790	5191.800
11882	5196.400
11910	5199.100
11806	5203.600
11946	5205.400
11918	5205.800
11802	5206.400
11846	5206.500
11830	5207.200
11774	5207.800
11874	5212.700
11850	5218.900
11930	5219.600
11842	5220.900
11926	5220.900
11834	5226.000
11954	5227.000
11782	5227.900
11902	5232.000
11802	5233.400
11838	5233.700
11942	5234.400
11914	5236.500
11830	5238.600
11862	5239.000
11810	5249.500
11786	5253.900
11790	5254.100
11806	5257.000
11846	5258.300
11930	5258.900
11942	5258.900
11894	5268.400
11882	5268.900
11874	5271.700
11958	5273.400
11794	5276.500
11802	5277.000
11834	5277.500
11902	5279.100
11914	5279.700
11806	5282.300
11830	5285.200
11846	5290.400
11758	5291.100
11926	5292.900
11946	5295.500
11898	5296.800
11954	5301.600
11762	5303.800
11838	5306.300
11794	5310.700
11906	5310.700
11830	5310.900
11902	5313.500
11914	5314.600
11858	5318.000
11910	5325.600
11846	5325.900
11770	5326.200
11926	5326.200
11754	5329.200
11946	5330.900
11950	5336.700
11814	5338.500
11790	5338.700
11938	5341.400
11918	5341.800
11762	5342.400
11942	5342.400
11858	5344.000
11810	5347.500
11774	5355.100
11930	5355.100
11934	5357.600
11846	5358.200
11926	5358.800
11830	5360.600
11790	5365.500
11942	5371.400
11914	5373.700
11758	5373.900
11866	5378.500
11874	5379.100
11950	5385.400
11846	5386.700
11794	5387.800
11938	5387.900
11898	5393.500
11774	5394.900
11914	5398.500
11818	5399.100
11798	5403.900
11958	5406.400
11846	5410.800
11878	5411.000
11926	5412.600
11870	5420.800
11858	5422.000
11814	5423.300
11954	5426.000
11802	5427.200
11806	5434.000
11938	5435.000
11914	5437.100
11754	5447.200
11850	5447.800
11918	5451.400
11958	5453.500
11934	5453.900
11878	5454.600
11818	5454.800
11762	5455.100
11806	5456.000
11846	5461.000
11830	5463.300
11802	5467.400
11942	5468.800
11858	5469.000
11878	5473.000
11930	5479.000
11806	5483.400
11926	5485.300
11966	5487.600
11810	5489.500
11790	5498.000
11890	5499.700
11862	5501.300
11830	5501.400
11914	5504.600
11834	5510.800
11754	5510.900
11962	5511.500
11926	5511.600
11858	5513.400
11950	5514.400
11878	5524.000
11770	5524.300
11806	5526.500
11814	5527.600
11918	5529.700
11882	5531.200
11758	5533.900
11762	5538.200
11790	5541.900
11890	5546.000
11814	5553.400
11878	5553.900
11846	5557.000
11810	5557.300
11870	5557.500
11774	5561.400
11770	5568.200
11762	5572.100
11830	5573.400
11826	5577.100
11822	5577.600
11834	5577.900
11842	5580.200
11914	5585.500
11930	5589.100
11790	5589.600
11846	5590.900
11962	5591.800
11922	5591.900
11830	5592.200
11938	5592.700
11898	5603.700
11818	5604.100
11814	5606.800
11810	5609.000
11878	5609.100
11930	5609.300
11762	5611.400
11858	5612.200
11806	5620.800
11874	5621.600
11754	5621.700
11794	5622.900
11830	5626.400
11946	5626.600
11790	5637.900
11958	5637.900
11846	5638.600
11942	5638.900
11890	5645.700
11882	5646.700
11862	5647.000
11914	5647.700
11830	5653.500
11846	5662.100
11938	5662.600
11774	5664.200
11762	5664.800
11814	5665.300
11878	5668.000
11942	5672.200
11826	5674.800
11930	5679.700
11806	5679.900
11802	5680.100
11810	5680.200
11794	5681.400
11830	5686.300
11782	5687.300
11850	5693.500
11898	5693.800
11838	5695.900
11874	5696.200
11902	5696.800
11762	5702.800
11922	5705.500
11942	5705.800
11810	5708.500
11858	5708.700
11954	5714.400
11770	5714.900
11846	5716.400
11830	5718.100
11950	5718.300
11902	5724.500
11874	5727.800
11926	5728.200
11946	5728.800
11802	5730.900
11914	5733.000
11790	5734.100
11850	5734.900
11806	5735.600
11830	5744.600
11918	5746.000
11782	5748.500
11942	5751.100
11810	5752.700
11926	5753.400
11862	5755.000
11858	5755.200
11834	5755.500
11814	5757.700
11774	5765.100
11930	5768.100
11846	5768.200
11830	5770.100
11818	5771.000
11754	5775.400
11934	5775.700
11926	5783.600
11942	5784.600
11950	5793.100
11810	5794.500
11938	5797.700
11882	5801.500
11866	5803.100
11814	5803.500
11846	5804.200
11766	5809.000
11782	5809.000
11858	5811.700
11954	5813.000
11806	5813.600
11902	5815.400
11874	5816.400
11802	5816.900
11762	5820.100
11830	5821.500
11834	5824.400
11898	5824.500
11770	5832.500
11794	5834.500
11846	5835.900
11758	5837.200
11950	5837.500
11934	5839.300
11810	5840.100
11754	5842.800
11830	5843.600
11898	5849.500
11926	5849.600
11850	5850.100
11854	5851.400
11790	5854.300
11950	5862.100
11846	5862.200
11890	5863.200
11934	5864.700
11806	5871.300
11830	5875.500
11874	5877.700
11810	5880.200
11914	5882.400
11858	5891.100
11862	5894.500
11846	5894.600
11774	5896.500
11878	5905.500
11882	5906.500
11942	5907.400
11802	5908.100
11958	5908.100
11914	5910.800
11794	5913.600
11850	5913.700
11930	5913.900
11790	5923.800
11934	5924.900
11818	5926.500
11946	5927.100
11806	5927.400
11810	5929.600
11846	5930.000
11786	5930.400
11862	5932.600
11762	5940.300
11834	5941.400
11950	5942.200
11774	5945.200
11830	5949.000
11802	5949.300
11918	5951.800
11878	5952.000
11942	5955.500
11846	5955.900
11814	5956.000
11810	5956.100
11938	5958.600
11838	5966.700
11830	5968.600
11954	5972.300
11874	5972.400
11910	5974.700
11926	5976.500
11914	5979.300
11934	5980.400
11930	5983.100
11942	5983.300
11754	5983.700
11918	5984.900
11798	5991.100
11818	5992.800
11886	5995.100
11846	5997.100
11898	5997.200
11946	5997.200
11950	5998.100
11814	5998.700
11938	6010.800
11790	6011.400
11910	6015.500
11874	6016.400
11770	6016.700
11902	6019.000
11806	6023.600
11870	6024.900
11810	6028.700
11830	6029.600
11926	6031.500
11878	6032.700
11854	6033.700
11846	6041.400
11918	6041.500
11930	6042.000
11950	6046.800
11938	6047.400
11890	6047.600
11774	6050.000
11782	6050.000
11814	6055.000
11882	6055.600
11758	6058.100
11838	6059.700
11866	6059.700
11898	6060.400
11818	6064.300
11926	6064.900
11770	6073.800
11754	6076.100
11950	6077.200
11934	6078.400
11874	6081.700
11962	6084.800
11806	6086.800
11938	6089.000
11854	6089.700
11802	6091.200
11830	6093.100
11902	6095.400
11858	6098.600
11878	6104.900
11926	6107.600
11930	6114.700
11894	6116.700
11798	6119.300
11966	6119.800
11850	6120.900
11830	6121.900
11834	6123.900
11846	6123.900
11942	6123.900
11898	6127.100
11818	6132.500
11770	6132.800
11934	6137.400
11958	6139.800
11754	6143.800
11878	6148.100
11794	6148.300
11758	6148.900
11926	6149.400
11930	6152.400
11838	6154.100
11830	6154.300
11914	6156.800
11846	6166.900
11858	6167.100
11810	6168.100
11778	6170.400
11862	6172.700
11926	6173.900
11850	6174.500
11942	6183.900
11914	6184.500
11830	6184.700
11834	6187.200
11882	6194.700
11846	6198.900
11758	6201.800
11782	6202.300
11910	6203.600
11822	6204.400
11950	6205.000
11914	6211.200
11830	6212.600
11866	6213.200
11898	6213.400
11874	6218.800
11934	6221.100
11846	6221.500
11802	6221.900
11954	6223.100
11926	6223.800
11958	6227.000
11850	6228.600
11918	6233.700
11878	6237.100
11806	6238.200
11938	6240.400
11942	6240.800
11814	6241.300
11934	6247.100
11834	6250.000
11902	6251.400
11830	6252.300
11926	6253.600
11874	6254.200
11946	6255.300
11962	6264.900
11790	6269.900
11902	6270.000
11858	6270.500
11882	6270.900
11810	6271.900
11854	6273.200
11774	6274.800
11950	6279.900
11806	6280.700
11762	6281.000
11898	6281.900
11914	6288.400
11846	6289.200
11938	6289.200
11918	6304.200
11926	6304.400
11938	6305.000
11830	6306.000
11858	6318.000
11846	6319.200
11878	6320.200
11914	6323.200
11810	6323.500
11902	6323.500
11834	6326.800
11774	6327.200
11806	6328.800
11890	6331.000
11830	6331.800
11846	6339.500
11786	6339.900
11790	6343.500
11782	6348.100
11914	6351.700
11962	6354.200
11858	6356.500
11762	6356.700
11754	6359.000
11834	6359.500
11806	6363.100
11898	6366.700
11878	6367.300
11930	6371.200
11874	6371.300
11758	6371.700
11950	6372.100
11866	6374.700
11910	6375.100
11926	6375.200
11902	6377.100
11778	6388.200
11846	6389.300
11766	6396.400
11822	6396.600
11830	6396.600
11914	6396.600
11878	6401.100
11890	6401.200
11858	6402.100
11754	6405.000
11786	6406.400
11762	6413.700
11774	6413.700
11874	6414.500
11946	6416.200
11898	6417.100
11818	6418.700
11846	6418.800
11962	6419.200
11790	6420.800
11830	6420.800
11770	6424.000
11878	6429.400
11810	6429.800
11858	6434.600
11914	6434.700
11806	6437.600
11854	6441.100
11938	6445.500
11918	6457.500
11782	6458.600
11802	6461.600
11878	6463.600
11966	6465.000
11846	6466.800
11830	6467.300
11858	6469.000
11778	6471.600
11874	6476.200
11806	6476.400
11766	6476.800
11946	6478.900
11938	6479.400
11898	6481.500
11802	6489.800
11942	6492.700
11878	6492.800
11810	6493.000
11770	6500.800
11890	6501.000
11846	6504.400
11954	6507.600
11950	6511.200
11774	6512.800
11898	6515.300
11802	6521.400
11858	6528.600
11830	6528.800
11806	6528.900
11862	6529.000
11854	6530.200
11846	6534.200
11926	6537.800
11850	6540.500
11754	6541.600
11950	6541.800
11814	6547.400
11934	6548.100
11878	6549.300
11774	6550.300
11954	6551.200
11802	6552.400
11942	6554.300
11790	6557.000
11866	6557.900
11762	6559.800
11846	6560.200
11806	6563.300
11766	6569.800
11958	6569.800
11914	6569.900
11794	6570.400
11822	6570.800
11754	6573.300
11798	6574.700
11926	6577.600
11950	6584.500
11846	6586.600
11914	6587.400
11790	6588.500
11890	6589.000
11934	6589.900
11762	6591.100
11854	6596.000
11810	6598.200
11794	6601.500
11862	6601.900
11806	6608.100
11918	6608.500
11898	6608.800
11926	6609.000
11846	6609.700
11938	6609.800
11866	6610.700
11934	6612.300
11874	6626.000
11806	6627.100
11830	6628.100
11802	6635.900
11918	6637.300
11846	6638.500
11950	6642.300
11810	6643.800
11926	6644.000
11878	6644.400
11914	6650.000
11962	6651.500
11790	6655.800
11806	6660.700
11858	6660.700
11882	6661.200
11890	6663.400
11954	6665.900
11846	6666.800
11822	6669.600
11862	6669.700
11926	6671.700
11958	6674.400
11834	6675.400
11950	6675.400
11830	6675.500
11898	6685.700
11794	6685.900
11846	6686.100
11918	6686.600
11942	6689.500
11774	6700.200
11882	6703.200
11914	6703.800
11790	6706.900
11874	6706.900
11798	6708.200
11806	6708.500
11922	6716.500
11958	6719.200
11818	6720.000
11898	6724.200
11786	6727.800
11810	6727.800
11846	6730.800
11830	6734.200
11962	6734.900
11878	6735.100
11858	6737.100
11834	6740.700
11754	6741.100
11910	6746.500
11918	6746.500
11822	6748.800
11914	6749.000
11926	6749.000
11894	6750.500
11886	6751.300
11782	6755.900
11874	6758.000
11806	6760.400
11890	6763.100
11850	6763.600
11938	6763.600
11878	6769.500
11802	6775.600
11898	6775.600
11834	6776.700
11966	6776.800
11810	6778.900
11926	6780.900
11870	6785.100
11934	6785.500
11962	6792.500
11806	6792.700
11846	6793.600
11938	6796.800
11862	6798.100
11858	6800.000
11758	6800.800
11774	6807.300
11766	6808.900
11830	6809.300
11794	6811.900
11754	6812.400
11914	6817.000
11818	6821.200
11790	6821.900
11798	6824.300
11942	6828.600
11890	6836.700
11898	6836.900
11926	6844.500
11846	6845.200
11754	6845.800
11946	6851.000
11938	6854.300
11830	6855.500
11802	6860.500
11858	6862.300
11810	6864.200
11862	6864.800
11878	6865.000
11882	6865.900
11826	6866.400
11814	6866.600
11834	6872.300
11914	6876.800
11806	6881.600
11926	6882.100
11858	6882.500
11930	6884.600
11790	6890.100
11830	6891.800
11918	6893.100
11846	6897.100
11874	6897.200
11794	6897.300
11758	6900.000
11822	6904.600
11910	6912.200
11946	6913.000
11878	6914.200
11850	6917.300
11770	6920.900
11806	6921.700
11830	6925.100
11810	6926.000
11898	6926.200
11846	6932.700
11762	6934.300
11774	6937.000
11942	6937.200
11874	6938.200
11802	6938.800
11914	6939.300
11958	6944.500
11758	6944.700
11850	6947.100
11834	6949.100
11830	6952.200
11934	6957.600
11762	6959.400
11858	6961.700
11778	6963.200
11814	6964.700
11878	6966.600
11902	6971.500
11870	6972.400
11802	6975.400
11938	6980.300
11782	6982.300
11806	6986.500
11926	6987.700
11858	6990.000
11946	6992.000
11914	6992.100
11950	6992.400
11846	6995.200
11770	6999.400
11958	7004.000
11874	7006.200
11798	7008.100
11938	7008.200
11850	7009.000
11762	7009.300
11806	7010.800
11830	7014.200
11918	7018.400
11834	7018.900
11758	7019.200
11826	7022.500
11866	7022.800
11870	7024.000
11822	7025.500
11890	7032.800
11766	7037.600
11898	7038.500
11798	7041.700
11782	7044.800
11938	7049.500
11902	7050.900
11774	7051.800
11830	7054.200
11874	7058.100
11790	7059.900
11882	7065.600
11810	7066.600
11926	7069.000
11862	7070.900
11814	7076.600
11802	7077.000
11954	7080.000
11938	7081.600
11918	7085.600
11930	7090.300
11794	7092.000
11926	7093.200
11962	7107.600
11882	7111.400
11894	7111.800
11810	7112.400
11830	7112.800
11790	7120.300
11858	7121.700
11846	7122.200
11770	7123.200
11754	7124.800
11874	7125.400
11794	7126.500
11806	7127.900
11810	7127.900
11898	7131.000
11762	7134.500
11938	7135.500
11882	7140.000
11830	7143.000
11782	7147.700
11942	7148.100
11898	7150.900
11934	7153.600
11926	7154.700
11802	7158.800
11858	7159.300
11846	7162.200
11810	7162.500
11854	7162.900
11774	7166.900
11830	7167.200
11754	7167.500
11938	7167.800
11766	7169.400
11874	7171.200
11902	7181.000
11922	7182.500
11894	7183.700
11934	7184.500
11818	7186.300
11958	7187.200
11854	7188.900
11790	7192.100
11878	7192.400
11786	7195.400
11806	7196.200
11810	7199.000
11918	7203.600
11858	7205.800
11794	7206.000
11926	7208.400
11830	7209.600
11890	7215.100
11846	7215.800
11934	7217.200
11942	7222.300
11962	7222.900
11918	7225.000
11766	7226.600
11802	7226.600
11806	7229.300
11898	7234.800
11878	7236.300
11846	7237.200
11858	7241.000
11950	7241.700
11934	7244.600
11810	7244.800
11866	7247.500
11826	7250.100
11770	7252.500
11786	7255.000
11946	7258.000
11914	7258.400
11938	7258.700
11830	7261.100
11754	7261.300
11926	7268.500
11790	7269.700
11798	7271.600
11854	7271.900
11962	7272.600
11806	7276.800
11846	7278.900
11754	7279.800
11762	7280.800
11938	7282.500
11942	7285.300
11902	7285.400
11858	7285.700
11774	7285.800
11778	7288.000
11850	7288.700
11918	7291.000
11802	7297.500
11874	7301.700
11846	7304.100
11830	7305.400
11790	7309.100
11810	7309.900
11882	7315.000
11954	7318.500
11782	7319.200
11806	7319.600
11858	7319.800
11758	7321.800
11834	7324.500
11890	7331.900
11862	7333.500
11926	7334.800
11830	7335.200
11942	7335.400
11930	7336.300
11850	7341.600
11914	7346.000
11894	7347.000
11858	7347.500
11810	7351.100
11806	7353.000
11926	7353.100
11754	7353.400
11790	7353.500
11878	7353.700
11882	7360.900
11918	7365.100
11950	7365.600
11846	7365.700
11814	7367.800
11938	7367.900
11866	7368.700
11914	7368.900
11874	7382.000
11794	7383.600
11926	7385.200
11790	7385.600
11830	7386.200
11846	7387.100
11946	7388.000
11958	7393.400
11806	7398.300
11754	7399.000
11802	7399.000
11810	7399.100
11782	7402.900
11850	7402.900
11898	7403.200
11818	7406.700
11874	7411.800
11934	7415.400
11950	7415.900
11930	7420.600
11866	7425.700
11762	7426.200
11798	7426.200
11942	7426.300
11846	7430.600
11950	7431.400
11790	7433.100
11806	7436.500
11794	7440.700
11898	7442.500
11914	7442.700
11918	7442.800
11798	7449.200
11926	7451.500
11830	7455.100
11874	7457.400
11918	7458.600
11846	7460.100
11962	7469.700
11934	7469.800
11802	7473.400
11938	7476.000
11806	7480.300
11942	7487.100
11758	7488.200
11794	7488.700
11918	7489.900
11838	7492.100
11782	7494.400
11798	7494.800
11766	7497.100
11898	7503.800
11822	7506.600
11870	7506.800
11874	7507.700
11926	7511.800
11902	7514.800
11878	7522.300
11950	7523.700
11890	7524.300
11914	7526.200
11858	7529.500
11862	7537.400
11770	7537.600
11838	7537.700
11830	7542.500
11870	7543.000
11946	7543.000
11954	7543.500
11806	7543.600
11826	7552.000
11930	7554.400
11874	7554.600
11802	7554.700
11918	7555.100
11762	7557.600
11894	7562.500
11898	7562.600
11878	7563.600
11810	7569.200
11846	7569.400
11866	7571.500
11758	7574.900
11914	7580.600
11766	7581.200
11770	7589.100
11878	7590.000
11950	7590.300
11938	7591.100
11806	7595.600
11902	7596.300
11762	7600.800
11758	7603.800
11810	7605.600
11830	7612.300
11814	7613.500
11870	7617.400
11954	7624.300
11910	7626.500
11914	7627.300
11762	7627.500
11806	7633.400
11938	7638.200
11834	7638.300
11830	7639.100
11942	7640.100
11898	7640.300
11846	7645.700
11782	7647.000
11858	7648.100
11878	7649.200
11914	7650.200
11850	7656.900
11754	7660.400
11934	7660.500
11814	7661.100
11874	7664.600
11950	7669.700
11762	7674.800
11806	7677.800
11838	7678.100
11830	7678.300
11938	7678.400
11898	7678.600
11918	7688.700
11810	7693.400
11958	7693.400
11782	7693.500
11802	7696.000
11858	7696.000
11926	7696.400
11878	7701.300
11830	7702.600
11902	7706.600
11934	7711.500
11914	7711.800
11958	7713.000
11926	7715.900
11762	7716.600
11846	7717.400
11890	7719.600
11830	7720.100
11858	7731.200
11854	7731.800
11754	7733.400
11802	7733.800
11878	7733.800
11918	7735.300
11810	7735.500
11914	7742.700
11806	7743.300
11866	7744.300
11862	7746.300
11786	7748.600
11962	7749.700
11942	7750.000
11762	7758.700
11770	7758.900
11938	7759.600
11774	7759.900
11950	7763.200
11914	7763.900
11806	7764.500
11846	7769.500
11878	7771.900
11834	7774.100
11858	7776.300
11762	7780.300
11866	7780.900
11778	7781.000
11934	7781.100
11902	7784.400
11854	7787.300
11754	7791.000
11914	7797.600
11870	7798.000
11794	7802.100
11874	7804.200
11862	7807.500
11958	7810.400
11926	7810.700
11898	7811.200
11890	7812.900
11962	7813.900
11918	7817.900
11858	7818.100
11802	7821.200
11810	7824.900
11854	7825.200
11846	7825.500
11874	7832.700
11882	7840.000
11918	7845.100
11870	7845.800
11806	7846.100
11898	7849.500
11890	7853.600
11826	7856.700
11926	7857.500
11814	7858.300
11950	7858.300
11942	7859.100
11862	7863.900
11774	7864.000
11874	7864.200
11922	7873.700
11830	7873.900
11858	7878.600
11798	7879.000
11758	7879.300
11754	7879.900
11786	7886.300
11902	7889.100
11778	7893.700
11790	7893.700
11862	7895.300
11942	7896.800
11930	7898.300
11846	7899.800
11830	7904.100
11898	7905.300
11774	7909.700
11838	7910.100
11946	7914.500
11802	7915.600
11806	7917.000
11810	7917.400
11878	7926.900
11942	7927.900
11870	7930.300
11958	7930.900
11846	7934.500
11762	7936.300
11898	7937.800
11866	7943.100
11794	7953.900
11934	7955.800
11954	7959.500
11802	7961.100
11914	7962.800
11938	7962.900
11958	7963.000
11858	7966.300
11786	7969.200
11902	7975.500
11806	7977.100
11754	7977.800
11874	7977.800
11926	7978.300
11854	7982.000
11774	7982.600
11938	7983.200
11950	7991.500
11882	7994.800
11802	7995.500
11846	7999.300
11862	8000.900
11766	8009.200
11898	8009.200
11902	8010.700
11878	8012.700
11814	8013.700
11858	8020.000
11754	8022.100
11946	8026.600
11926	8032.500
11914	8033.700
11790	8037.800
11910	8037.800
11906	8038.200
11798	8049.900
11806	8050.500
11870	8053.100
11762	8054.200
11898	8058.700
11890	8061.400
11774	8061.800
11830	8062.600
11942	8062.700
11846	8064.300
11858	8066.100
11954	8067.500
11802	8067.800
11810	8068.000
11926	8072.700
11930	8078.800
11826	8079.800
11918	8080.400
11850	8081.000
11950	8083.200
11878	8083.900
11906	8083.900
11846	8090.000
11866	8093.400
11966	8093.600
11858	8095.900
11802	8097.800
11806	8099.800
11930	8101.800
11862	8106.200
11938	8109.400
11882	8112.300
11942	8112.300
11766	8112.500
11814	8117.600
11846	8119.400
11830	8120.200
11834	8120.700
11954	8121.000
11926	8122.000
11910	8125.100
11950	8125.200
11758	8125.500
11918	8126.500
11802	8133.200
11790	8138.300
11878	8138.300
11810	8140.900
11950	8141.600
11914	8142.700
11806	8143.000
11762	8143.100
11754	8143.400
11866	8143.500
11846	8144.300
11794	8148.900
11782	8151.500
11862	8158.800
11874	8158.800
11802	8160.300
11898	8165.100
11938	8165.700
11894	8168.200
11870	8177.400
11882	8177.400
11858	8179.200
11830	8179.400
11810	8186.100
11954	8186.200
11770	8191.600
11842	8195.100
11878	8196.400
11806	8197.500
11902	8197.800
11830	8198.600
11942	8204.600
11950	8206.200
11846	8208.500
11914	8210.100
11946	8210.700
11930	8212.400
11958	8215.000
11898	8215.200
11890	8216.700
11790	8223.200
11866	8225.200
11770	8228.000
11786	8228.400
11806	8230.700
11878	8231.500
11918	8233.400
11938	8234.500
11894	8238.800
11802	8240.000
11810	8240.900
11926	8249.300
11874	8250.400
11834	8252.500
11754	8258.300
11858	8264.200
11922	8264.800
11914	8268.900
11818	8271.400
11870	8273.200
11770	8280.200
11910	8281.000
11806	8282.300
11874	8284.800
11906	8285.600
11822	8286.500
11882	8291.500
11802	8291.600
11950	8291.600
11890	8292.100
11846	8297.000
11754	8297.500
11810	8299.900
11770	8303.900
11830	8303.900
11786	8304.500
11878	8304.500
11946	8308.100
11870	8310.000
11914	8310.500
11966	8317.100
11898	8321.600
11754	8323.000
11862	8323.500
11858	8325.900
11774	8326.000
11794	8326.000
11766	8326.200
11954	8329.600
11838	8338.200
11846	8342.400
11802	8342.800
11930	8346.300
11942	8346.700
11830	8347.000
11878	8349.500
11914	8349.500
11958	8353.600
11926	8355.100
11874	8362.200
11762	8362.400
11850	8363.300
11918	8365.800
11830	8371.000
11842	8371.900
11846	8372.300
11902	8376.700
11814	8376.900
11938	8385.400
11806	8386.600
11854	8389.900
11942	8396.500
11818	8396.900
11802	8397.200
11846	8402.200
11878	8403.600
11934	8406.600
11806	8409.700
11966	8415.100
11922	8420.900
11862	8421.800
11858	8424.500
11874	8424.600
11806	8428.500
11782	8429.700
11946	8429.900
11950	8431.800
11930	8432.500
11958	8432.500
11830	8433.000
11898	8433.200
11790	8444.200
11890	8445.400
11914	8445.600
11818	8447.300
11774	8449.600
11754	8450.000
11898	8452.000
11794	8461.400
11874	8464.100
11882	8465.800
11830	8467.100
11846	8471.000
11806	8472.500
11838	8472.500
11866	8476.400
11954	8482.400
11902	8483.000
11770	8483.500
11858	8484.200
11878	8485.100
11778	8489.200
11914	8489.900
11958	8496.700
11846	8504.400
11790	8507.100
11762	8508.200
11858	8508.300
11806	8510.100
11874	8510.800
11882	8511.100
11918	8511.400
11814	8520.600
11898	8520.600
11794	8523.500
11830	8524.900
11846	8526.700
11890	8527.600
11926	8528.800
11930	8534.000
11858	8535.500
11774	8535.800
11866	8537.700
11874	8539.700
11754	8539.900
11842	8543.100
11922	8544.400
11914	8545.800
11826	8549.600
11770	8550.900
11898	8556.300
11794	8560.500
11902	8560.900
11822	8561.500
11798	8563.800
11754	8564.800
11886	8565.400
11830	8570.100
11926	8571.600
11946	8574.500
11942	8583.000
11962	8583.000
11858	8583.300
11846	8584.900
11914	8593.500
11754	8594.300
11806	8597.000
11926	8598.100
11834	8600.700
11958	8601.500
11938	8605.300
11934	8606.800
11862	8610.600
11878	8615.200
11882	8616.900
11918	8619.800
11914	8626.600
11858	8628.900
11782	8629.300
11822	8631.900
11766	8634.400
11874	8634.800
11898	8641.100
11846	8647.400
11830	8649.300
11834	8652.900
11862	8653.300
11954	8653.400
11754	8653.800
11786	8654.900
11914	8656.500
11782	8660.000
11962	8660.200
11790	8660.300
11874	8664.600
11758	8664.700
11830	8669.400
11890	8673.900
11762	8674.300
11898	8681.200
11858	8681.900
11926	8682.000
11894	8682.300
11902	8682.300
11942	8683.500
11946	8697.500
11926	8697.700
11958	8699.300
11802	8700.600
11810	8701.600
11830	8707.000
11846	8714.100
11938	8714.400
11914	8716.400
11754	8716.700
11806	8725.400
11878	8728.600
11830	8733.400
11874	8734.500
11862	8739.000
11846	8741.500
11754	8743.200
11934	8745.000
11962	8750.200
11918	8752.800
11802	8755.600
11794	8756.100
11806	8760.100
11938	8761.100
11898	8764.300
11874	8765.800
11882	8767.200
11894	8767.600
11758	8770.200
11810	8772.000
11870	8775.400
11830	8775.700
11890	8776.400
11922	8776.400
11858	8779.600
11782	8784.100
11902	8787.300
11818	8789.200
11762	8789.500
11878	8790.400
11898	8792.800
11814	8793.500
11774	8796.400
11846	8796.600
11962	8802.500
11946	8806.100
11854	8812.900
11850	8815.300
11802	8819.100
11878	8820.600
11914	8821.100
11834	8821.500
11938	8821.600
11926	8821.700
11806	8821.900
11958	8821.900
11942	8831.000
11934	8831.800
11846	8838.900
11830	8841.000
11862	8842.300
11858	8844.200
11850	8846.100
11842	8849.400
11950	8849.800
11966	8851.400
11754	8851.500
11874	8852.500
11934	8855.400
11806	8857.800
11762	8858.000
11774	8858.700
11790	8860.200
11882	8862.000
11810	8862.300
11830	8865.600
11914	8866.700
11890	8871.500
11942	8871.900
11782	8875.700
11790	8878.900
11846	8878.900
11806	8881.000
11814	8881.200
11874	8881.300
11938	8884.300
11830	8886.600
11778	8890.300
11858	8897.000
11862	8897.800
11874	8898.600
11834	8903.800
11918	8905.100
11878	8911.000
11882	8912.300
11830	8914.900
11946	8916.200
11910	8918.300
11942	8918.300
11898	8918.900
11934	8928.400
11814	8928.500
11802	8929.700
11846	8931.600
11938	8932.700
11806	8932.800
11818	8937.300
11878	8938.300
11930	8941.100
11786	8946.400
11858	8948.900
11870	8957.500
11942	8958.000
11846	8958.100
11922	8958.300
11850	8958.800
11830	8960.800
11770	8963.100
11794	8964.300
11806	8971.100
11842	8974.700
11890	8974.700
11882	8974.900
11874	8975.400
11810	8976.900
11914	8980.200
11846	8981.600
11802	8984.100
11754	8990.500
11818	8990.700
11898	8995.700
11830	8996.600
11790	9001.000
11918	9003.300
11814	9004.200
11938	9008.800
11962	9009.000
11810	9013.800
11958	9014.300
11806	9014.500
11926	9015.100
11874	9016.600
11758	9017.500
11858	9028.300
11842	9028.500
11878	9030.500
11902	9034.400
11834	9035.100
11946	9037.000
11898	9037.200
11958	9037.600
11846	9040.400
11942	9043.400
11810	9047.100
11914	9051.000
11802	9060.600
11858	9060.700
11878	9060.900
11846	9064.900
11862	9069.500
11950	9072.500
11890	9074.500
11782	9076.900
11806	9076.900
11882	9076.900
11938	9077.200
11802	9080.000
11834	9084.900
11862	9089.000
11830	9089.600
11814	9095.200
11758	9096.200
11870	9097.900
11770	9098.500
11954	9101.900
11926	9109.200
11938	9109.400
11854	9110.500
11878	9113.500
11902	9117.100
11754	9118.300
11834	9118.800
11762	9125.000
11830	9125.600
11942	9127.800
11898	9128.700
11902	9134.400
11846	9134.800
11946	9147.200
11770	9148.700
11810	9149.900
11878	9149.900
11898	9150.000
11954	9160.500
11766	9160.700
11762	9164.400
11914	9166.900
11918	9167.200
11934	9167.500
11846	9168.000
11806	9176.100
11950	9177.900
11830	9178.100
11878	9179.700
11938	9184.400
11782	9184.800
11814	9185.500
11898	9197.500
11902	9201.100
11886	9202.000
11770	9202.200
11830	9207.200
11870	9207.700
11878	9215.100
11898	9215.900
11846	9219.300
11934	9220.900
11866	9222.200
11962	9223.000
11806	9228.100
11802	9234.400
11938	9235.100
11782	9238.600
11818	9240.200
11830	9240.200
11858	9241.400
11894	9245.300
11874	9247.100
11810	9251.600
11834	9252.500
11790	9252.900
11762	9255.400
11902	9256.800
11914	9257.300
11846	9257.800
11754	9258.900
11878	9261.000
11858	9267.200
11774	9270.400
11886	9271.500
11898	9272.200
11862	9273.100
11770	9273.200
11790	9277.400
11846	9277.900
11878	9287.300
11914	9291.100
11830	9296.900
11958	9297.300
11854	9300.800
11846	9301.400
11874	9303.600
11802	9305.800
11946	9316.000
11766	9317.100
11810	9319.000
11790	9321.000
11938	9321.000
11878	9321.500
11798	9321.800
11954	9325.700
11914	9327.500
11858	9328.600
11866	9331.100
11926	9331.900
11962	9334.000
11754	9335.700
11846	9338.100
11950	9338.400
11770	9345.400
11898	9345.800
11934	9354.500
11958	9359.200
11902	9360.100
11878	9360.400
11938	9360.500
11806	9365.100
11782	9365.700
11802	9365.900
11874	9366.000
11894	9368.100
11914	9373.300
11762	9374.000
11898	9374.900
11838	9375.200
11858	9381.200
11942	9381.900
11854	9382.100
11930	9386.200
11846	9389.100
11938	9392.700
11830	9394.500
11754	9395.600
11910	9401.100
11878	9401.500
11810	9402.200
11934	9402.700
11962	9407.100
11802	9409.000
11758	9409.900
11862	9412.100
11966	9421.400
11902	9422.500
11790	9423.900
11830	9425.300
11874	9428.200
11898	9428.600
11934	9434.200
11866	9435.800
11862	9438.200
11942	9438.700
11762	9439.100
11914	9443.900
11754	9444.000
11870	9444.200
11858	9445.600
11846	9450.900
11806	9454.300
11926	9454.500
11834	9454.700
11874	9457.300
11830	9459.300
11754	9467.200
11770	9471.000
11962	9471.200
11846	9471.400
11922	9471.600
11950	9471.800
11946	9474.100
11790	9484.400
11830	9484.900
11938	9486.300
11914	9489.200
11898	9489.400
11858	9494.600
11878	9495.800
11926	9499.500
11942	9501.800
11930	9503.300
11774	9504.600
11846	9507.700
11802	9512.000
11830	9513.200
11834	9513.300
11806	9513.600
11874	9516.600
11770	9516.900
11810	9518.500
11914	9519.500
11762	9522.700
11958	9533.500
11818	9537.900
11846	9538.000
11806	9538.300
11862	9540.500
11870	9540.900
11926	9550.500
11754	9552.300
11918	9553.900
11962	9558.500
11802	9560.700
11910	9560.800
11810	9561.500
11806	9562.000
11938	9563.000
11834	9567.500
11794	9570.900
11886	9573.600
11898	9574.400
11902	9576.200
11862	9579.700
11798	9584.500
11906	9587.100
11958	9587.100
11762	9587.900
11774	9591.400
11818	9593.100
11890	9594.200
11862	9595.100
11926	9595.600
11858	9601.800
11930	9604.400
11830	9605.400
11790	9607.800
11754	9608.200
11826	9608.600
11934	9610.000
11910	9617.500
11846	9618.000
11962	9618.200
11806	9622.900
11942	9623.100
11778	9623.300
11758	9630.100
11830	9631.000
11874	9633.500
11834	9634.800
11902	9635.600
11782	9636.700
11882	9639.800
11822	9642.000
11786	9646.600
11806	9646.900
11926	9647.100
11874	9648.200
11938	9648.400
11918	9648.800
11914	9653.200
11830	9660.900
11854	9661.200
11898	9662.900
11846	9664.800
11902	9671.300
11802	9671.700
11942	9672.000
11890	9672.100
11810	9676.800
11862	9677.600
11962	9679.800
11754	9680.500
11926	9680.500
11762	9681.200
11846	9684.100
11950	9684.800
11814	9688.400
11938	9689.200
11782	9692.300
11806	9693.700
11906	9700.100
11878	9701.700
11882	9704.300
11890	9704.300
11858	9706.000
11954	9708.400
11826	9713.100
11914	9714.300
11854	9719.300
11830	9719.400
11846	9719.500
11850	9720.200
11790	9721.600
11754	9723.100
11958	9731.200
11898	9735.500
11846	9735.700
11794	9737.300
11942	9737.300
11762	9738.000
11862	9744.100
11902	9744.200
11822	9744.900
11774	9746.600
11754	9746.900
11874	9749.600
11950	9749.600
11910	9749.800
11962	9749.800
11934	9754.100
11798	9760.700
11878	9761.200
11806	9761.900
11938	9762.600
11946	9764.600
11830	9765.300
11782	9768.100
11954	9768.900
11802	9772.600
11814	9781.300
11838	9781.800
11902	9781.900
11930	9784.100
11950	9784.300
11926	9785.200
11858	9786.200
11878	9790.500
11806	9799.400
11770	9799.600
11754	9801.200
11874	9801.500
11946	9801.500
11830	9804.900
11854	9808.500
11950	9811.200
11782	9812.300
11846	9813.100
11902	9814.000
11898	9816.800
11790	9820.000
11942	9820.200
11958	9822.100
11794	9829.700
11818	9829.800
11930	9834.800
11810	9837.200
11926	9838.300
11830	9841.600
11846	9841.700
11874	9846.600
11802	9850.400
11762	9853.500
11938	9855.200
11898	9856.300
11918	9856.300
11822	9860.600
11782	9864.900
11830	9868.000
11950	9868.700
11874	9872.100
11802	9874.100
11902	9874.100
11890	9874.500
11810	9875.000
11926	9877.300
11894	9879.800
11790	9888.900
11958	9890.400
11886	9896.600
11878	9897.400
11806	9898.400
11898	9900.600
11850	9901.000
11942	9901.300
11846	9903.900
11934	9906.100
11834	9907.400
11874	9910.400
11902	9914.200
11810	9918.600
11938	9919.100
11806	9919.400
11926	9919.500
11830	9923.800
11862	9928.700
11858	9929.300
11926	9939.600
11878	9940.200
11854	9941.100
11846	9943.900
11790	9948.600
11874	9950.000
11798	9952.700
11934	9952.900
11850	9953.300
11950	9953.700
11778	9955.300
11946	9955.600
11834	9956.000
11910	9960.700
11806	9963.400
11830	9965.800
11898	9966.200
11938	9966.400
11942	9969.900
11866	9970.100
11846	9971.000
11794	9973.900
11934	9981.600
11774	9981.700
11930	9982.300
11754	9986.900
11798	9987.800
11790	9988.000
11958	9990.200
11782	9992.500
11926	10000.000
11830	10002.500
11846	10004.000
11850	10004.500
11942	10006.700
11914	10008.500
11790	10013.500
11834	10013.500
11762	10022.700
11898	10023.500
11874	10025.900
11810	10026.900
11846	10029.200
11890	10029.900
11858	10032.500
11862	10034.100
11830	10037.000
11854	10038.000
11878	10040.800
11774	10042.600
11782	10042.600
11766	10050.500
11846	10055.400
11902	10055.400
11898	10055.800
11822	10057.200
11770	10058.100
11762	10060.300
11794	10067.800
11790	10070.300
11930	10071.900
11806	10072.400
11830	10073.000
11774	10076.500
11874	10079.800
11846	10080.100
11890	10082.500
11810	10088.700
11818	10089.700
11838	10090.000
11898	10090.100
11934	10090.200
11786	10095.600
11962	10096.000
11794	10096.100
11942	10106.400
11830	10108.900
11966	10109.700
11850	10110.500
11862	10113.200
11958	10115.100
11762	10116.100
11810	10120.000
11822	10123.000
11846	10124.000
11774	10126.600
11878	10126.700
11898	10127.500
11882	10128.500
11890	10129.100
11954	10136.900
11850	10140.800
11830	10143.100
11914	10144.200
11782	10147.500
11790	10148.800
11938	10150.900
11858	10160.200
11874	10160.700
11802	10162.500
11834	10164.900
11862	10165.400
11810	10169.900
11830	10182.100
11846	10182.100
11942	10184.300
11774	10187.000
11826	10190.100
11914	10195.400
11798	10198.500
11958	10199.200
11898	10201.300
11846	10202.500
11862	10203.800
11874	10211.300
11890	10211.400
11926	10211.400
11830	10212.000
11934	10218.800
11754	10219.200
11854	10221.400
11882	10227.800
11858	10231.600
11954	10234.100
11770	10239.000
11902	10242.300
11866	10242.700
11806	10247.200
11870	10249.000
11850	10250.600
11926	10251.900
11862	10253.000
11914	10253.900
11950	10254.400
11858	10257.500
11754	10268.900
11790	10269.100
11938	10273.600
11802	10279.200
11830	10281.500
11814	10282.200
11810	10283.400
11926	10284.400
11854	10285.400
11858	10286.200
11778	10286.700
11862	10290.500
11758	10291.600
11930	10296.500
11898	10299.700
11754	10302.600
11962	10303.000
11846	10303.700
11762	10305.400
11794	10305.400
11942	10306.100
11882	10311.400
11790	10312.300
11814	10316.400
11830	10316.500
11874	10321.900
11910	10324.400
11782	10329.800
11858	10331.000
11842	10331.100
11922	10333.100
11938	10333.600
11786	10337.200
11774	10341.800
11830	10342.700
11806	10343.300
11918	10345.500
11890	10346.900
11870	10348.000
11802	10349.000
11898	10349.200
11874	10349.300
11850	10350.200
11794	10350.700
11954	10354.000
11810	10354.900
11958	10360.800
11762	10364.300
11770	10369.300
11858	10370.100
11902	10378.100
11950	10379.000
11914	10381.400
11806	10382.100
11866	10382.300
11862	10382.400
11906	10383.800
11774	10388.000
11790	10391.900
11846	10396.100
11818	10397.700
11930	10400.300
11794	10401.900
11858	10402.300
11914	10402.400
11850	10402.600
11830	10404.700
11826	10405.000
11934	10407.400
11810	10413.700
11762	10415.700
11758	10417.800
11918	10418.700
11842	10420.300
11938	10420.600
11834	10420.700
11802	10425.200
11846	10432.000
11830	10434.900
11914	10436.000
11878	10436.700
11794	10436.800
11926	10439.400
11790	10439.600
11754	10440.600
11858	10441.000
11874	10441.300
11946	10443.300
11918	10448.400
11850	10449.600
11942	10454.100
11950	10454.900
11862	10456.200
11898	10459.300
11882	10461.400
11846	10465.600
11914	10466.100
11830	10470.100
11834	10474.400
11790	10475.100
11814	10476.400
11858	10477.600
11762	10486.800
11898	10491.100
11878	10491.700
11918	10491.800
11934	10492.300
11854	10492.600
11846	10492.800
11874	10498.800
