# NEST version: 3.9.0-post0.dev0
# RecordingBackendASCII version: 2
sender	time_ms
4134	500.100
2142	504.100
3814	505.900
358	518.200
3418	518.700
3334	518.800
950	519.400
3498	519.800
1858	520.500
3934	521.700
3854	522.200
3162	522.400
2098	523.700
3006	523.900
1578	524.700
1502	526.400
1682	527.700
2034	527.700
3626	534.700
2590	537.100
742	537.200
3658	539.100
766	539.600
3370	539.700
926	540.100
1610	540.100
2874	541.400
2946	542.400
2662	542.700
2734	555.800
1438	556.700
1606	556.700
4074	557.000
2634	557.100
2326	557.300
2942	557.500
3334	557.600
1974	557.900
506	558.200
546	558.300
1162	558.300
306	558.600
690	558.600
2558	558.600
246	574.600
958	574.800
3654	575.100
3186	575.400
162	575.700
2442	576.100
802	576.600
1882	576.600
3170	577.500
678	577.800
2362	578.200
1466	594.800
4102	595.200
226	595.700
650	595.800
1162	598.300
4042	598.700
2606	598.800
3958	599.300
2318	600.200
94	602.100
2966	602.300
3122	603.900
1114	604.400
3362	605.900
646	609.600
3830	613.100
1398	614.500
3954	615.200
1534	616.800
4030	616.800
4134	616.800
1218	619.300
754	619.400
2458	619.500
1350	622.200
646	624.900
3066	625.700
546	627.600
1274	627.600
3182	627.600
2910	627.800
2134	628.800
1710	629.900
1342	631.900
2542	638.300
2030	638.400
2342	640.100
2814	642.200
1258	648.300
246	651.300
326	651.600
2602	651.600
2718	651.700
1802	651.800
3806	651.900
2898	652.000
62	652.100
3690	653.500
78	653.700
718	653.700
3630	654.300
2842	654.500
522	655.800
2326	668.400
2266	669.400
1794	669.600
2106	669.800
3310	669.800
1814	669.900
1166	670.000
2722	670.200
1414	670.300
378	670.400
1910	670.600
3670	686.100
4094	686.700
478	687.600
2066	687.800
902	688.200
4134	688.200
242	688.300
346	688.300
2258	688.300
1590	688.400
62	688.500
1670	688.600
3538	688.600
226	688.700
2962	688.700
3654	688.800
2286	688.900
2406	688.900
3990	688.900
522	689.700
3026	689.700
3306	689.900
690	690.500
3386	690.800
3882	691.300
766	691.600
2142	691.600
2170	706.700
2618	706.800
3330	707.000
1114	707.100
2466	707.100
1910	708.400
3450	709.000
1350	722.400
2070	722.600
1414	723.400
1742	723.800
3318	724.300
1722	724.400
486	724.700
2758	724.900
2494	725.000
2178	725.200
1774	725.700
2314	725.700
2998	725.700
1666	725.900
3122	726.800
2706	727.600
3398	738.900
546	739.800
1494	739.900
3698	740.000
1258	740.300
2098	740.400
1686	740.800
1018	740.900
3122	741.100
2874	741.200
2054	741.300
62	741.500
3142	741.600
2474	741.800
3358	741.800
110	742.000
2602	742.200
4030	742.200
3722	742.300
2250	742.500
3194	742.600
1814	743.000
3002	743.000
3706	743.000
2354	761.200
1826	761.700
1058	762.100
1758	762.200
2962	762.400
78	762.500
3478	762.500
1794	762.600
1438	762.900
182	763.000
502	763.100
1974	763.200
2522	764.500
186	765.400
3210	781.700
3934	782.000
3486	782.100
2458	782.500
10	782.600
2494	783.200
4134	787.400
62	798.800
290	799.500
3018	799.900
2174	808.000
2510	809.900
1278	810.200
1010	810.300
3318	810.400
3806	810.900
102	811.100
2426	811.100
2722	811.400
2710	811.700
3362	811.800
3382	812.200
2886	813.500
4102	813.900
1666	830.000
3218	833.600
3838	834.300
1662	845.700
246	846.400
1058	847.900
2142	848.100
2814	848.300
1534	848.900
2070	848.900
238	851.800
2678	865.100
2698	865.100
4074	865.500
3742	866.400
3358	866.500
202	867.500
3814	868.500
3386	869.000
1138	881.000
1606	882.100
3098	882.300
3194	882.400
650	883.300
3082	884.000
2070	884.200
1958	884.700
902	885.400
1646	885.900
1702	887.100
2642	888.800
198	903.500
2866	904.900
358	906.600
3382	909.700
3186	910.300
3310	910.700
610	911.200
2970	911.200
930	913.200
226	913.400
3418	914.000
194	915.700
2358	915.700
1134	928.900
3218	929.400
2038	930.000
1634	930.200
2470	930.200
834	930.400
758	930.600
2442	931.100
718	943.000
3258	943.200
2078	943.500
3546	944.200
2958	946.200
4002	946.400
2430	946.500
654	958.600
2842	958.700
914	959.100
3334	959.100
3574	959.200
4114	959.200
2514	959.400
3186	959.500
1646	959.600
1974	959.800
3914	959.800
1510	960.000
386	960.100
1442	960.100
1670	960.100
2682	960.100
2238	960.500
3018	960.700
330	961.200
1078	961.300
2730	977.300
2442	978.000
3542	980.300
2790	989.700
1062	990.200
1414	991.100
230	991.200
3650	992.100
2354	994.700
886	995.100
718	995.300
1698	995.500
3758	997.100
358	997.800
2142	1000.500
3670	1003.600
3690	1006.700
2602	1007.000
702	1007.100
3186	1007.200
3318	1007.900
1930	1008.600
1518	1009.200
2590	1009.400
1758	1009.600
630	1009.700
2898	1009.900
586	1010.100
846	1010.100
4022	1010.200
1398	1010.300
670	1010.400
758	1010.700
3082	1011.000
58	1012.000
1030	1024.800
1182	1025.500
3426	1025.800
1850	1025.900
2786	1027.100
1882	1027.400
2590	1027.400
2118	1027.500
626	1027.700
1674	1027.700
2750	1027.700
2818	1027.800
794	1028.300
3566	1043.800
1242	1044.000
798	1044.300
82	1044.500
1230	1044.900
4078	1046.100
546	1046.700
930	1058.200
1606	1059.100
794	1063.000
1818	1064.300
2098	1064.300
350	1064.400
2442	1065.200
3186	1065.800
2874	1066.300
886	1066.800
586	1068.400
3142	1069.300
1666	1071.700
2142	1079.600
3370	1080.200
1686	1080.300
1714	1080.800
3918	1081.200
1558	1083.500
2986	1089.600
3210	1091.600
502	1094.000
2590	1094.900
1818	1097.000
1882	1099.900
3142	1109.700
886	1110.800
2342	1110.800
430	1111.000
1802	1111.100
306	1111.300
738	1112.400
3650	1112.500
2514	1112.900
1902	1113.200
1686	1114.100
2118	1115.400
2430	1115.800
1670	1126.700
3590	1126.800
1646	1126.900
586	1127.300
958	1127.300
2142	1127.600
3878	1128.700
3050	1134.300
2350	1142.600
202	1142.700
2062	1143.700
2730	1144.100
546	1144.900
2674	1144.900
3574	1144.900
1426	1145.200
1710	1145.600
2918	1145.600
2934	1145.600
290	1145.800
358	1146.000
1302	1146.100
2314	1146.300
2486	1146.400
2142	1146.600
3186	1146.800
1082	1146.900
322	1147.900
3386	1162.100
14	1162.500
2150	1162.800
730	1163.000
3902	1163.400
86	1163.500
438	1163.600
2778	1163.700
3434	1163.900
1514	1164.000
6	1164.300
122	1164.500
2070	1177.300
1942	1178.000
3806	1181.800
2622	1181.900
2326	1182.000
3290	1187.900
1006	1193.000
2030	1194.900
3926	1198.200
358	1199.800
610	1200.200
2334	1200.200
2	1209.100
3950	1211.100
3266	1213.300
1598	1214.200
4126	1214.900
1794	1215.300
2622	1215.500
1902	1215.700
2258	1215.700
3358	1217.600
1242	1218.600
3890	1224.100
4102	1228.100
2266	1229.100
902	1229.700
1442	1235.100
2110	1239.800
1070	1245.100
3210	1247.100
1262	1247.600
3962	1247.700
3698	1248.200
1106	1248.400
654	1248.700
14	1249.200
138	1249.300
2494	1250.000
1558	1250.300
3658	1250.300
4022	1251.000
1466	1264.800
3806	1265.600
4030	1274.300
3186	1276.100
2326	1278.900
3738	1279.500
2654	1280.800
1502	1281.200
2314	1281.800
2430	1282.700
686	1283.500
3218	1284.100
3134	1284.300
1286	1285.100
3162	1285.300
1710	1285.400
3098	1286.100
2170	1286.300
3386	1286.500
3914	1287.700
1714	1287.900
2622	1298.300
2874	1298.600
2450	1298.800
586	1299.700
610	1299.800
398	1299.900
2358	1300.300
546	1300.400
3918	1300.500
2390	1300.600
3594	1300.600
3366	1300.900
3878	1317.900
1058	1318.600
2058	1318.800
2810	1319.000
1758	1319.300
2574	1319.700
2626	1320.100
2174	1320.300
2078	1321.200
1466	1321.600
326	1321.700
2142	1321.700
1718	1324.000
1262	1334.400
2110	1335.200
958	1342.100
1698	1342.800
1042	1346.100
1186	1346.100
90	1346.200
1442	1347.300
4098	1348.200
2078	1349.700
3218	1350.500
4106	1354.300
646	1355.500
2574	1362.000
1646	1364.600
1942	1364.700
1306	1364.800
718	1365.100
154	1365.300
726	1365.400
4062	1365.400
2946	1365.700
554	1365.900
3642	1365.900
2426	1366.000
3738	1366.100
2406	1366.300
2082	1366.700
754	1366.900
2026	1367.000
22	1367.100
2706	1367.100
2818	1367.500
2414	1367.600
62	1367.700
2986	1367.700
3042	1367.900
2142	1368.000
786	1368.300
1074	1368.700
3342	1369.000
3322	1369.900
546	1388.800
126	1389.500
342	1390.800
1182	1391.700
1874	1392.900
2758	1401.200
3226	1401.400
522	1402.000
3370	1402.000
2402	1402.900
2526	1403.500
690	1406.200
6	1406.500
1814	1417.900
3842	1418.700
3102	1418.900
1426	1419.400
3658	1419.500
818	1419.600
1622	1419.800
1598	1419.900
2342	1420.300
3186	1420.300
2030	1420.400
2362	1420.500
2906	1420.600
1146	1420.700
4002	1420.700
154	1420.800
3318	1420.900
3818	1420.900
3426	1421.000
3134	1421.100
4066	1421.100
370	1421.200
4110	1421.200
4114	1441.200
62	1441.500
78	1451.600
2814	1453.100
2110	1454.200
3322	1456.400
3650	1457.500
3842	1460.100
1058	1460.900
126	1466.600
702	1469.900
546	1470.000
3806	1470.000
938	1470.100
2274	1470.100
3454	1470.500
1258	1470.800
1734	1470.900
2726	1471.000
2318	1471.500
3010	1471.500
718	1472.100
2442	1472.400
3994	1473.300
654	1473.500
2386	1473.600
634	1482.900
482	1485.200
462	1487.000
650	1488.600
2730	1488.800
3274	1504.100
3678	1504.500
3722	1504.600
2142	1504.900
3498	1506.900
2622	1507.200
1258	1517.900
1438	1521.400
2690	1521.600
970	1522.100
1398	1522.100
1570	1522.600
3442	1522.700
2994	1522.900
3134	1523.400
3386	1523.800
3206	1524.100
2414	1524.200
890	1525.100
3974	1525.400
2218	1527.600
958	1535.700
1442	1543.100
2858	1543.100
2922	1545.100
1114	1546.000
2790	1559.400
2390	1559.500
3934	1559.500
1306	1559.900
2834	1560.100
358	1560.200
1106	1560.200
1006	1560.400
2626	1560.400
3794	1560.700
3218	1560.900
2986	1561.000
1018	1561.100
386	1561.200
990	1561.200
702	1561.400
14	1561.500
1318	1561.500
718	1561.600
1374	1561.600
2874	1561.600
1954	1561.700
3338	1561.700
3002	1561.800
950	1561.900
3954	1562.000
42	1562.100
1394	1562.300
2634	1562.300
3418	1562.300
2342	1562.500
2746	1562.500
4114	1562.500
3370	1563.400
3202	1563.800
3694	1579.000
422	1579.300
3902	1579.300
2214	1579.500
2202	1579.600
1606	1580.300
2838	1580.600
3762	1583.300
1922	1584.400
3730	1586.900
3834	1594.000
2522	1594.200
2786	1595.500
2942	1595.500
2662	1595.900
830	1596.000
1526	1596.000
3442	1596.200
942	1596.600
1802	1596.600
246	1596.800
1682	1596.800
3902	1596.800
2706	1596.900
3414	1597.100
1978	1597.300
2118	1597.300
2586	1597.500
1878	1598.200
902	1598.400
1794	1598.500
1162	1598.900
2578	1599.300
3806	1617.300
2970	1620.100
3934	1620.300
1606	1620.500
3150	1620.500
726	1620.900
3194	1621.300
2018	1622.100
2506	1622.100
3598	1622.200
2642	1622.300
1374	1622.400
1122	1622.500
3266	1622.700
918	1639.100
3690	1640.200
3990	1640.400
886	1641.000
1770	1643.400
2142	1643.400
586	1644.900
282	1653.000
3670	1653.300
1386	1653.700
546	1656.000
530	1656.400
2542	1656.400
1666	1656.500
2414	1656.500
3330	1657.100
598	1657.900
3242	1657.900
1686	1658.600
2318	1658.800
718	1670.000
2362	1670.000
34	1670.500
4130	1670.500
3382	1671.700
3194	1671.900
4006	1672.100
78	1672.200
3682	1672.500
982	1672.600
4074	1672.700
102	1672.800
3070	1672.900
3142	1673.200
3934	1673.200
1258	1673.500
2574	1673.900
4022	1674.300
2874	1689.500
86	1689.800
1522	1690.500
386	1691.000
1954	1691.000
2590	1691.100
3038	1691.100
2134	1691.200
2242	1691.200
2546	1691.200
1794	1691.300
3834	1691.300
902	1691.400
1426	1691.400
3146	1691.400
1054	1691.500
2974	1691.500
198	1691.600
1734	1691.600
3026	1691.600
3370	1691.800
362	1691.900
1114	1692.100
1898	1692.100
2150	1692.200
2490	1692.200
3762	1692.400
4098	1692.700
2142	1710.500
3546	1710.600
274	1712.200
450	1713.900
3362	1714.300
2694	1715.100
2730	1717.900
586	1725.300
2642	1725.500
3962	1725.800
4030	1726.000
2814	1726.600
3198	1726.700
2842	1727.300
762	1727.600
890	1727.600
186	1741.000
1974	1741.200
2590	1741.200
3450	1741.300
3318	1741.400
790	1741.600
1714	1742.000
3862	1742.400
266	1743.100
3050	1743.200
2350	1743.400
1702	1743.700
3230	1756.400
2342	1757.000
2726	1758.800
886	1761.900
3746	1766.200
1666	1768.200
258	1773.000
3386	1774.300
2086	1774.700
242	1774.900
1442	1775.700
406	1775.800
38	1776.000
1826	1776.000
3242	1776.000
4114	1776.300
3670	1776.500
1670	1776.700
2362	1776.800
3418	1776.800
3542	1777.100
3990	1777.200
794	1777.300
2350	1777.300
690	1777.600
1250	1777.700
3398	1777.700
722	1777.800
4014	1778.100
3806	1779.200
3858	1790.900
542	1792.300
514	1792.500
338	1793.300
838	1794.600
1446	1795.300
2578	1795.800
1698	1796.700
2142	1798.200
2118	1806.100
1138	1806.500
1442	1806.800
4098	1808.900
930	1811.100
2386	1823.800
3150	1824.300
2962	1824.900
754	1825.000
1182	1825.000
3642	1825.000
2338	1825.300
4102	1825.500
946	1825.800
278	1826.100
1178	1826.300
1438	1826.300
1974	1826.600
3202	1827.400
3262	1828.000
1958	1841.600
2534	1842.000
3426	1842.900
2542	1843.000
358	1846.000
2958	1846.400
546	1857.000
702	1857.400
1258	1857.500
22	1857.600
226	1857.700
2342	1857.700
3294	1858.700
3018	1859.100
4042	1859.400
442	1859.900
2286	1860.500
1414	1862.800
210	1863.100
2590	1863.800
3914	1863.900
114	1877.300
958	1877.400
346	1877.700
3386	1878.100
1434	1878.400
1646	1878.600
4134	1878.600
238	1878.800
690	1878.800
3314	1879.000
1802	1879.200
3018	1879.800
62	1879.900
3098	1880.600
3990	1881.900
1730	1896.700
1670	1896.800
1002	1898.300
2326	1898.700
1094	1899.000
1518	1899.000
3370	1900.200
2062	1900.500
3794	1901.000
3102	1901.200
3054	1909.300
1394	1911.600
3386	1913.600
3474	1914.300
3206	1921.200
2690	1922.600
2602	1923.800
2298	1923.900
1922	1924.800
3142	1929.400
2626	1933.900
718	1936.900
2318	1947.600
2550	1949.900
3878	1950.900
2142	1951.000
1686	1951.300
586	1951.500
1482	1951.500
630	1951.800
1050	1952.100
2874	1952.100
3990	1952.400
1814	1953.900
2390	1953.900
2098	1954.000
2718	1954.300
1506	1954.500
3570	1955.400
1398	1955.500
3486	1972.500
194	1972.600
286	1977.300
3958	1979.300
1598	1979.600
702	1987.300
3370	1987.300
3390	1987.900
3706	1989.900
2610	1998.200
3218	2001.900
2070	2003.600
2006	2004.700
1710	2007.400
3242	2008.300
838	2009.100
1398	2016.200
2142	2017.000
2458	2017.000
2986	2017.700
878	2019.100
2354	2019.200
582	2019.300
3074	2019.400
1422	2019.600
2406	2019.700
930	2020.100
1234	2020.300
3502	2021.000
1438	2034.200
1466	2038.000
2610	2038.400
3806	2038.700
2266	2039.000
782	2039.100
2646	2039.400
3882	2039.800
4134	2040.000
3522	2040.800
3598	2040.900
2470	2041.300
1986	2041.500
3006	2043.900
3690	2057.900
2	2058.000
6	2058.200
1978	2058.300
2946	2058.400
442	2059.100
4106	2059.400
1898	2061.700
1742	2064.200
2142	2065.800
526	2067.800
3022	2069.800
1622	2072.000
118	2072.300
958	2072.400
2710	2072.500
2718	2072.500
1006	2072.800
3374	2073.300
1182	2074.800
198	2075.400
3738	2075.700
362	2076.300
54	2076.700
3522	2076.800
3134	2080.800
3346	2091.500
4030	2092.000
2894	2092.100
718	2093.500
2550	2097.300
1410	2098.800
2118	2103.500
3902	2103.800
2542	2104.300
1738	2105.000
686	2105.600
258	2106.000
730	2107.400
1938	2107.400
14	2107.600
1958	2107.700
3606	2119.400
1286	2120.600
682	2121.900
2098	2122.400
286	2122.700
2434	2122.700
834	2123.000
342	2123.200
2038	2123.600
2134	2124.100
4042	2124.100
1774	2124.300
762	2124.500
2194	2125.800
3166	2127.000
3278	2134.900
2546	2140.000
3002	2140.800
1058	2141.700
1138	2142.100
3682	2142.500
3186	2148.900
1842	2154.300
2354	2155.800
358	2157.500
1394	2159.100
782	2167.900
2258	2168.000
4038	2168.400
42	2168.800
718	2168.900
1770	2169.100
14	2169.800
1958	2170.000
4074	2170.000
1062	2170.100
3014	2170.200
4082	2170.200
2142	2170.800
3706	2170.800
3806	2170.800
1398	2171.100
4034	2171.100
1826	2171.200
2378	2171.500
3222	2188.100
2898	2188.400
1874	2188.500
3602	2188.900
1454	2189.300
362	2189.800
1018	2189.900
1434	2190.600
1570	2191.300
1670	2191.400
1942	2191.400
2266	2191.400
2398	2191.500
3046	2192.300
214	2196.100
2022	2198.400
2874	2199.200
686	2204.700
3362	2209.200
3306	2211.900
3186	2212.100
102	2212.400
1698	2213.200
1466	2218.000
3038	2219.000
2678	2224.200
3926	2224.800
2850	2225.000
3658	2226.000
2	2226.200
2170	2226.900
2470	2227.800
1038	2227.900
546	2239.800
1622	2240.700
1258	2241.400
2266	2242.600
3986	2243.000
886	2243.500
1438	2243.700
146	2244.000
2314	2244.800
2842	2245.200
3282	2245.200
3726	2256.800
62	2258.500
746	2259.900
1510	2260.500
2590	2261.300
2974	2262.100
1094	2263.900
586	2265.600
2622	2266.000
2258	2266.100
1542	2266.700
378	2270.200
1410	2270.300
1414	2271.200
718	2284.200
1006	2284.300
3334	2284.400
2602	2284.600
3878	2284.700
2242	2284.900
2330	2284.900
2814	2284.900
546	2285.000
946	2285.000
2186	2285.000
3474	2285.000
3818	2285.000
2614	2285.500
154	2285.600
4062	2285.600
2	2285.900
2386	2286.100
374	2286.200
1306	2286.500
2114	2286.500
1370	2286.600
3650	2286.600
2798	2286.700
1622	2287.000
3702	2287.000
2118	2287.100
518	2287.300
2314	2287.600
10	2305.400
3690	2305.900
1810	2306.800
198	2311.400
554	2313.100
3574	2317.600
3478	2318.500
3554	2318.500
3938	2319.300
2098	2319.400
3610	2319.500
3142	2319.900
2414	2320.100
1230	2320.600
326	2336.500
2450	2337.800
3386	2338.100
930	2338.600
3470	2338.800
2510	2338.900
718	2339.000
1542	2339.100
690	2339.500
3190	2339.700
1466	2339.800
1710	2340.300
2150	2345.600
1890	2352.000
3222	2353.400
3246	2355.200
810	2355.600
2374	2356.000
4114	2356.000
386	2357.000
3370	2357.200
1002	2360.100
2470	2369.800
1162	2370.200
190	2370.300
1714	2370.300
1562	2370.400
3158	2370.400
522	2370.500
554	2370.500
334	2370.600
3170	2370.600
1770	2370.700
2850	2370.800
4134	2370.800
1686	2370.900
2906	2370.900
1118	2371.000
2506	2371.000
3018	2371.000
2314	2371.200
1018	2371.300
2326	2371.300
1106	2371.600
4086	2371.600
1006	2371.800
1042	2371.800
2106	2371.800
154	2371.900
330	2371.900
3206	2371.900
3298	2371.900
878	2372.000
1038	2372.000
1234	2372.000
2674	2372.000
3618	2372.000
1010	2372.100
3374	2372.100
2	2372.400
802	2372.400
1822	2372.600
3854	2372.800
2642	2390.900
1506	2391.500
2458	2391.900
4006	2391.900
2162	2392.000
2758	2392.100
82	2392.500
2474	2393.000
3142	2402.900
3386	2404.700
978	2408.400
42	2408.800
3870	2409.800
2110	2409.900
2186	2411.000
3942	2412.600
1698	2417.800
2546	2422.300
4118	2423.500
542	2423.800
2722	2423.900
950	2424.300
1502	2424.300
4134	2424.300
1442	2424.600
2934	2425.000
2070	2425.100
1978	2425.500
1118	2425.600
146	2425.700
766	2426.200
2342	2427.600
1606	2440.800
4074	2440.900
1306	2442.400
1698	2443.900
2850	2443.900
2690	2445.100
3618	2447.600
2806	2455.000
1818	2456.700
198	2457.300
646	2457.300
586	2457.400
286	2458.600
238	2460.500
1866	2460.900
2442	2461.500
3002	2462.500
2074	2475.400
1918	2478.900
1758	2480.500
1670	2487.400
2098	2490.100
2626	2491.700
2058	2491.800
3218	2491.900
1494	2492.200
2118	2492.400
3958	2492.400
1474	2492.900
3710	2493.000
3450	2494.000
2810	2494.400
2006	2500.900
3698	2506.500
2730	2507.000
2734	2508.700
482	2509.400
3834	2510.200
358	2510.300
1606	2516.900
3370	2522.600
1258	2525.000
798	2525.300
2274	2525.300
3810	2525.400
1782	2525.500
3782	2525.500
966	2525.600
962	2525.700
274	2525.800
3358	2525.800
1294	2525.900
3166	2526.700
1006	2526.800
3290	2526.800
2458	2527.000
3318	2527.600
978	2542.200
154	2543.500
358	2543.900
78	2544.700
238	2545.900
2986	2546.000
726	2546.200
1470	2547.700
3386	2548.700
1450	2548.800
3610	2548.800
1666	2550.400
3710	2551.500
2722	2559.800
1094	2560.400
3954	2562.300
1610	2563.000
1890	2575.200
2874	2577.000
2338	2577.400
3790	2577.500
86	2577.700
3506	2578.100
606	2578.200
3186	2578.300
1270	2578.400
2458	2578.500
2934	2578.500
2354	2578.600
502	2578.900
1898	2579.000
2158	2580.900
1138	2589.400
2266	2593.300
3210	2594.200
2070	2594.400
1682	2598.200
3386	2598.400
138	2599.400
3358	2600.500
1606	2602.600
1794	2603.200
3002	2613.200
3650	2613.900
2662	2614.700
2414	2616.000
1322	2616.300
546	2616.500
2342	2616.500
3690	2618.000
3014	2629.700
618	2630.200
2142	2630.300
2634	2630.800
1726	2630.900
194	2631.600
3142	2632.000
1138	2632.500
4022	2633.500
3362	2633.800
2062	2634.900
410	2635.200
2258	2645.700
506	2646.500
1986	2648.800
226	2649.800
4114	2650.100
1706	2650.200
4002	2664.800
1306	2665.500
3166	2665.800
654	2666.200
4114	2666.400
958	2666.600
1290	2666.800
718	2666.900
1870	2667.000
2790	2667.000
3086	2668.200
4010	2669.300
158	2669.700
2110	2669.700
1006	2669.800
2274	2673.700
530	2682.400
3878	2684.200
3630	2685.500
2266	2686.800
10	2687.700
438	2687.800
2918	2688.600
2458	2689.200
362	2689.400
2214	2689.600
4022	2689.600
390	2690.300
1834	2691.500
3710	2691.500
3842	2692.700
3374	2702.000
1794	2705.600
3002	2706.400
1714	2707.000
2534	2707.600
3770	2707.600
2546	2707.700
1666	2707.800
2806	2723.300
1698	2724.500
194	2724.600
646	2724.700
1542	2725.200
2622	2725.600
2698	2726.700
2134	2728.600
2218	2738.900
2998	2739.600
3014	2743.100
986	2755.700
282	2756.000
1390	2756.000
2390	2756.100
1066	2756.300
3146	2757.000
3330	2757.000
3358	2757.100
3302	2757.600
2886	2758.800
2546	2772.900
3930	2775.100
394	2776.000
290	2776.100
370	2777.000
2986	2777.200
490	2777.800
18	2778.100
4114	2790.500
586	2790.700
3026	2791.400
426	2791.600
1802	2794.200
718	2795.100
14	2795.600
878	2795.600
1414	2797.000
3154	2804.900
2098	2805.700
1326	2805.800
2342	2805.900
1110	2806.400
3186	2806.900
3206	2807.300
742	2808.300
1710	2808.400
2470	2808.400
1442	2809.400
1510	2809.500
2490	2811.400
1866	2823.300
2842	2823.500
3890	2825.000
2322	2839.700
1578	2841.300
3386	2841.300
3934	2841.800
3018	2842.200
2506	2842.300
3770	2842.600
2354	2842.700
526	2843.100
2118	2843.300
2450	2859.300
2206	2860.200
3426	2860.300
3098	2860.400
1022	2860.600
2390	2860.600
4010	2860.700
1350	2860.800
1042	2861.400
3142	2861.800
3970	2862.100
1702	2862.200
3614	2863.100
478	2865.000
902	2879.100
754	2879.700
2038	2879.700
54	2880.200
1946	2880.400
1910	2881.100
626	2882.000
2054	2883.700
2858	2891.300
250	2892.200
2266	2892.400
2826	2892.700
1614	2892.900
1794	2892.900
3526	2893.100
2342	2893.200
606	2893.300
1414	2893.500
170	2893.600
3590	2894.400
4038	2894.400
366	2894.800
682	2894.900
1138	2894.900
1606	2895.000
3046	2895.000
1622	2911.100
470	2911.600
1006	2911.700
558	2912.000
2810	2912.000
198	2912.700
2658	2913.100
1702	2914.600
1938	2914.600
1894	2915.100
338	2926.500
922	2927.300
1862	2929.500
3042	2930.100
2206	2931.100
2758	2931.400
2526	2931.700
3618	2931.700
3834	2932.300
2010	2932.800
1094	2933.700
1466	2933.700
3186	2934.100
2258	2938.200
3046	2938.600
3906	2944.200
618	2946.600
2906	2951.300
898	2955.900
3018	2956.700
3678	2957.500
2354	2958.400
3298	2959.700
226	2959.800
962	2962.600
194	2967.300
2602	2967.700
1798	2969.900
286	2971.800
3486	2972.000
474	2973.800
2142	2976.400
2326	2976.600
2834	2977.300
3734	2978.100
3386	2978.900
4074	2980.400
546	2980.700
442	2980.900
3282	2982.800
1974	2986.200
3094	2989.100
2342	2991.200
1186	2994.100
3374	2996.700
1466	3001.000
198	3003.500
606	3004.600
282	3005.000
2970	3006.900
1598	3007.000
3710	3007.000
1950	3007.100
2414	3007.400
3810	3007.700
2506	3008.000
718	3008.300
1666	3008.500
1270	3008.700
2470	3009.200
90	3009.300
1454	3009.300
3218	3009.500
2598	3010.800
586	3010.900
3294	3021.400
294	3022.700
1842	3022.700
3590	3023.400
3594	3023.400
1762	3024.400
1706	3024.600
2402	3024.700
370	3024.800
2846	3025.100
1162	3025.200
2494	3025.400
2758	3025.600
1342	3025.900
626	3027.400
1770	3027.900
3710	3041.100
150	3041.200
2790	3041.300
3890	3041.300
482	3054.900
2730	3057.900
2142	3060.100
2938	3062.400
646	3062.500
1794	3063.400
1366	3067.200
2962	3068.500
3514	3068.700
14	3069.200
2118	3070.500
1146	3073.800
3546	3074.400
2474	3075.000
1990	3081.000
4114	3081.400
74	3082.700
2142	3083.300
3902	3087.400
3098	3090.400
1922	3093.100
750	3095.800
2182	3095.800
138	3096.500
194	3096.800
4090	3097.900
1134	3098.000
1706	3099.100
546	3100.700
1758	3101.400
2266	3111.300
2934	3112.000
554	3114.600
3306	3114.600
2338	3115.300
770	3115.400
1370	3116.300
3174	3116.500
3142	3119.500
2658	3135.000
1522	3135.500
42	3135.900
3902	3135.900
3418	3136.400
2886	3136.500
3998	3139.600
2510	3141.000
1002	3153.500
2842	3153.900
62	3155.000
118	3158.600
3606	3160.800
3202	3163.000
938	3164.200
3186	3170.100
2642	3173.100
1890	3181.200
1794	3184.500
2858	3184.500
558	3185.400
1442	3185.600
2298	3187.900
1342	3199.700
2590	3200.200
3234	3202.200
646	3202.300
4062	3202.900
194	3203.000
1094	3203.200
370	3203.400
14	3203.500
2458	3203.600
2922	3217.700
838	3218.000
3734	3218.400
1750	3218.500
2806	3218.700
1666	3219.500
2950	3219.500
702	3220.400
1646	3230.600
1974	3231.100
3450	3231.600
358	3234.200
994	3234.200
1978	3234.500
114	3241.100
846	3245.600
1414	3246.100
3478	3251.500
3630	3253.100
3902	3262.300
3882	3262.400
2546	3262.500
3678	3262.600
754	3262.800
2758	3262.900
6	3263.300
4130	3263.600
2298	3263.700
3242	3263.700
810	3263.900
3474	3264.000
718	3264.300
3974	3264.400
1810	3264.800
626	3264.900
1466	3265.600
486	3280.100
3134	3280.800
1882	3281.400
2286	3281.500
882	3281.700
3386	3281.900
3450	3282.100
1554	3282.200
2342	3282.900
3966	3283.200
3166	3283.300
3486	3284.500
2054	3285.100
434	3285.300
1726	3285.900
3694	3286.600
3746	3298.700
690	3299.800
1058	3302.900
2062	3302.900
3086	3309.000
2590	3309.900
62	3313.700
54	3314.600
1138	3315.600
3142	3315.600
1754	3316.000
4022	3319.700
1758	3323.900
1846	3332.200
2590	3339.600
3098	3339.800
1058	3342.700
62	3345.000
3610	3349.600
658	3353.200
3050	3356.200
1806	3356.700
4062	3358.100
3806	3365.400
1470	3369.000
754	3369.300
3650	3372.700
2342	3375.900
886	3376.300
2206	3379.000
2726	3379.800
742	3380.000
2218	3380.300
2142	3382.100
930	3382.400
910	3384.400
3082	3390.700
1646	3390.800
790	3391.300
2006	3391.800
1814	3392.500
2634	3392.900
1414	3393.200
4134	3393.200
2122	3393.500
2906	3393.600
4010	3393.600
338	3393.700
1110	3393.800
1746	3393.800
3706	3393.900
1270	3394.100
4074	3394.200
10	3394.600
3442	3394.600
1006	3395.200
1306	3410.400
526	3410.800
3546	3410.900
154	3411.000
1966	3411.000
1522	3411.200
1334	3411.300
2	3411.400
1938	3411.400
770	3411.700
3654	3411.700
3698	3412.200
74	3412.300
230	3412.400
3894	3412.500
3758	3412.700
3870	3413.400
1670	3414.100
158	3414.600
3258	3435.700
3858	3438.800
930	3439.100
2318	3439.500
1670	3451.700
3342	3452.300
3370	3453.200
2418	3454.100
922	3454.400
158	3454.500
726	3455.100
1414	3455.200
1894	3455.400
110	3456.100
1426	3457.500
3002	3458.600
3710	3460.200
3478	3472.300
74	3473.900
34	3474.100
82	3474.300
886	3474.400
3758	3474.700
78	3474.900
3598	3475.000
2458	3475.100
2202	3475.300
1422	3475.400
2550	3475.500
2142	3475.700
1218	3475.800
2058	3475.800
154	3475.900
1958	3475.900
3738	3476.100
1670	3476.400
2590	3476.400
4038	3476.400
1030	3476.600
1526	3476.900
3386	3477.500
738	3477.600
3418	3478.100
1702	3478.600
1814	3478.900
1858	3493.200
4006	3494.700
2426	3494.900
66	3498.200
2794	3498.800
3922	3500.900
1598	3505.700
2778	3506.200
2142	3506.300
1578	3522.000
2562	3523.800
4074	3525.900
126	3535.100
1730	3536.200
1350	3537.700
3234	3538.300
222	3538.700
2718	3539.100
4066	3539.700
2426	3539.900
770	3540.400
1414	3540.800
198	3543.100
1974	3553.000
3670	3554.700
4026	3555.000
4134	3555.200
3926	3555.600
3898	3557.100
2	3557.800
2302	3557.800
2362	3564.900
3442	3566.400
3922	3566.500
162	3566.600
3570	3566.600
1630	3569.700
1814	3570.000
938	3571.700
3234	3573.600
3822	3574.100
2950	3574.300
3462	3580.900
1794	3582.400
3834	3590.000
3142	3593.900
1894	3596.000
3098	3596.600
1686	3597.800
3382	3598.100
2142	3598.600
1162	3599.800
206	3603.200
554	3613.200
198	3613.400
2406	3614.200
90	3614.800
1494	3615.400
362	3625.600
1710	3628.900
2354	3630.100
3974	3630.300
1794	3630.800
1062	3631.300
3842	3631.300
4074	3633.100
3478	3634.100
2938	3635.100
1362	3650.600
3498	3653.800
3158	3654.700
4010	3655.300
2342	3658.400
1402	3661.600
3130	3663.000
2514	3665.600
194	3665.900
342	3666.300
1146	3667.700
718	3669.400
210	3674.200
226	3680.700
3698	3681.100
370	3682.500
262	3683.200
1670	3684.800
2734	3685.500
2058	3686.200
46	3686.500
682	3686.700
1266	3687.200
358	3687.700
42	3687.800
1398	3689.000
3170	3689.400
3150	3700.400
2722	3700.500
1694	3700.600
2654	3700.800
3914	3701.300
3370	3701.400
102	3701.600
2622	3702.200
3458	3702.400
318	3702.700
1266	3702.800
2526	3703.000
3462	3703.100
2142	3703.300
1290	3703.400
1250	3703.800
1166	3704.100
2110	3704.400
950	3705.000
1534	3720.400
334	3721.100
502	3721.900
3330	3722.200
702	3723.400
3670	3732.500
3806	3734.500
930	3738.900
2902	3740.300
46	3740.900
1094	3749.100
1354	3751.500
1402	3752.800
1958	3752.900
3142	3755.700
3858	3757.900
2470	3759.000
3810	3760.200
2142	3761.500
1342	3762.700
3318	3762.900
3386	3775.200
290	3776.500
3806	3776.800
278	3776.900
1442	3777.100
2874	3777.700
3022	3777.800
3686	3778.300
238	3779.900
1006	3780.100
486	3781.900
2326	3790.200
538	3790.300
690	3790.800
2674	3790.900
30	3791.000
2474	3792.000
4074	3792.000
1506	3792.400
3726	3792.400
878	3792.800
1294	3792.800
2238	3792.800
3142	3793.300
1210	3793.500
1482	3794.100
3698	3794.100
3974	3794.300
2538	3794.400
1698	3810.000
2842	3811.300
3810	3812.600
1454	3813.900
3970	3820.300
3878	3829.100
3914	3829.500
1322	3829.600
358	3830.300
610	3831.100
1710	3831.300
2302	3831.900
1606	3832.600
2722	3833.100
62	3833.200
422	3833.900
1510	3835.600
1166	3836.500
842	3846.400
1342	3851.900
602	3852.500
1346	3852.800
1398	3856.100
2930	3859.200
886	3863.400
14	3867.700
1394	3869.900
3834	3870.900
594	3871.300
862	3872.100
3558	3872.500
1330	3873.800
2142	3873.900
1066	3874.000
3934	3874.500
3842	3874.800
3606	3875.200
3878	3875.200
2942	3878.200
598	3878.500
3326	3885.600
2710	3885.700
138	3886.600
3358	3886.900
3650	3886.900
2362	3887.100
74	3887.300
1478	3887.300
650	3887.600
1818	3887.700
2458	3888.400
542	3888.800
4114	3889.100
1506	3889.900
710	3903.500
198	3903.800
3234	3904.500
610	3904.700
526	3904.900
586	3905.000
2682	3905.100
426	3905.200
1670	3905.300
358	3905.400
2138	3905.400
618	3905.600
654	3905.700
902	3905.700
3302	3905.700
2902	3905.800
3206	3905.800
4042	3906.100
1938	3906.200
3742	3906.300
2286	3906.400
1966	3906.600
2346	3906.600
3734	3906.700
102	3906.800
490	3906.800
626	3906.900
3574	3907.100
3814	3907.100
3374	3907.300
3978	3907.400
594	3907.700
3942	3908.900
3546	3909.700
846	3924.600
62	3925.600
3546	3925.800
3386	3927.100
3042	3927.300
4038	3928.000
3590	3928.700
102	3929.300
586	3944.900
2394	3945.000
1866	3945.300
2654	3945.300
90	3945.400
2342	3945.600
2838	3945.700
1758	3946.200
598	3946.400
1002	3946.600
2458	3946.900
930	3972.300
1974	3976.900
174	3979.900
3098	3980.400
1606	3981.000
2266	3981.200
886	3981.300
834	3981.500
358	3982.300
1814	3982.300
3418	3982.500
4114	3982.700
2194	3982.900
2074	3983.200
3330	3997.900
3450	3998.700
2566	3998.900
2654	3999.100
1710	4000.600
2974	4000.800
3382	4000.800
1782	4001.300
1818	4001.300
586	4001.600
962	4002.000
1138	4002.200
1006	4002.500
3474	4003.000
2634	4003.200
750	4017.500
2794	4019.300
2394	4019.700
3834	4019.700
2998	4019.800
1794	4020.100
358	4020.200
3814	4020.200
878	4020.600
2150	4020.600
3018	4020.700
3694	4020.700
3678	4021.000
322	4021.200
1502	4021.200
1202	4021.400
1394	4021.400
3166	4021.900
1990	4022.500
2142	4022.600
2286	4022.600
3070	4022.600
1938	4022.800
1398	4022.900
2706	4023.300
3650	4037.100
1606	4037.300
3038	4038.600
2142	4039.000
1270	4039.200
702	4041.100
3186	4041.700
726	4056.800
4106	4059.600
898	4059.700
2590	4060.500
270	4060.600
1534	4061.000
338	4061.200
526	4061.900
1250	4062.200
2350	4063.200
1698	4074.300
162	4074.600
1006	4075.700
3142	4075.900
3690	4076.300
3630	4076.500
4074	4076.500
2430	4076.800
566	4076.900
1478	4076.900
3290	4077.000
3362	4077.200
3602	4077.400
582	4077.600
1142	4077.900
1218	4077.900
3934	4078.000
506	4078.600
146	4093.200
2038	4093.200
62	4093.300
2778	4093.400
2590	4094.700
1086	4095.500
358	4097.700
3386	4107.200
1466	4107.700
4010	4107.900
2246	4110.200
586	4112.300
3842	4113.100
194	4125.600
986	4127.100
3958	4128.200
1118	4129.100
2142	4130.400
1354	4138.200
690	4142.300
1266	4143.400
286	4143.600
2174	4145.600
2362	4145.700
922	4145.800
958	4146.600
3038	4148.500
1102	4159.800
3722	4160.800
906	4161.200
4106	4162.700
3386	4167.800
3946	4167.900
3318	4168.300
1538	4169.500
3142	4171.000
3826	4171.700
2390	4172.700
1114	4173.700
1442	4181.900
3606	4183.700
2142	4187.500
2546	4187.600
1558	4187.700
2062	4188.900
958	4190.400
3130	4191.300
1698	4202.900
1638	4203.900
4010	4210.900
2526	4211.100
2634	4212.000
3806	4212.900
3302	4214.200
3758	4216.100
54	4216.600
2050	4217.300
1646	4221.100
1622	4221.400
2134	4222.000
2986	4222.400
506	4222.600
1022	4222.600
4002	4224.100
3454	4224.500
362	4224.900
4130	4225.000
138	4236.100
2314	4236.300
1734	4236.700
718	4237.000
2526	4237.200
1270	4237.700
1094	4238.000
3478	4238.000
3650	4238.100
1374	4238.200
3210	4239.200
3322	4239.800
1414	4252.900
3702	4253.300
1666	4253.800
2342	4254.000
3426	4254.000
1942	4255.000
2602	4255.200
3942	4255.500
1334	4259.000
2258	4269.100
3142	4271.100
3806	4271.400
2134	4272.000
2874	4272.300
2682	4272.400
102	4273.900
2118	4288.400
1258	4288.500
2466	4288.800
2654	4289.000
3670	4289.800
2590	4290.000
2998	4290.100
3178	4291.100
1754	4291.600
334	4291.700
934	4291.700
574	4291.800
2674	4291.800
2150	4293.100
3094	4293.200
1042	4293.600
1510	4303.500
3142	4305.200
742	4305.300
2038	4305.900
782	4306.000
802	4306.300
610	4306.500
2258	4306.800
758	4306.900
2662	4307.000
62	4307.300
3150	4307.600
1606	4307.700
3658	4310.000
2858	4310.700
198	4311.500
3806	4322.300
2934	4324.800
6	4325.100
1822	4325.900
1794	4340.200
2626	4341.200
3210	4341.300
1726	4341.900
2730	4342.000
2634	4342.300
1166	4342.700
3650	4343.800
2078	4355.700
198	4356.100
358	4356.100
1466	4356.100
1394	4356.400
3890	4356.900
2854	4357.000
1974	4357.200
4058	4357.200
958	4357.500
1990	4357.500
2734	4357.500
2886	4357.700
366	4357.800
1814	4357.800
1622	4358.000
694	4358.100
1526	4358.100
3078	4358.200
2906	4358.300
4034	4358.300
4050	4358.300
602	4358.500
2590	4358.500
2858	4358.500
606	4358.600
998	4358.700
726	4358.900
4134	4359.000
2790	4359.900
1802	4360.200
1978	4380.400
3166	4380.600
690	4381.200
1006	4381.900
2734	4382.000
3102	4382.800
2942	4385.000
3566	4386.400
3678	4391.400
486	4399.600
1342	4399.600
1686	4400.700
3754	4400.700
2686	4400.900
2874	4400.900
3086	4401.000
3770	4401.500
1814	4401.600
3950	4402.000
1414	4402.300
1114	4402.500
2654	4403.400
2494	4403.900
3078	4406.800
3198	4415.500
2834	4416.000
3298	4416.400
4038	4417.400
546	4418.600
1094	4419.100
3302	4419.500
3702	4420.700
2194	4420.800
3914	4434.000
874	4435.100
3022	4435.200
3418	4435.200
2434	4435.600
1794	4436.100
1342	4437.400
794	4437.700
1974	4438.200
4006	4438.600
3142	4438.700
3546	4438.700
3478	4440.200
3970	4440.400
2910	4441.100
958	4444.300
1698	4449.400
2622	4462.200
2258	4472.100
1446	4472.500
102	4473.600
886	4473.800
994	4474.200
3006	4474.300
522	4474.400
3222	4474.500
3450	4475.100
1598	4475.200
4094	4475.200
274	4475.300
2842	4475.300
238	4475.700
790	4475.700
1074	4475.800
2174	4475.900
1242	4476.200
2786	4476.200
4074	4476.400
1438	4477.500
1114	4490.400
3426	4490.500
3750	4490.600
3142	4490.800
2694	4491.000
1162	4491.400
1818	4491.800
3722	4492.600
1862	4492.700
2858	4492.800
1442	4493.800
1466	4494.100
2106	4494.300
1290	4494.400
1102	4494.600
2142	4507.800
3774	4509.200
190	4509.400
198	4509.800
594	4510.900
1006	4512.100
3938	4512.200
3702	4513.000
1710	4513.200
4022	4525.400
3426	4525.800
3450	4526.400
126	4526.600
1442	4526.600
1578	4526.600
2426	4526.700
3458	4526.800
358	4527.000
3606	4527.000
618	4527.100
1018	4527.100
958	4527.200
3038	4527.200
86	4527.400
1814	4527.400
2622	4527.500
874	4527.600
3954	4527.700
1782	4527.900
3230	4528.200
306	4528.500
2150	4529.200
2010	4530.000
1398	4530.900
1610	4546.400
1414	4547.700
2314	4547.900
4010	4548.400
2934	4548.700
558	4548.900
3926	4549.200
2050	4549.800
42	4550.000
1666	4550.000
1726	4550.000
1286	4550.200
3386	4550.500
3390	4550.800
2058	4551.400
2014	4567.100
2634	4568.000
3142	4568.500
2470	4569.400
706	4569.500
266	4570.100
2706	4570.100
3958	4570.100
1662	4570.300
1802	4571.300
3210	4571.300
306	4571.400
2230	4571.800
1770	4572.000
154	4572.400
4062	4572.400
158	4573.600
834	4573.900
42	4586.100
1334	4587.000
3494	4587.500
1794	4588.300
3382	4588.400
1006	4590.200
2418	4602.500
2142	4602.600
530	4602.800
1746	4603.100
1686	4603.200
2362	4603.200
1814	4603.600
2986	4603.600
2838	4603.700
726	4603.900
1974	4603.900
230	4604.000
358	4604.100
2802	4604.300
1490	4605.800
3186	4606.600
3002	4606.700
3086	4620.400
2	4620.500
2534	4620.600
994	4620.900
3458	4621.100
4074	4621.400
1954	4622.100
594	4623.500
1138	4626.300
1610	4626.300
3242	4629.600
590	4635.900
2602	4636.000
630	4636.100
2722	4636.900
2498	4637.200
2490	4637.600
2706	4637.900
1566	4638.100
502	4638.200
1022	4638.700
1666	4651.300
4114	4652.500
1290	4653.400
1546	4653.400
3578	4653.400
3002	4653.700
4130	4653.700
4118	4653.900
446	4654.100
922	4654.100
1710	4654.400
794	4654.500
3022	4654.800
3958	4654.800
1394	4656.700
506	4669.900
2314	4670.100
2786	4671.400
3478	4671.400
3694	4671.500
350	4672.300
114	4672.600
1670	4672.800
830	4673.000
2622	4673.000
2294	4673.800
190	4686.400
3166	4686.700
1286	4686.800
3386	4686.900
902	4687.200
3146	4687.400
3370	4687.500
1478	4687.600
2298	4687.600
1734	4687.700
3014	4687.700
2142	4687.800
2706	4688.000
1450	4688.800
34	4689.000
1018	4689.200
1898	4689.500
1922	4689.700
1554	4689.800
750	4690.500
3970	4691.100
3186	4704.700
46	4706.300
1990	4706.500
3038	4706.500
3426	4708.600
2450	4709.300
1682	4710.200
3546	4710.300
3238	4718.400
2442	4719.700
2838	4722.400
358	4723.100
3330	4724.600
4106	4724.800
1670	4727.400
1378	4727.500
2218	4739.300
1710	4739.400
418	4739.500
6	4740.400
794	4740.800
838	4741.200
2238	4741.300
326	4743.800
438	4746.900
2442	4754.100
190	4754.700
3186	4756.400
1578	4757.800
3650	4768.200
4026	4768.500
3658	4770.200
3170	4771.100
2326	4773.100
586	4773.600
1402	4776.200
3006	4786.100
2218	4786.500
2682	4786.700
1394	4787.200
4030	4787.700
690	4787.900
3610	4788.000
898	4789.400
2842	4789.400
3430	4789.500
1858	4790.000
4134	4804.500
1066	4805.000
1098	4805.300
3898	4805.700
3742	4807.000
3026	4808.300
1898	4818.700
3122	4819.900
2494	4823.400
1814	4823.500
2390	4824.800
3650	4825.000
1306	4831.300
2902	4838.400
2922	4838.800
3570	4838.900
2986	4839.000
2802	4840.100
3294	4840.200
3386	4840.800
2622	4841.400
650	4842.600
702	4854.500
1238	4854.800
1806	4856.100
1398	4857.600
3754	4857.700
1982	4859.400
866	4860.900
3226	4869.200
2238	4870.100
374	4871.300
1006	4871.700
438	4872.700
3334	4873.500
650	4877.800
246	4881.000
1974	4882.600
958	4883.200
3806	4883.700
1354	4886.100
2218	4888.000
1202	4894.000
4030	4894.300
3958	4894.500
1958	4896.600
1218	4897.100
1702	4897.200
3082	4897.300
2834	4897.700
2874	4897.900
4066	4898.500
1318	4899.500
174	4908.500
3926	4911.800
722	4915.100
3874	4915.800
1570	4916.900
3450	4917.900
2934	4918.400
2330	4918.500
1094	4919.000
2590	4919.100
574	4919.200
3370	4919.200
1866	4919.400
702	4920.000
3142	4935.500
3382	4936.700
3650	4936.800
3850	4936.900
3294	4937.100
1606	4937.300
3422	4938.300
450	4938.600
3966	4939.400
1974	4940.600
2342	4941.200
3986	4949.500
3426	4952.100
2070	4952.300
918	4952.400
522	4953.500
670	4954.300
3230	4954.400
1422	4954.500
1890	4954.900
2610	4955.200
1414	4955.400
902	4962.500
3658	4966.400
3722	4968.100
1190	4968.300
1586	4968.800
3446	4971.700
2234	4971.900
1162	4982.000
3998	4982.700
3402	4983.200
958	4983.300
2626	4983.300
1750	4983.600
4066	4983.600
1794	4983.900
2834	4984.000
1490	4984.500
3018	4984.500
4118	4984.700
1558	4984.800
662	4984.900
1706	4985.000
3670	4985.400
2022	4985.900
2414	4986.000
1974	4986.100
1698	4986.200
2590	4986.300
1606	4986.400
2026	4986.500
1370	4987.100
2654	4988.100
726	5003.800
3130	5004.800
1094	5004.900
182	5005.200
1258	5005.900
14	5006.100
1462	5006.100
2406	5006.700
3842	5006.700
62	5007.800
3386	5015.000
2834	5017.400
4098	5019.600
3498	5031.400
1530	5032.500
742	5034.800
798	5035.900
586	5036.500
374	5037.200
1350	5037.900
3206	5045.300
1670	5045.800
2650	5047.300
3002	5048.100
502	5048.500
3650	5049.400
142	5053.500
3386	5054.600
522	5054.900
2038	5055.900
2674	5058.000
3318	5063.900
506	5064.600
2934	5065.900
3670	5066.100
4086	5069.200
2642	5071.100
3142	5071.700
26	5081.000
2286	5084.700
3050	5084.700
3738	5086.100
1442	5087.400
2790	5088.100
1138	5091.400
4002	5101.600
3546	5101.800
3406	5104.600
830	5107.400
1598	5110.700
886	5113.600
2186	5114.200
82	5114.400
810	5115.400
3338	5115.600
3318	5116.700
1166	5117.500
2362	5117.900
718	5118.200
1378	5118.600
546	5119.100
1646	5119.100
2418	5119.200
898	5120.300
1750	5132.300
2722	5132.600
586	5133.100
3082	5133.200
1002	5133.500
3242	5135.200
2622	5135.700
3946	5135.800
290	5149.400
1874	5149.500
2070	5149.600
3922	5149.800
582	5150.100
1342	5150.100
3218	5150.100
3386	5150.100
3986	5150.300
3102	5150.600
3330	5150.700
1814	5151.500
2134	5151.600
2142	5151.600
2110	5152.000
810	5152.700
1794	5152.900
3934	5166.100
3082	5169.100
2834	5169.600
3370	5170.600
3990	5178.500
3754	5180.500
1370	5181.000
2766	5181.700
2098	5181.900
550	5196.900
3606	5202.200
1598	5203.000
1930	5203.400
1162	5203.500
3442	5203.600
950	5207.300
3690	5207.900
978	5217.700
3334	5219.100
3426	5220.700
3326	5221.000
3386	5221.000
1622	5223.500
654	5224.600
1342	5234.100
546	5234.800
2142	5235.200
4114	5235.800
1686	5236.700
930	5237.000
3038	5237.000
1818	5237.100
3930	5237.200
2986	5237.300
3614	5237.400
1138	5238.300
3258	5238.500
2718	5239.000
3150	5252.300
2590	5256.300
358	5256.400
3358	5256.400
1866	5257.300
3870	5257.300
306	5258.300
2098	5258.300
2062	5258.500
1442	5258.700
1974	5258.800
3342	5258.900
690	5260.400
502	5260.900
274	5261.100
1982	5266.200
286	5272.000
1018	5272.800
2178	5273.300
3382	5273.300
3362	5273.400
3102	5273.700
3522	5274.400
3234	5274.500
726	5275.100
62	5275.400
3294	5276.000
3650	5276.400
1786	5276.600
2318	5282.800
3402	5287.300
586	5288.900
902	5290.800
510	5293.600
566	5293.700
2078	5293.700
2118	5295.000
3418	5295.600
1422	5295.800
1994	5295.900
222	5306.800
2390	5307.200
2654	5307.200
1666	5307.300
1974	5307.300
1702	5307.500
2106	5307.600
1414	5307.700
2142	5307.800
1710	5308.200
2342	5308.300
3478	5308.700
3594	5308.900
718	5309.300
3850	5309.400
1186	5309.700
1366	5310.600
1294	5310.700
4018	5311.000
1162	5314.400
2378	5326.800
1058	5327.000
3222	5327.100
2426	5340.600
2738	5340.900
2342	5341.100
1450	5341.200
538	5341.300
2470	5342.000
3014	5342.000
3990	5342.600
1686	5342.800
422	5343.200
1138	5354.500
3018	5359.700
702	5359.800
1342	5360.500
582	5361.700
3298	5363.100
1258	5377.100
350	5378.600
2622	5379.600
3186	5380.100
2442	5394.000
1334	5394.200
586	5394.600
810	5394.800
1818	5394.900
3310	5394.900
162	5395.000
2294	5395.000
2590	5395.000
338	5395.200
2118	5395.300
1698	5395.700
2	5395.800
3118	5400.300
1882	5408.400
2962	5408.900
2626	5411.600
2494	5412.000
118	5422.900
4006	5423.800
2426	5423.900
4002	5424.100
4118	5429.000
1818	5431.700
4022	5437.900
2378	5438.200
3914	5439.100
1546	5439.200
2654	5439.200
1842	5439.300
2590	5451.400
54	5451.800
2058	5454.900
3694	5455.500
1094	5455.700
3210	5456.200
1738	5457.900
2574	5462.600
3094	5467.600
970	5468.600
3386	5469.100
354	5471.000
2206	5476.100
1522	5480.200
2658	5485.100
2626	5485.700
2458	5491.700
2954	5492.500
2642	5492.600
1710	5493.000
546	5493.500
1746	5493.500
3946	5493.600
1706	5494.000
630	5494.600
3650	5494.900
886	5495.000
690	5495.600
1006	5495.700
2058	5496.300
3754	5496.400
3234	5496.900
2010	5508.400
2014	5509.100
286	5509.200
2886	5509.200
726	5509.400
3490	5509.500
554	5509.600
1646	5509.700
1686	5510.000
946	5510.100
2098	5510.500
1162	5510.900
718	5511.900
3006	5512.300
1558	5512.800
3142	5512.900
566	5515.200
1110	5526.000
1738	5527.200
14	5528.900
1094	5529.900
2550	5532.200
1898	5541.100
654	5551.900
2706	5555.600
3258	5555.600
2	5557.700
902	5558.300
3142	5558.500
702	5559.400
286	5559.500
1006	5559.600
1442	5560.100
1074	5560.500
1698	5560.500
2370	5560.900
3642	5561.200
2142	5561.800
1466	5566.200
1818	5568.400
1942	5575.000
2866	5575.400
242	5575.800
2130	5576.800
2034	5588.200
3986	5589.200
4134	5589.200
1958	5589.700
1398	5591.000
2934	5591.100
790	5591.300
522	5591.400
622	5591.800
2522	5591.900
2030	5592.000
1442	5592.300
1794	5606.000
718	5606.700
726	5606.700
1138	5607.000
562	5607.100
42	5607.200
338	5607.300
994	5607.300
730	5607.400
2158	5607.500
3026	5607.600
3902	5607.600
1498	5607.800
3022	5607.800
3690	5607.800
1634	5608.100
3166	5608.100
1990	5608.200
2878	5608.200
1466	5608.300
3134	5608.400
538	5608.600
2298	5608.800
2678	5608.800
3038	5608.800
1506	5609.000
1878	5609.200
2174	5609.500
3130	5609.600
3650	5609.600
154	5626.000
1546	5626.600
3386	5626.900
3806	5627.200
3950	5627.200
3678	5627.300
566	5627.500
1398	5628.000
1646	5628.700
374	5628.800
278	5628.900
1738	5629.300
198	5629.600
926	5629.700
3382	5629.700
3846	5644.300
1770	5644.800
3222	5644.900
646	5645.000
1686	5645.100
1954	5645.100
1670	5645.400
2858	5645.500
3810	5645.500
3750	5645.600
1882	5646.200
3506	5646.200
2938	5646.400
2342	5646.700
586	5646.800
3370	5647.100
1718	5660.500
710	5662.100
2662	5665.200
2142	5667.000
3422	5667.100
3386	5674.600
3734	5677.200
982	5677.500
38	5679.600
1022	5679.800
1622	5679.900
2258	5680.900
2906	5688.100
3202	5696.300
254	5698.900
2410	5698.900
290	5699.000
3738	5699.300
3370	5700.600
1830	5702.000
586	5712.200
2078	5714.700
1622	5714.900
1726	5715.100
3486	5715.100
4062	5715.200
1794	5715.400
2098	5715.600
150	5715.800
2870	5716.000
2070	5716.500
486	5716.600
2862	5716.800
3038	5716.800
442	5716.900
3754	5716.900
2034	5717.700
2494	5732.400
50	5732.500
1742	5732.600
3670	5732.600
3498	5732.800
718	5732.900
1042	5732.900
1938	5732.900
4118	5733.600
4002	5733.700
154	5734.000
1466	5734.100
414	5734.200
1398	5734.200
374	5734.300
722	5734.400
3806	5734.500
2354	5734.900
3958	5735.100
1818	5749.500
238	5751.300
3418	5751.800
606	5752.200
3478	5752.200
702	5752.400
3170	5752.400
586	5752.700
3522	5752.700
458	5752.900
3954	5753.600
386	5753.900
626	5754.000
866	5754.400
2686	5755.000
358	5755.100
3278	5755.700
3654	5755.800
2150	5755.900
726	5756.400
230	5769.700
2698	5771.100
686	5771.200
554	5772.100
546	5773.800
3810	5774.700
2098	5776.700
1570	5777.800
206	5778.900
650	5778.900
2390	5779.200
1946	5779.600
2834	5780.100
198	5780.500
3778	5781.300
2338	5781.600
1478	5781.700
2990	5781.700
1698	5782.200
2142	5782.400
718	5783.400
2258	5783.900
2066	5795.300
1346	5796.600
2706	5798.500
2838	5799.300
3042	5799.300
1798	5804.000
362	5804.900
3894	5805.100
2954	5805.400
2062	5806.500
1734	5807.100
186	5808.300
406	5808.600
1306	5809.200
3098	5809.200
1622	5823.000
4022	5823.000
1342	5824.300
690	5833.700
3838	5839.600
2938	5843.600
2806	5844.300
154	5845.000
3510	5845.100
4074	5845.100
3142	5845.300
2354	5845.400
594	5845.600
3842	5846.000
3946	5846.200
2522	5846.300
2658	5846.500
1146	5848.600
3418	5851.200
902	5858.500
334	5860.300
2038	5860.300
1374	5861.100
406	5861.200
1814	5861.500
1654	5861.600
3902	5861.900
3310	5863.500
702	5865.500
2622	5866.300
2590	5876.400
62	5877.100
2314	5878.000
3382	5878.300
2598	5879.200
1598	5879.300
546	5879.400
1730	5879.400
1958	5879.500
3958	5879.700
1082	5880.300
2722	5880.300
3170	5881.100
3630	5883.000
1002	5893.500
2338	5893.700
986	5894.800
2210	5894.800
3566	5895.300
3694	5895.500
3826	5898.700
2458	5909.000
1202	5909.500
3070	5911.100
810	5911.900
3038	5912.000
646	5917.300
2974	5925.500
3186	5925.800
3914	5926.200
330	5926.500
1294	5926.600
2214	5926.700
3826	5926.800
522	5926.900
2142	5926.900
2062	5927.300
42	5928.000
698	5928.400
458	5928.700
3358	5929.000
3662	5929.300
3218	5929.400
2362	5930.400
162	5944.300
2030	5945.200
1854	5946.300
3806	5948.600
358	5949.700
3386	5951.600
3422	5953.300
3186	5958.700
1002	5958.800
626	5958.900
1094	5972.400
4134	5974.600
3150	5975.600
4002	5981.300
866	5981.400
1258	5982.300
3134	5984.000
1570	5985.200
1978	5985.700
3122	5988.500
742	5998.500
1018	5998.600
3482	5998.900
326	5999.000
1066	5999.400
1398	5999.500
546	6000.600
3598	6000.600
2286	6001.200
3486	6001.900
1814	6015.200
3018	6016.200
3914	6016.300
1254	6016.400
2986	6016.400
274	6016.800
1670	6016.800
858	6017.000
42	6017.200
2718	6017.200
930	6017.400
3358	6017.900
3022	6018.100
3406	6018.200
1058	6018.300
1466	6019.000
3834	6034.200
1442	6041.400
198	6046.800
1794	6046.900
1018	6057.000
1398	6057.200
1710	6057.200
4074	6057.600
1422	6059.400
3522	6059.700
3746	6060.600
3070	6063.500
70	6073.900
2946	6073.900
1398	6074.500
702	6074.600
2	6075.300
1818	6075.500
586	6075.600
446	6075.800
1302	6076.000
958	6076.100
2898	6076.300
1606	6076.600
1058	6076.900
3594	6077.700
1030	6087.800
746	6091.800
3418	6093.400
4074	6094.400
526	6094.600
3334	6095.500
3906	6096.100
4002	6096.300
2558	6096.400
2486	6096.800
1878	6097.200
3590	6097.500
1170	6097.800
2202	6098.100
2098	6098.300
2786	6099.400
2818	6101.000
1946	6119.100
2082	6119.400
3094	6119.800
4022	6119.800
194	6119.900
2390	6120.000
2986	6120.000
2450	6120.300
3002	6120.300
3382	6121.400
2634	6121.600
1806	6121.900
2550	6122.600
14	6123.900
1974	6123.900
1494	6134.200
710	6135.000
3690	6135.900
2590	6136.300
3014	6136.500
3342	6137.000
1022	6137.600
282	6138.300
502	6139.300
3546	6141.000
3610	6141.000
3462	6141.200
3590	6141.900
2250	6143.300
2258	6145.100
546	6146.900
3862	6153.700
1066	6154.600
206	6154.900
350	6154.900
3386	6155.500
1862	6155.800
3754	6155.900
770	6156.500
586	6156.800
1794	6157.400
718	6157.600
198	6157.800
2454	6158.500
3382	6170.600
2622	6171.200
1846	6173.600
154	6173.800
2782	6174.000
3806	6187.400
3206	6189.500
2578	6190.000
978	6190.300
114	6190.800
3690	6190.800
1826	6190.900
1698	6196.900
838	6198.800
1878	6213.600
82	6214.700
3334	6218.800
1030	6219.100
1374	6219.200
1118	6219.500
1578	6219.600
1074	6219.800
2970	6220.100
3410	6220.600
190	6221.400
2046	6221.700
4106	6221.900
3690	6223.100
2874	6224.100
586	6225.400
306	6236.100
1922	6236.800
3650	6237.900
1018	6238.400
1394	6238.500
1526	6238.900
82	6239.100
3038	6239.400
6	6240.300
2	6241.500
2354	6241.600
726	6242.900
2106	6245.200
2546	6251.000
1218	6252.400
2662	6252.600
1342	6254.200
1162	6254.900
2706	6255.000
718	6256.500
2282	6265.600
3086	6268.500
3026	6269.400
1138	6269.500
3750	6269.500
3418	6270.700
3370	6271.400
102	6272.800
230	6272.900
630	6283.400
2142	6284.500
3142	6284.800
2054	6285.600
3430	6286.000
2074	6287.100
1162	6287.300
2842	6288.600
718	6288.700
322	6289.200
2154	6301.300
3194	6301.600
2258	6301.800
74	6301.900
1682	6303.500
558	6305.600
1290	6306.300
958	6307.100
546	6309.600
4042	6312.700
1126	6319.900
726	6320.600
2574	6321.600
2470	6322.500
2098	6323.200
1974	6323.700
750	6324.100
194	6325.900
1438	6326.200
3062	6327.300
4006	6327.300
930	6329.500
3358	6329.800
1270	6330.100
2362	6340.900
3478	6341.000
2526	6343.400
2102	6344.400
1058	6344.600
1178	6349.900
2074	6351.600
3638	6352.000
2142	6355.800
582	6356.000
4074	6356.400
1726	6356.500
1146	6357.300
902	6357.600
3690	6357.600
3806	6357.800
2938	6358.600
690	6359.500
2802	6370.200
1162	6372.800
374	6373.800
1758	6374.300
3914	6374.400
2882	6374.500
3754	6375.000
3018	6375.100
3934	6375.300
3478	6375.800
938	6376.800
3402	6376.800
2634	6377.400
546	6390.700
878	6392.200
1578	6393.800
502	6396.200
4134	6405.800
1258	6405.900
2162	6408.100
3786	6412.400
810	6413.100
3950	6414.300
158	6414.900
3390	6414.900
1698	6415.300
2634	6415.700
2186	6416.100
2218	6416.100
3830	6416.300
3734	6416.600
2058	6416.700
2894	6417.100
3958	6433.000
2646	6433.900
3334	6435.500
202	6437.200
3386	6437.900
1390	6438.500
1722	6443.200
1970	6443.600
2574	6447.000
2070	6449.200
2526	6455.500
1646	6455.600
62	6456.400
2006	6457.300
1638	6457.500
3738	6457.600
1342	6457.800
1274	6458.000
2706	6458.000
3370	6458.000
1334	6458.200
2354	6458.200
3330	6458.200
3478	6458.500
3206	6458.600
1794	6458.700
1990	6458.700
2390	6458.800
3258	6458.800
502	6458.900
2834	6459.300
1166	6459.700
134	6460.100
2082	6460.300
1006	6461.300
2314	6474.600
2034	6475.100
1346	6476.100
1758	6476.700
258	6477.100
2390	6477.800
2062	6478.300
254	6479.000
1310	6480.400
3834	6481.600
2038	6489.600
2786	6490.700
2938	6491.400
2426	6491.500
3458	6492.800
3370	6493.100
3562	6493.900
2	6494.600
4074	6496.400
2706	6510.200
1466	6510.500
3942	6511.300
310	6511.900
2142	6512.100
2582	6512.700
2946	6512.700
1734	6512.800
3946	6513.300
2842	6515.700
798	6515.800
1058	6515.800
1878	6517.000
1974	6529.900
242	6531.300
626	6532.700
558	6533.600
3650	6533.700
2902	6533.900
1374	6547.900
646	6548.700
1646	6549.300
2326	6550.100
2054	6550.300
2458	6551.100
2162	6553.300
3374	6553.300
1878	6565.000
2722	6568.000
682	6568.200
3202	6568.400
2450	6568.500
3838	6568.600
878	6568.700
1546	6569.200
638	6569.300
582	6569.400
3902	6569.800
198	6570.200
1058	6570.300
2430	6570.500
46	6570.900
630	6570.900
2554	6571.200
3878	6571.200
3546	6572.400
978	6572.800
898	6573.400
2742	6590.900
3806	6597.000
2386	6605.300
2070	6605.500
3226	6605.500
2390	6605.800
2838	6605.800
3690	6606.300
2494	6606.500
2266	6606.600
586	6606.900
1094	6606.900
3406	6606.900
2898	6607.000
1006	6607.100
2614	6607.100
662	6607.500
3102	6607.700
2506	6607.800
610	6607.900
3610	6608.200
3658	6608.200
1134	6608.700
2938	6608.700
702	6608.800
846	6608.900
3346	6609.800
1350	6610.100
1438	6610.500
2142	6610.600
3026	6625.500
3386	6625.900
2258	6626.100
886	6641.600
4002	6642.100
1030	6642.400
1162	6642.400
3882	6642.500
2406	6642.600
2470	6642.600
2902	6642.600
1818	6643.000
3330	6643.000
870	6643.200
1862	6643.200
3678	6643.200
930	6643.400
1942	6643.400
3006	6643.600
46	6643.800
794	6643.800
1814	6643.800
2214	6643.800
2758	6643.800
1242	6643.900
814	6644.000
3382	6644.000
3894	6644.000
1374	6644.100
1530	6644.100
3670	6644.100
3566	6644.200
1682	6644.700
1958	6644.800
2706	6645.600
1710	6646.200
3234	6662.700
1194	6670.600
1974	6670.900
1494	6671.000
3922	6673.400
3142	6675.700
2886	6686.200
2354	6687.800
1866	6687.900
3642	6687.900
62	6688.400
522	6688.400
1814	6688.400
2058	6688.500
482	6688.600
2834	6688.900
3098	6688.900
3226	6689.000
606	6689.200
2326	6689.300
586	6689.600
2734	6693.600
1130	6707.000
1734	6707.100
2426	6707.300
510	6707.400
1550	6707.600
2258	6707.600
1018	6708.100
194	6709.800
1578	6723.000
2070	6724.300
1958	6724.600
1318	6727.600
2674	6730.000
394	6731.400
3566	6734.600
522	6735.800
2590	6736.100
422	6736.200
1502	6736.400
1542	6736.600
4022	6736.800
158	6743.400
986	6746.300
418	6747.000
1758	6747.500
1994	6748.600
1086	6748.800
4134	6748.800
1466	6749.800
1342	6750.300
3014	6750.300
2342	6751.200
2898	6751.200
2266	6755.700
3194	6762.300
2986	6763.400
4050	6763.500
6	6763.600
3190	6764.100
2226	6764.700
2542	6765.000
3334	6765.200
1666	6766.200
3558	6766.300
3274	6766.600
2730	6767.800
2842	6772.300
4022	6774.000
538	6777.100
1590	6778.400
1794	6778.800
1878	6780.200
1826	6781.300
2694	6782.300
2494	6784.300
718	6784.700
546	6789.800
4034	6791.300
1942	6791.900
4098	6796.000
4062	6796.600
1798	6798.700
814	6802.600
326	6806.400
2986	6808.700
1666	6809.200
3122	6809.300
1146	6810.400
1646	6811.500
1510	6811.700
3366	6811.800
3794	6813.200
46	6822.400
1398	6824.400
2590	6826.300
3302	6826.900
3754	6827.300
2826	6828.200
2434	6828.500
4038	6829.000
2106	6829.200
1974	6831.200
1182	6834.600
4074	6841.100
4130	6842.200
2762	6842.300
1586	6844.500
2218	6844.500
1986	6845.100
3650	6847.600
3586	6848.100
3330	6848.800
3262	6849.400
3422	6849.900
2134	6860.600
2182	6862.100
346	6862.200
706	6862.500
774	6862.600
3306	6863.000
2630	6863.200
3598	6863.800
4002	6864.200
506	6864.800
1734	6866.200
342	6877.700
3758	6879.100
2922	6879.200
3454	6879.700
1814	6879.800
2142	6879.800
3650	6880.200
3186	6880.300
546	6880.400
2382	6880.400
4134	6880.400
4130	6880.600
182	6880.700
2634	6880.800
3566	6881.400
586	6882.000
1622	6882.100
378	6883.100
1710	6883.100
2414	6883.500
3902	6884.100
1182	6887.000
1286	6896.800
2614	6898.000
1006	6898.100
2882	6898.900
3246	6900.300
554	6900.500
3474	6901.100
3082	6912.000
2682	6912.100
1758	6912.900
1654	6913.800
1898	6914.000
3686	6914.000
274	6914.900
4022	6924.200
2382	6924.800
826	6926.300
3358	6927.100
930	6928.700
2110	6928.900
3658	6929.100
326	6929.400
1270	6930.300
2814	6932.200
1942	6932.500
2186	6932.600
1610	6937.200
350	6940.200
2062	6941.900
4114	6945.100
598	6946.400
506	6947.300
1802	6947.800
430	6949.400
3022	6949.500
358	6963.200
3914	6964.100
3806	6964.700
1230	6969.200
1606	6969.600
102	6971.900
2286	6972.300
550	6973.800
2210	6974.800
226	6974.900
986	6975.200
2342	6975.300
1878	6976.500
3458	6976.800
2322	6977.200
3878	6977.800
1258	6979.300
2470	6980.100
3650	6980.500
2318	6981.200
2494	6981.400
2054	6991.300
3502	6992.500
1182	6992.600
1546	6992.600
618	6992.900
1030	6993.000
566	6993.200
2566	6993.300
4078	6993.300
3450	6993.500
2458	6993.800
1698	6994.100
1246	6994.400
242	6995.000
2062	6995.200
1670	7006.100
3046	7007.100
2806	7007.800
1442	7019.500
2142	7021.600
6	7023.100
3066	7023.400
786	7024.300
1546	7024.500
3142	7024.600
1846	7024.700
1094	7024.800
702	7025.000
2034	7025.100
3650	7025.700
158	7025.900
2210	7026.000
1974	7026.300
1322	7026.700
226	7040.000
2314	7042.600
3102	7044.100
350	7045.400
718	7045.900
2974	7046.600
2166	7050.700
1630	7052.000
3382	7057.400
3690	7057.600
978	7057.700
1666	7058.800
3326	7059.400
358	7060.100
3118	7060.200
1162	7063.800
3098	7064.600
258	7075.200
3218	7075.800
3650	7076.100
1598	7076.500
3658	7076.500
1414	7077.400
62	7077.600
730	7077.800
1750	7077.900
3738	7078.300
938	7078.500
1450	7078.700
3846	7079.500
3170	7089.900
2942	7090.500
690	7091.300
2442	7091.600
1706	7092.300
474	7092.500
1686	7092.500
3654	7093.200
3474	7093.500
2818	7093.900
3142	7107.400
750	7108.800
2462	7109.100
718	7109.300
2142	7109.300
438	7109.500
3878	7109.700
3478	7110.000
566	7110.200
2758	7110.200
2894	7110.200
818	7110.300
2994	7111.700
2062	7112.200
1110	7112.500
2530	7112.600
118	7122.100
1290	7129.400
2586	7134.000
2042	7135.100
2282	7136.400
2506	7139.100
3614	7140.900
2214	7147.300
1878	7147.900
62	7148.300
202	7149.100
4022	7149.400
2362	7149.500
3710	7149.600
3774	7150.200
3234	7150.400
3498	7150.800
654	7151.200
1414	7151.200
1738	7151.200
4126	7151.400
2802	7152.800
1966	7153.200
3690	7162.600
1030	7165.500
82	7166.100
2070	7167.600
2522	7167.800
3382	7167.800
1350	7168.600
358	7170.200
2210	7174.000
1846	7186.200
3754	7186.800
2274	7187.700
1606	7199.000
2142	7200.200
4130	7200.200
2626	7200.400
3734	7200.500
3986	7200.500
2902	7200.600
3166	7202.000
2654	7202.800
174	7202.900
2886	7203.000
2590	7203.100
3222	7203.100
3658	7203.600
1958	7204.400
2818	7204.400
606	7204.700
3958	7205.000
1094	7205.900
2678	7206.100
3602	7206.100
4114	7219.400
358	7219.600
1114	7219.700
2670	7221.600
1230	7222.000
142	7222.200
690	7222.300
3690	7222.600
1138	7223.000
718	7223.700
2150	7223.800
154	7223.900
3298	7223.900
750	7226.500
1978	7237.800
2734	7240.300
82	7244.200
22	7244.800
1298	7245.200
3002	7245.500
654	7245.600
2610	7260.300
1710	7260.400
3458	7261.900
1114	7264.500
3018	7265.700
2806	7266.000
3370	7271.400
358	7272.500
2342	7276.800
1398	7285.700
2170	7286.300
2102	7286.400
154	7286.700
3318	7286.900
3382	7287.100
3554	7287.100
3854	7287.200
2738	7287.900
1030	7288.200
2054	7288.200
3802	7288.700
2942	7289.100
946	7289.400
3386	7303.100
3826	7303.300
490	7304.700
2030	7304.700
1486	7304.800
1066	7306.100
2326	7306.200
594	7306.400
1802	7307.000
438	7307.200
1814	7307.500
2506	7319.800
3330	7320.400
1398	7320.900
2862	7322.300
4002	7322.500
846	7325.500
1974	7330.100
2354	7331.800
2494	7331.800
2058	7335.700
1454	7336.000
1258	7337.200
2342	7337.600
2754	7341.400
3418	7346.100
3702	7350.300
1978	7350.800
1558	7352.300
2070	7353.000
2426	7354.000
1606	7355.000
154	7356.700
1250	7360.700
638	7364.000
3166	7365.100
3546	7366.000
3690	7366.000
1794	7367.100
338	7367.200
1554	7367.400
34	7367.500
3318	7368.600
2342	7382.100
1974	7383.900
186	7384.900
2050	7384.900
42	7386.500
1398	7386.800
1810	7387.200
2098	7387.200
3758	7387.200
682	7388.400
2950	7391.200
3154	7391.800
1686	7398.500
1806	7400.600
1454	7401.600
3186	7403.200
10	7404.000
1730	7406.100
1670	7406.800
2214	7409.800
1318	7415.800
546	7434.000
1586	7442.500
3098	7443.000
726	7443.400
3386	7443.500
3242	7446.500
3754	7449.300
586	7452.700
874	7454.100
1270	7454.900
2522	7455.400
718	7455.700
2142	7459.200
3078	7459.900
2938	7463.300
262	7465.100
922	7466.100
3738	7470.000
1054	7473.300
3682	7473.600
3170	7473.900
2654	7474.600
3698	7475.600
1094	7490.600
2214	7491.700
3114	7492.100
358	7495.200
2498	7502.500
3690	7505.400
2	7506.300
3186	7506.300
1778	7506.800
2706	7507.300
194	7507.600
3658	7507.600
742	7507.900
42	7508.000
782	7508.000
2734	7508.100
4074	7508.200
46	7508.300
622	7509.100
2210	7509.100
3050	7509.100
2354	7512.100
2318	7512.400
2458	7525.100
3142	7526.500
1194	7527.100
2998	7527.400
3914	7527.700
154	7528.100
3990	7528.200
566	7531.100
3882	7531.400
1414	7543.600
1802	7544.600
2474	7544.800
486	7545.100
4114	7546.600
3294	7549.900
2118	7561.000
3098	7561.700
2526	7561.800
586	7562.000
402	7562.500
3050	7562.800
3910	7564.100
2786	7564.800
1198	7566.200
654	7569.700
3442	7573.700
2758	7576.000
3274	7576.200
702	7577.500
1342	7577.600
3642	7579.300
1794	7579.500
4022	7579.600
78	7581.000
1770	7590.500
42	7591.700
426	7593.200
2418	7593.200
1414	7594.600
3958	7597.600
1942	7598.600
3902	7598.600
1118	7599.100
2162	7599.100
2298	7599.600
1606	7600.700
2590	7600.700
2354	7600.900
338	7601.000
1990	7601.400
1758	7601.800
2170	7602.400
2662	7602.500
4022	7613.900
3738	7615.800
2614	7616.600
3006	7618.900
2098	7622.000
2634	7626.000
3386	7627.100
2938	7627.200
3106	7627.800
1066	7628.400
2670	7628.400
522	7629.000
1058	7629.700
186	7629.900
690	7630.800
3598	7631.600
3122	7642.500
3826	7643.000
3590	7643.300
454	7644.300
3462	7644.500
2906	7644.700
1558	7644.800
1854	7644.900
230	7645.100
1946	7645.200
2142	7645.900
2574	7646.000
3802	7647.000
1054	7647.500
3242	7647.600
4130	7648.100
3042	7660.100
1334	7660.200
4106	7660.500
1814	7660.700
1866	7660.900
606	7661.000
3374	7661.000
3678	7661.100
1394	7661.300
3142	7661.500
3210	7661.700
94	7661.800
2350	7662.400
3498	7662.800
546	7663.800
598	7664.800
1258	7676.500
3046	7677.400
3522	7677.700
3026	7677.800
1494	7677.900
2450	7678.100
2626	7678.100
442	7678.200
1878	7678.300
726	7678.500
238	7678.900
914	7694.300
1006	7697.100
2542	7697.300
62	7697.700
3654	7698.800
386	7698.900
1062	7699.300
2426	7699.300
1710	7700.300
902	7700.400
3670	7700.700
2986	7716.500
6	7717.300
546	7717.300
1922	7718.000
3754	7718.300
3970	7718.400
1634	7718.600
3186	7718.600
2266	7718.700
3134	7718.700
914	7718.900
3086	7719.200
3278	7719.200
1442	7719.500
2678	7719.700
1014	7720.200
1806	7720.300
934	7720.900
2658	7737.400
1978	7739.800
1946	7743.000
2430	7743.600
2706	7744.900
1974	7745.200
3374	7746.000
2590	7746.600
1494	7747.300
3206	7747.300
2830	7747.600
566	7747.900
2098	7748.600
2942	7750.600
3098	7750.600
358	7751.000
1694	7751.800
4010	7753.200
3234	7753.600
2906	7759.500
1938	7761.000
538	7761.200
1922	7763.900
2542	7783.100
2842	7783.500
2642	7786.400
1646	7787.200
2590	7788.700
2298	7789.900
350	7790.900
3386	7794.100
1138	7794.700
4114	7795.800
3402	7798.900
3670	7803.500
546	7803.900
1878	7810.800
2054	7812.000
986	7813.000
1286	7824.700
74	7825.200
334	7825.700
1794	7825.700
3426	7825.800
838	7826.000
990	7826.400
1402	7826.400
2858	7826.400
3078	7826.900
558	7827.000
3242	7827.000
2174	7827.200
3926	7827.200
54	7827.500
1842	7827.900
3034	7827.900
438	7828.000
306	7828.300
194	7828.500
1866	7829.100
174	7844.200
1042	7844.500
702	7845.900
3546	7846.100
922	7848.100
1558	7850.000
606	7857.300
3170	7858.000
3870	7861.800
2494	7869.100
114	7871.600
3954	7872.000
102	7874.100
1522	7875.100
1878	7875.300
898	7875.700
3546	7877.200
3038	7877.400
1238	7879.900
3822	7892.100
1670	7892.500
3078	7892.900
3370	7893.500
530	7893.800
834	7894.100
4106	7894.100
782	7894.200
2006	7894.300
754	7895.400
3334	7895.400
594	7895.600
2354	7895.600
682	7895.700
126	7896.000
486	7896.100
3446	7896.100
3606	7897.000
3050	7898.000
3386	7912.400
2550	7912.900
2070	7913.500
2730	7913.800
3670	7914.100
374	7914.500
2790	7914.500
2698	7914.700
114	7915.200
4110	7915.200
2378	7916.200
1750	7916.300
3142	7916.500
3914	7929.800
2654	7930.300
1790	7931.000
3218	7931.000
3862	7931.200
1510	7931.500
898	7931.900
1030	7931.900
2098	7932.100
358	7932.200
942	7932.400
1394	7932.400
3130	7932.400
4114	7932.500
3358	7932.700
1522	7933.200
3486	7933.300
3078	7934.200
3978	7935.100
3286	7939.700
3386	7949.200
1526	7950.200
702	7951.500
2998	7963.600
3422	7963.700
1214	7964.100
362	7964.500
1794	7966.000
3694	7966.600
866	7977.500
726	7977.900
430	7978.300
454	7978.400
570	7978.400
1410	7978.500
3754	7978.500
702	7978.700
62	7978.800
1950	7978.800
2142	7978.800
3594	7978.800
258	7978.900
2910	7979.000
2170	7979.300
1710	7979.400
1258	7980.100
846	7980.200
546	7980.300
782	7980.300
3734	7980.500
3958	7980.600
1882	7981.000
1342	7981.200
1930	7982.000
14	7982.100
470	7994.000
1570	7997.400
2866	8011.600
1162	8012.400
1646	8012.400
4134	8012.400
1246	8012.500
646	8012.600
3418	8013.900
1794	8014.100
2910	8014.300
2198	8014.500
794	8014.600
1710	8014.700
2150	8014.800
3678	8015.200
2662	8015.300
2534	8015.400
1006	8016.300
2302	8017.600
3386	8030.200
2622	8030.700
3478	8032.500
2902	8032.800
3370	8032.800
874	8034.100
2906	8036.200
3222	8037.200
2266	8049.700
2866	8050.900
3018	8051.000
2986	8060.900
3046	8062.700
3374	8063.000
2790	8063.600
1138	8063.700
3754	8063.800
930	8063.900
3766	8063.900
546	8064.100
722	8064.100
1342	8064.100
370	8064.400
306	8064.500
1670	8064.800
2622	8064.800
2110	8065.100
2470	8065.400
4106	8065.800
1778	8066.200
638	8066.900
3878	8066.900
2942	8067.000
1230	8067.100
1974	8067.500
3386	8067.500
3742	8081.400
3134	8083.400
2	8086.600
1038	8092.700
2694	8096.900
2142	8097.800
3334	8097.800
2818	8098.700
1974	8098.900
4074	8099.000
790	8101.700
2566	8103.000
2462	8106.000
1826	8106.100
1186	8106.900
902	8109.400
970	8109.800
3142	8120.800
526	8121.600
1670	8121.800
3690	8121.900
2842	8122.400
1102	8122.500
3370	8122.600
2538	8122.900
1706	8123.200
2142	8123.400
3522	8123.500
1218	8123.700
114	8124.000
3630	8124.000
3842	8124.200
3914	8124.900
3382	8125.200
1782	8125.500
1442	8125.700
834	8126.000
2722	8126.800
4006	8138.400
3234	8139.300
1334	8139.700
1482	8140.000
2674	8140.000
1030	8142.600
3386	8142.600
2054	8143.100
30	8155.700
2098	8156.100
558	8156.900
1218	8157.000
2106	8157.100
3222	8157.600
3890	8158.100
3022	8158.300
3354	8158.400
1306	8158.500
2626	8158.900
1818	8159.300
78	8159.600
1018	8159.700
1334	8159.700
702	8160.300
1006	8160.500
186	8161.400
1994	8163.300
1898	8166.000
3330	8178.000
2814	8178.400
546	8178.500
482	8178.800
2806	8179.100
3670	8184.100
362	8193.600
3942	8195.400
2142	8195.900
2430	8197.200
3358	8197.600
3426	8198.400
718	8211.100
2826	8211.400
2410	8211.500
3218	8212.600
1374	8212.700
930	8213.000
3902	8213.200
1002	8214.200
2106	8214.800
962	8215.100
3018	8228.300
3042	8232.600
2502	8232.700
906	8232.900
2918	8233.900
1438	8235.800
2078	8235.900
1018	8237.400
2838	8244.100
3358	8245.700
1218	8246.600
2310	8246.700
4022	8246.800
3902	8246.900
1878	8247.300
3374	8248.300
1166	8248.400
322	8249.800
1534	8249.900
2590	8250.100
2734	8250.600
1270	8258.100
2054	8261.800
2298	8262.700
2494	8265.600
2118	8266.700
3098	8267.100
630	8267.600
1782	8269.100
2626	8269.300
3186	8269.800
1894	8270.000
1478	8271.600
3806	8271.800
2010	8274.500
526	8279.800
546	8281.300
1690	8281.600
1038	8284.100
1974	8284.800
50	8284.900
682	8285.200
886	8294.700
3942	8302.300
1610	8304.300
394	8304.900
482	8305.700
3618	8306.500
2162	8306.600
2418	8308.500
810	8309.000
1818	8313.000
3386	8321.100
2730	8322.100
546	8323.600
726	8325.200
3382	8326.000
2650	8326.200
3690	8326.600
742	8327.300
334	8327.400
1826	8328.000
718	8328.500
2354	8329.200
1350	8329.400
2906	8330.800
886	8336.000
2954	8346.500
3842	8349.400
546	8349.600
1342	8350.900
642	8362.400
682	8362.600
726	8364.100
1458	8368.700
1986	8375.400
554	8378.600
1990	8381.400
2898	8385.000
1002	8385.300
1526	8385.500
1466	8386.500
1674	8386.500
3922	8386.600
1018	8394.200
1758	8395.300
1734	8397.600
618	8404.100
1606	8404.800
4098	8407.100
2150	8409.900
1542	8410.200
342	8411.400
4074	8412.100
114	8415.400
1774	8428.900
2734	8429.000
822	8429.900
3370	8430.700
3878	8431.700
2174	8432.500
1974	8446.100
4006	8446.100
3806	8446.200
3050	8446.400
1038	8446.500
14	8446.700
2110	8446.700
22	8446.800
1582	8446.900
1466	8447.000
1874	8447.000
1170	8447.100
134	8447.200
3382	8447.300
3894	8447.300
702	8447.400
2510	8447.400
514	8447.500
1954	8447.600
62	8447.700
2946	8447.700
3002	8447.700
354	8447.800
3654	8447.900
3102	8448.000
3486	8448.100
3570	8448.100
2590	8448.200
610	8448.400
1702	8448.400
406	8448.600
3934	8449.100
3150	8449.400
198	8450.200
2142	8467.800
4050	8468.000
2494	8468.800
3298	8468.900
2418	8469.200
1278	8470.300
3018	8472.300
3218	8477.400
1094	8482.200
2902	8484.000
1666	8484.100
4098	8484.100
1118	8484.400
2178	8485.700
1818	8486.500
638	8486.600
3294	8487.100
3606	8487.400
3766	8487.800
1974	8488.700
1274	8489.000
3134	8489.100
490	8489.200
3102	8490.400
1574	8490.900
3698	8491.000
4042	8503.900
3154	8504.700
3478	8504.700
1006	8505.500
2654	8506.000
1166	8506.400
1122	8506.600
1138	8506.600
1334	8506.600
2706	8506.800
3262	8507.200
886	8507.300
3370	8508.100
2590	8508.500
42	8521.900
3758	8524.700
398	8525.600
1170	8527.200
374	8527.400
586	8527.800
462	8528.100
1526	8528.400
286	8528.500
2642	8528.600
2382	8528.700
2622	8528.800
3546	8528.800
1230	8529.000
2658	8529.600
1466	8529.700
1558	8530.000
1330	8530.900
3654	8530.900
3594	8542.300
2058	8544.500
1622	8544.900
4074	8545.400
1854	8546.000
2578	8546.800
3370	8550.100
1922	8550.200
4114	8560.300
406	8560.900
1030	8561.000
1398	8561.200
3206	8561.300
1974	8561.400
690	8561.500
1814	8561.600
3754	8561.600
2530	8561.700
466	8561.800
1138	8561.800
1890	8561.800
62	8562.100
958	8562.100
2142	8562.100
4026	8562.200
722	8562.300
2118	8562.300
3386	8562.400
3610	8562.500
3042	8562.900
1034	8563.300
454	8564.800
230	8565.500
126	8575.800
3402	8580.900
4134	8581.300
2174	8581.800
3234	8583.100
1006	8583.400
82	8583.600
1402	8583.800
2698	8584.000
3926	8584.000
1466	8591.200
306	8605.300
114	8607.800
834	8608.700
3658	8609.600
3938	8610.700
358	8610.800
1274	8610.800
1670	8622.300
486	8623.700
4042	8624.900
2142	8626.100
1394	8632.400
2546	8640.200
3050	8640.500
1814	8641.400
3922	8642.300
6	8642.700
3038	8644.100
838	8651.800
1974	8653.700
1378	8657.700
86	8663.600
1818	8663.700
546	8663.800
3494	8664.100
638	8664.400
158	8664.500
1670	8664.500
3650	8664.700
3386	8665.100
4114	8665.300
3750	8665.500
1422	8666.300
3194	8667.000
3774	8667.900
206	8680.900
1114	8681.200
726	8681.400
2426	8681.500
2522	8681.800
3306	8681.800
1930	8682.000
718	8682.400
3178	8682.500
1954	8682.700
2134	8682.800
606	8683.000
3966	8683.000
138	8683.100
3006	8683.200
1554	8683.300
1510	8684.400
2354	8684.500
2318	8698.700
2938	8701.700
3710	8705.800
206	8714.900
3442	8715.000
1018	8715.700
158	8717.000
946	8717.500
3058	8717.500
3466	8717.700
2382	8718.000
3806	8718.300
3950	8718.500
154	8718.700
3954	8719.500
194	8720.200
1090	8720.200
1494	8735.500
2458	8735.600
1710	8736.100
1430	8736.200
4074	8736.400
1414	8737.000
2862	8737.400
74	8737.600
2950	8737.900
1066	8738.500
2522	8738.500
3442	8739.000
1578	8739.700
3134	8747.700
582	8750.500
3902	8755.200
1794	8755.500
2642	8755.500
1878	8755.600
3386	8756.100
782	8756.300
3642	8756.400
3858	8759.600
774	8762.500
2706	8765.600
2542	8772.500
2430	8773.900
3698	8774.000
2550	8775.800
2834	8776.100
486	8776.600
3018	8776.800
922	8777.300
3382	8777.500
3566	8778.900
1726	8780.400
718	8780.600
3546	8784.500
42	8791.800
3002	8792.900
154	8793.500
3406	8805.400
2142	8805.700
3590	8807.400
78	8807.700
3222	8809.800
2382	8814.700
2150	8820.400
3998	8820.600
1938	8821.000
2622	8821.400
90	8822.200
3306	8822.800
2938	8823.200
722	8823.300
2406	8824.300
2522	8829.000
3562	8829.300
1094	8833.300
1646	8842.400
3826	8842.600
2778	8843.400
1266	8845.200
190	8845.300
2722	8845.400
1878	8854.700
3770	8857.000
2330	8857.400
1686	8857.700
2170	8858.100
1522	8858.900
2042	8860.000
4002	8862.600
2066	8870.700
1118	8871.900
1138	8875.200
3546	8875.600
1066	8875.800
310	8875.900
3142	8876.800
1310	8876.900
1990	8878.000
3082	8878.200
3038	8878.300
3806	8878.600
2182	8890.100
938	8893.100
3990	8893.300
878	8894.000
586	8894.900
2626	8896.100
3942	8906.600
794	8907.500
2634	8908.100
3426	8908.600
1010	8908.700
2494	8908.900
2918	8908.900
282	8909.200
474	8909.200
3442	8909.600
2206	8909.800
718	8910.200
4074	8910.400
1598	8912.400
4062	8912.400
930	8926.800
3914	8927.100
3218	8927.800
1922	8928.700
2458	8929.500
1606	8931.900
1162	8936.000
2342	8936.600
1762	8937.600
3670	8946.200
690	8947.200
974	8951.900
1738	8961.100
3954	8969.000
4002	8972.900
2610	8976.900
1370	8979.200
1710	8979.900
2310	8982.500
3774	8994.100
1094	8995.100
3386	8996.300
2426	9010.900
726	9012.600
3442	9013.400
2406	9014.900
2294	9015.200
1754	9015.400
3754	9015.700
1610	9015.800
74	9016.100
3366	9016.400
3658	9017.200
1878	9017.300
1546	9017.800
4062	9019.300
1542	9033.800
630	9034.200
2786	9034.800
2026	9034.900
230	9035.000
2946	9035.100
2674	9035.200
2986	9035.200
2614	9035.700
3038	9035.700
838	9035.800
410	9035.900
1698	9036.000
1338	9036.100
426	9036.200
1646	9036.200
1478	9036.400
3766	9036.400
2470	9036.500
1770	9036.600
4014	9036.900
2678	9037.200
2110	9037.300
2190	9037.300
1806	9037.500
1670	9054.000
958	9056.000
4018	9056.300
562	9056.900
790	9057.300
510	9068.800
2234	9070.100
1002	9070.900
1978	9070.900
2842	9071.200
2070	9071.400
50	9071.600
4074	9071.600
3198	9072.100
358	9072.600
2342	9072.700
3826	9073.000
58	9073.500
3418	9073.700
2522	9074.400
554	9082.600
2550	9083.900
3462	9083.900
3642	9084.200
1218	9084.300
3914	9084.300
2098	9084.600
2774	9085.000
1398	9085.700
522	9086.600
2782	9086.900
2874	9092.100
3958	9097.400
3730	9108.600
3134	9109.600
3670	9109.600
3370	9109.800
2390	9110.500
646	9110.900
2906	9111.100
1398	9111.300
978	9129.100
1018	9130.100
114	9130.200
606	9130.600
1002	9131.200
3122	9131.400
370	9131.600
738	9131.700
506	9131.900
2470	9132.000
3706	9132.000
718	9132.100
2298	9132.100
2426	9132.100
1794	9132.200
4010	9132.300
4102	9132.300
1646	9132.400
2914	9132.600
1102	9132.700
3942	9132.700
2106	9132.800
4114	9132.800
558	9132.900
290	9133.000
2222	9133.200
3902	9133.200
2114	9133.300
2142	9133.400
2322	9133.400
1414	9133.500
2258	9133.800
3714	9134.000
3386	9134.300
3186	9135.900
126	9163.100
186	9165.900
2834	9166.100
3038	9166.200
266	9166.400
1494	9166.800
1674	9166.900
1534	9167.000
2206	9167.600
2974	9167.900
2354	9168.200
1066	9168.300
326	9183.000
1814	9183.900
2934	9184.100
4002	9184.400
1478	9185.100
606	9185.400
170	9185.500
1550	9185.600
3650	9198.200
938	9198.400
2122	9204.800
3690	9215.200
3606	9215.300
582	9215.600
702	9216.500
78	9216.600
2342	9216.700
2118	9217.800
3902	9218.500
2862	9223.200
3298	9224.200
2458	9227.200
810	9229.100
1182	9230.700
3642	9232.000
90	9235.800
2490	9237.100
470	9237.300
2394	9241.900
2326	9244.700
14	9253.800
2354	9256.000
1822	9257.000
2342	9257.000
1810	9258.000
826	9258.800
1138	9268.000
2142	9269.200
546	9270.600
3834	9270.600
3302	9271.000
1002	9271.300
3614	9271.300
2730	9271.600
3950	9271.700
2774	9272.200
3426	9272.200
678	9272.300
2958	9272.300
2406	9272.400
2662	9287.200
1750	9287.700
62	9288.400
1770	9288.900
3478	9292.000
718	9292.100
2410	9294.000
2590	9295.500
1182	9300.100
2146	9304.000
4114	9304.100
462	9304.500
54	9304.900
2642	9305.000
2426	9305.400
14	9305.500
438	9305.600
1966	9305.600
2986	9305.600
1758	9305.700
3826	9305.800
1018	9306.000
2738	9306.500
2354	9306.600
3710	9306.800
1350	9306.900
1710	9306.900
3470	9306.900
3878	9306.900
3382	9307.000
1982	9307.600
2094	9308.500
3386	9323.100
3966	9326.000
3042	9327.700
3506	9330.800
438	9333.500
3806	9334.000
3502	9334.300
3370	9336.200
750	9338.400
1110	9338.500
658	9340.600
3186	9354.100
2842	9355.700
2838	9356.300
930	9356.800
2962	9357.000
4038	9359.400
754	9361.200
3710	9362.000
902	9363.100
1346	9372.600
3410	9372.900
358	9374.400
2338	9374.800
790	9374.900
3882	9375.700
42	9375.800
566	9376.200
602	9376.200
1394	9376.400
630	9376.500
3758	9376.800
1030	9376.900
1438	9377.500
2678	9377.900
2106	9388.400
1250	9391.300
422	9394.100
1990	9395.100
3498	9395.600
122	9398.800
3142	9399.600
1526	9400.800
2730	9401.700
2886	9404.600
1006	9405.200
4070	9406.600
546	9408.200
1414	9409.700
1138	9410.000
710	9410.800
3958	9410.800
114	9410.900
286	9411.400
2610	9411.700
4086	9411.900
1230	9412.000
454	9412.400
306	9421.300
1166	9433.000
3466	9436.900
1794	9437.600
54	9438.300
3334	9438.400
1094	9439.400
538	9439.500
354	9439.900
1666	9440.700
2142	9441.100
502	9441.400
1730	9441.400
1334	9441.500
902	9442.700
1290	9443.200
230	9454.400
306	9456.700
726	9456.700
566	9456.800
938	9458.600
2350	9459.700
3754	9466.200
1754	9467.000
366	9467.700
2662	9468.100
3358	9469.600
2298	9469.900
2862	9469.900
3442	9470.300
3902	9471.300
194	9471.400
1582	9471.600
1250	9472.000
1746	9472.300
358	9472.900
3006	9473.200
3170	9488.000
966	9488.100
2190	9488.900
1038	9489.600
482	9489.700
2974	9490.100
3038	9490.100
4074	9490.600
2930	9509.500
1394	9512.500
1018	9512.800
3658	9512.900
3474	9513.600
3450	9515.200
3158	9526.000
2070	9533.900
838	9535.700
3386	9538.000
3722	9540.300
3302	9540.700
718	9541.300
4114	9541.700
922	9541.800
2458	9542.000
2490	9542.300
3026	9543.000
4006	9543.600
3090	9544.800
2434	9554.200
1098	9554.400
2226	9554.400
162	9554.500
1922	9554.900
274	9556.000
1202	9560.500
3422	9561.200
3954	9565.400
1758	9569.800
114	9570.700
1166	9571.300
3806	9571.800
1710	9572.000
1850	9572.100
1702	9572.200
2094	9572.500
3018	9572.500
1910	9572.600
2142	9572.700
1898	9573.000
1446	9573.300
546	9574.100
3570	9574.500
2934	9574.700
62	9574.900
610	9577.400
422	9589.700
3374	9589.700
3478	9589.700
3382	9590.200
2590	9590.800
146	9591.300
154	9591.300
1646	9591.700
1730	9591.700
2886	9591.900
1686	9592.100
702	9592.200
2526	9592.200
326	9592.300
490	9592.300
3606	9592.800
2142	9593.000
3754	9593.000
3766	9593.700
3978	9594.000
2662	9594.100
290	9596.000
214	9609.200
2038	9609.600
350	9611.800
3590	9612.300
2058	9612.700
426	9613.000
3522	9614.500
1598	9614.700
3082	9615.200
4074	9615.300
926	9617.400
3474	9617.600
646	9618.500
1006	9619.100
690	9621.600
1758	9623.100
1018	9629.800
2490	9632.200
3670	9632.800
2354	9633.100
3186	9636.000
1102	9638.500
1002	9644.400
1118	9646.400
306	9646.800
3418	9646.800
3302	9647.000
1622	9647.200
3938	9647.200
1974	9647.700
3806	9648.800
1890	9652.100
3742	9663.200
650	9666.200
2534	9666.800
1750	9667.300
866	9667.800
3150	9668.900
1990	9669.000
2934	9669.400
2690	9669.800
1802	9670.500
1334	9672.600
2494	9681.300
2074	9682.800
2718	9683.000
90	9685.000
3902	9689.800
430	9702.400
782	9702.400
1342	9702.700
3086	9704.000
3458	9704.700
42	9705.400
1414	9705.500
1770	9707.400
118	9710.400
970	9718.800
3942	9719.300
1958	9719.500
158	9720.100
826	9720.400
3822	9720.700
1974	9721.300
686	9721.800
150	9732.200
4106	9732.400
726	9732.600
1954	9733.300
2734	9735.000
3030	9735.100
2766	9735.300
3654	9735.400
938	9735.500
2610	9735.500
3882	9735.500
1770	9735.800
14	9736.500
2298	9746.300
546	9753.100
950	9753.400
1806	9765.500
550	9766.700
1194	9768.200
1842	9768.400
2426	9768.500
2534	9768.700
606	9769.300
690	9769.900
4046	9769.900
1662	9781.300
3390	9781.700
3142	9782.300
1686	9782.600
1394	9782.900
1586	9783.300
958	9783.500
1702	9783.700
4074	9784.800
3370	9799.700
2134	9800.000
1846	9800.700
4074	9811.300
358	9813.100
1598	9813.700
4030	9816.300
2174	9816.400
2510	9816.400
2074	9817.600
2998	9818.200
1622	9818.500
3374	9818.600
574	9818.800
1342	9818.800
3102	9819.700
1686	9828.900
3382	9830.600
4022	9831.800
2	9832.700
718	9832.800
1370	9832.800
2710	9832.800
1978	9833.000
2142	9833.100
2474	9833.100
938	9833.200
3186	9833.300
370	9833.400
4106	9833.500
3230	9833.700
742	9833.800
566	9834.100
2298	9834.300
3174	9834.400
1702	9834.800
1558	9836.000
2162	9850.300
2074	9853.300
3822	9853.700
1598	9854.500
670	9854.900
1758	9855.000
810	9855.200
4126	9855.500
1546	9855.900
1686	9856.600
1414	9871.800
2294	9871.900
2314	9872.400
1726	9872.500
2266	9872.700
3222	9872.900
3606	9873.100
510	9873.400
1938	9873.400
2138	9874.300
1258	9874.700
2590	9889.000
938	9889.100
890	9890.500
322	9891.200
718	9891.400
2818	9891.400
1958	9891.900
250	9892.200
3670	9892.200
1218	9892.300
3462	9893.500
606	9894.200
3478	9894.400
1710	9895.700
3806	9896.500
3702	9896.700
3370	9907.200
1794	9908.500
2586	9912.400
198	9914.800
982	9914.900
1390	9915.200
4074	9915.800
1394	9916.700
3458	9917.700
2590	9919.900
1974	9921.000
1622	9921.100
1414	9924.000
3690	9926.100
1698	9935.700
842	9936.000
4130	9936.100
230	9936.400
3070	9936.500
1818	9937.200
818	9937.300
886	9937.800
286	9938.100
3842	9938.500
2430	9939.100
1290	9944.500
1686	9944.800
3950	9946.900
1466	9949.700
3334	9951.000
4134	9951.100
2098	9951.700
174	9953.100
2142	9953.100
3186	9953.900
2842	9955.400
1210	9956.800
1846	9956.800
1686	9958.500
3298	9959.600
3262	9968.900
2418	9969.200
2986	9969.800
2614	9970.100
3650	9972.700
2014	9972.800
542	9973.700
930	9986.500
1738	9986.600
1258	9987.400
2622	9987.900
1682	9996.000
3402	10006.300
146	10006.700
2658	10006.800
2442	10007.000
198	10007.100
2386	10007.300
3806	10007.600
3702	10008.000
846	10008.400
1750	10008.700
898	10009.000
2382	10009.000
2530	10011.100
1898	10024.400
2222	10025.300
838	10025.900
3966	10027.000
2142	10029.200
1818	10029.800
3806	10032.800
450	10037.300
510	10037.300
86	10038.000
882	10038.200
1114	10039.500
2326	10039.500
630	10039.700
1394	10039.800
2306	10040.900
582	10043.800
3842	10048.000
1082	10050.900
1014	10051.000
486	10057.100
218	10057.400
2390	10058.400
638	10060.200
1798	10070.800
3334	10071.600
994	10072.000
2730	10073.300
3506	10073.300
4010	10073.400
1162	10073.500
718	10073.700
198	10073.800
350	10074.200
1442	10074.300
3050	10074.300
1670	10074.400
3418	10074.400
2	10074.500
422	10074.500
1238	10074.500
1522	10074.500
3986	10074.500
742	10074.600
1186	10074.700
3690	10074.800
682	10074.900
3546	10075.500
3858	10075.500
3970	10075.500
2434	10075.600
1770	10075.800
2142	10090.500
1986	10091.400
2998	10092.000
2458	10092.400
3650	10092.500
3754	10092.700
4134	10092.800
726	10093.400
1594	10093.600
2126	10093.700
2174	10093.700
3458	10093.700
2758	10093.800
3918	10093.800
2938	10094.000
486	10094.200
1494	10094.900
1950	10095.800
3142	10095.800
1502	10109.000
3954	10110.000
4086	10110.700
2698	10110.800
3042	10110.800
1466	10111.200
3386	10112.000
3102	10112.200
2	10114.300
2210	10127.000
2626	10127.900
1394	10141.300
2286	10141.800
3334	10143.600
638	10144.300
230	10144.700
546	10145.100
2610	10145.200
3146	10145.300
1162	10146.100
1922	10146.300
2410	10146.900
2458	10149.100
3142	10150.700
1194	10162.000
1522	10163.700
1802	10163.800
2986	10163.900
1014	10164.000
1018	10164.000
194	10164.100
510	10164.200
3298	10164.500
3798	10164.600
2526	10164.700
742	10164.900
1646	10165.000
3778	10165.000
606	10165.200
3050	10165.200
1334	10165.300
1586	10165.400
1866	10165.400
3442	10165.400
90	10165.500
2898	10165.500
142	10165.600
3698	10165.700
1962	10165.800
2590	10165.900
3234	10165.900
2070	10166.000
2642	10166.000
3186	10166.000
246	10166.100
3258	10166.100
4082	10166.100
22	10166.600
838	10182.100
442	10184.100
1374	10184.400
1414	10184.600
3338	10186.100
2626	10186.400
4022	10193.400
2458	10196.200
3902	10196.300
3914	10197.200
3334	10197.400
2126	10197.600
154	10198.000
1262	10199.300
1734	10200.900
3806	10214.200
930	10216.200
2842	10216.700
3710	10217.000
1306	10217.300
1758	10217.500
1818	10217.900
1466	10218.700
2622	10220.900
3966	10231.800
1670	10232.100
1982	10232.200
286	10232.600
1442	10233.100
2134	10233.100
2678	10233.400
4030	10250.700
1394	10250.800
726	10251.100
1162	10251.300
2210	10251.700
582	10252.200
3914	10252.500
2626	10252.800
2734	10252.800
1426	10253.000
1274	10253.100
1814	10253.100
1838	10253.100
3690	10253.100
1718	10253.200
2346	10253.400
2950	10253.400
6	10253.600
346	10253.600
3006	10255.000
1866	10268.300
3734	10268.600
2	10269.500
1554	10269.500
3790	10269.500
306	10269.700
1266	10269.800
2998	10269.800
2674	10270.200
4134	10270.200
2934	10271.100
958	10271.300
2078	10271.600
3046	10284.700
774	10285.400
1542	10285.500
2718	10285.900
938	10286.100
82	10297.400
3370	10297.600
3382	10297.700
2162	10299.900
2818	10308.200
2394	10308.300
2578	10309.700
1118	10310.800
3758	10313.100
2142	10313.200
3082	10314.700
2986	10322.100
3878	10324.800
2710	10325.400
6	10328.700
2614	10328.700
1814	10329.600
4038	10330.800
2118	10330.900
2786	10332.000
3762	10332.300
1094	10333.700
3026	10334.800
1710	10335.700
1358	10347.400
1746	10348.000
2662	10349.500
1374	10350.100
3030	10350.100
2674	10362.700
62	10364.200
6	10366.000
402	10367.400
546	10374.700
2494	10379.300
3418	10381.100
4002	10381.200
2694	10382.300
930	10382.400
774	10382.600
1534	10382.700
2302	10383.100
2070	10383.300
710	10384.300
3722	10386.100
2550	10387.400
3486	10389.600
2998	10400.500
3146	10400.500
3554	10401.000
3370	10401.200
4074	10401.200
922	10401.400
3298	10401.900
2526	10402.100
3878	10402.700
670	10414.900
1394	10418.800
1570	10420.400
586	10420.700
6	10421.700
90	10422.200
1150	10422.200
726	10422.800
2938	10423.800
3998	10424.800
2202	10425.800
3338	10426.200
3690	10427.300
2858	10430.800
1334	10436.900
2790	10436.900
2458	10437.200
1550	10438.200
2150	10438.400
2118	10442.900
3670	10443.100
3486	10451.100
902	10452.900
426	10454.100
1730	10454.200
1414	10454.600
1114	10454.800
2462	10459.700
3458	10461.700
4106	10462.800
3590	10462.900
4090	10463.200
3710	10464.700
730	10475.700
3934	10476.600
1170	10477.000
342	10477.900
1934	10478.400
2590	10478.600
3670	10479.600
3730	10491.200
2354	10491.800
2098	10491.900
3134	10491.900
646	10492.100
2514	10492.100
3970	10492.600
734	10492.700
2662	10492.800
2642	10493.600
2986	10494.400
