# NEST version: 3.9.0-post0.dev0
# RecordingBackendASCII version: 2
sender	time_ms
3476	500.400
1108	501.600
2848	503.300
2028	504.100
3340	504.900
1252	505.100
260	505.400
3092	505.600
2212	507.200
3220	511.100
2508	518.600
2616	518.800
3208	519.100
1808	519.600
2460	519.900
884	521.300
2896	522.200
488	522.400
1980	522.600
2500	522.900
2476	524.100
2812	524.800
768	536.300
612	539.500
576	540.100
840	541.400
2524	543.200
500	555.800
320	556.600
352	556.900
2424	557.100
580	557.500
2476	557.700
1008	557.900
3656	558.100
996	558.200
3240	558.300
3520	558.300
236	558.400
2184	559.400
824	574.600
488	575.400
3744	575.400
1724	575.600
2120	576.400
3508	576.700
3180	576.800
184	577.000
3812	577.000
2544	577.600
1184	578.000
1396	578.000
3320	578.100
4028	578.400
3936	592.400
3084	593.400
1548	596.400
2912	596.500
20	597.900
1964	600.900
3632	602.800
824	606.200
2644	609.900
2120	613.000
2640	614.400
4024	615.200
2684	617.800
2736	617.800
2812	618.600
3932	621.500
440	621.600
2168	625.400
2032	627.700
1228	629.900
1744	631.200
2664	631.700
188	632.800
3516	637.000
612	643.500
1980	643.900
3192	645.600
1912	647.800
2452	647.800
680	648.900
3892	649.600
2896	651.100
1260	651.400
332	652.500
3812	653.300
3056	658.000
3676	667.600
3836	668.200
3648	669.300
4072	669.300
1416	669.700
2524	669.800
3524	669.900
148	670.000
2404	670.000
2588	670.000
2200	670.100
2424	670.700
3220	671.100
1556	672.000
1672	672.300
700	672.600
632	686.800
2684	687.000
460	687.800
344	687.900
1332	688.000
2548	688.000
2928	688.100
4040	688.100
884	688.200
936	688.200
2328	688.300
1284	688.500
3200	688.500
2464	688.800
1932	688.900
3880	688.900
1640	689.200
624	705.300
1892	706.700
952	707.600
2892	707.600
2956	708.700
2100	709.200
1840	709.600
4064	709.800
1836	723.400
3148	723.400
3408	723.500
2120	723.900
3452	723.900
3708	724.000
1264	724.300
2500	724.600
3600	724.600
1600	724.800
2388	725.000
612	725.200
2288	725.200
1172	725.400
2608	725.400
500	725.600
704	725.700
3484	740.200
1684	740.300
1252	740.700
2640	740.800
316	741.000
1108	741.000
1344	741.200
3744	741.200
3068	741.400
1280	741.500
612	741.600
3816	741.600
344	741.800
1236	741.800
1668	741.800
3284	741.800
888	741.900
2620	742.000
1632	742.100
1956	742.100
352	742.200
1972	742.500
3304	742.500
384	742.600
1792	742.800
3240	742.900
1976	743.000
2412	743.000
104	761.100
2900	762.000
3124	762.100
3884	762.100
116	762.200
2772	762.200
3172	762.200
768	762.300
1020	762.600
1556	762.600
2616	762.600
2920	762.700
3856	762.700
3956	762.800
932	762.900
1752	763.000
1940	763.000
4128	763.200
3348	763.600
3612	763.600
2716	764.600
1588	765.700
2628	782.100
2624	783.500
2212	784.800
1060	787.400
72	791.000
24	797.400
1636	799.300
3116	799.800
1224	799.900
1732	802.300
536	807.600
2544	808.000
2120	808.300
3600	810.500
2224	810.700
2424	811.000
3304	811.100
44	811.200
500	811.400
1252	811.700
2380	811.700
4028	811.900
884	831.500
2284	835.100
1688	835.200
140	837.000
492	838.700
3248	847.300
2500	847.400
2668	847.500
2092	848.700
2124	848.700
860	849.600
4	849.800
3784	849.800
1192	849.900
2684	861.400
1892	863.800
1972	864.800
3300	865.000
3284	866.000
696	866.100
1960	866.100
3804	866.300
3544	866.800
3832	866.800
992	868.000
1328	868.000
1880	869.300
1324	874.800
2404	882.100
3388	882.300
1688	882.400
1388	882.500
2424	882.600
2112	882.700
2120	882.900
2372	882.900
232	883.000
2400	883.400
3704	883.600
480	884.000
1920	884.600
3836	884.600
884	885.000
1188	885.000
3784	885.000
208	885.300
3712	885.500
2920	887.500
1980	888.400
160	908.100
1128	909.200
3836	909.300
1176	909.800
488	910.700
3632	910.900
2632	911.600
2532	913.100
2840	914.100
824	915.100
2892	915.300
4116	926.500
920	928.500
3292	929.300
2404	929.500
1300	929.600
480	931.200
3092	931.400
336	931.700
2716	941.200
3208	942.300
1816	943.000
1972	943.500
1580	943.700
888	944.200
924	944.800
2500	945.000
1232	945.300
3780	957.300
1440	957.800
1684	957.800
1904	958.000
1264	958.300
2620	958.300
2616	958.500
1856	959.300
2408	959.300
992	959.400
2308	959.600
496	959.900
1836	959.900
3428	960.000
3832	960.000
248	960.100
3124	960.100
3460	960.100
3496	960.300
756	975.200
3516	975.600
796	982.700
3880	988.700
2444	988.900
3748	990.600
1976	991.700
2684	992.100
3240	993.400
3132	995.500
528	1006.100
928	1007.300
2112	1007.400
200	1007.800
1124	1008.300
1284	1008.400
2700	1008.400
3728	1008.400
1384	1008.600
3064	1008.600
2920	1008.700
3504	1009.100
2196	1009.500
1264	1009.600
1060	1009.900
1012	1010.100
916	1010.300
1040	1010.800
2532	1010.900
2716	1011.000
3512	1011.000
372	1025.400
3024	1025.800
3496	1026.000
348	1026.200
1556	1026.200
3612	1026.300
1244	1026.800
2944	1026.800
2504	1026.900
3304	1027.000
92	1027.300
3632	1027.500
1284	1027.700
3092	1027.700
1684	1028.300
2872	1028.500
2560	1029.000
232	1029.600
1464	1044.000
2292	1044.700
1720	1044.800
3060	1044.900
3224	1044.900
756	1045.000
3812	1045.200
3416	1045.400
2608	1045.500
2068	1045.800
3944	1046.300
2384	1046.400
3564	1046.500
2544	1047.400
3412	1048.200
3624	1048.400
3124	1048.900
2044	1057.200
2928	1059.600
2768	1060.000
976	1060.400
344	1062.600
1968	1063.100
3812	1063.400
1092	1063.500
208	1063.900
1716	1065.200
540	1065.900
1272	1067.100
480	1068.200
1172	1069.500
492	1077.200
488	1081.200
3892	1083.500
2464	1085.300
840	1093.200
1084	1096.200
96	1096.400
3956	1108.000
3276	1108.400
992	1109.900
64	1111.100
2920	1111.100
1128	1111.700
2824	1111.900
480	1112.000
60	1112.100
3004	1112.500
3704	1126.400
3124	1127.200
92	1127.300
680	1127.300
2716	1127.800
3016	1127.800
3888	1128.600
2712	1128.800
2080	1128.900
2312	1129.000
1520	1129.300
2632	1129.900
4044	1130.500
1340	1143.100
3696	1143.300
3784	1143.600
1172	1144.200
3264	1144.300
3544	1144.500
972	1145.000
2364	1145.000
2504	1145.000
3924	1145.500
3508	1145.800
1436	1146.100
3084	1146.400
1020	1146.700
3928	1147.500
2524	1147.600
856	1147.700
920	1147.700
880	1148.400
3812	1160.000
2044	1161.300
3932	1161.700
2176	1161.800
1976	1162.000
4072	1162.100
1040	1162.400
3404	1162.900
3520	1163.000
376	1163.100
2604	1163.100
3728	1163.300
3944	1163.300
2920	1163.400
2220	1163.800
1904	1164.500
684	1165.300
2000	1165.600
3644	1165.600
2836	1175.100
3528	1176.700
3480	1177.100
2736	1178.800
3496	1179.900
2160	1180.900
1776	1187.200
932	1192.100
972	1197.500
3892	1199.300
684	1199.500
824	1213.400
940	1214.900
1144	1214.900
2684	1215.100
396	1215.200
1024	1215.600
3340	1215.800
488	1216.500
492	1217.300
1500	1218.500
3092	1225.900
3224	1230.400
1212	1230.500
2292	1230.600
1412	1233.800
444	1236.700
3508	1239.600
3608	1247.200
2656	1248.100
1060	1248.400
3648	1248.700
1084	1249.000
1768	1249.100
1960	1249.500
3812	1249.700
2992	1249.900
2116	1250.100
3120	1251.500
2644	1252.000
1584	1262.900
160	1263.900
1864	1281.400
1060	1281.600
4020	1282.000
1252	1284.000
3812	1284.300
2660	1284.600
992	1285.200
4036	1285.200
1044	1285.500
104	1285.800
1996	1298.200
1836	1298.600
28	1299.400
1620	1299.500
1972	1299.700
532	1299.800
1192	1300.000
4120	1300.000
60	1300.100
588	1300.100
508	1300.600
1720	1300.600
3140	1300.600
156	1300.700
1308	1300.800
2656	1300.900
492	1317.600
3120	1318.200
2408	1318.800
1992	1319.900
2016	1319.900
3380	1323.200
436	1324.600
612	1329.700
2104	1333.700
992	1334.600
2220	1335.400
3836	1335.800
92	1341.900
1956	1350.100
3448	1356.700
3352	1363.700
1832	1364.500
3696	1364.800
4132	1364.900
2168	1365.500
3472	1365.500
3876	1365.500
1136	1365.600
2896	1365.600
776	1365.700
1996	1365.800
3848	1365.800
140	1366.400
3804	1366.400
2552	1366.500
1764	1366.800
1940	1366.900
3124	1366.900
620	1367.100
2884	1367.200
1788	1367.500
3240	1367.500
3428	1367.800
488	1368.000
1264	1368.000
2500	1368.300
2732	1368.300
2964	1368.400
544	1386.900
2920	1387.000
332	1388.900
3776	1389.200
2532	1389.400
988	1390.200
2168	1390.900
2684	1391.400
4	1392.100
2956	1399.900
3936	1401.800
2324	1402.100
2560	1402.100
2364	1402.200
704	1402.400
768	1402.400
3668	1402.400
492	1402.700
2404	1402.700
3352	1402.700
3320	1402.800
840	1403.000
264	1403.200
1424	1403.300
2904	1418.200
2080	1418.700
1580	1418.900
1932	1419.000
396	1419.500
432	1419.600
2328	1419.700
1980	1419.800
3408	1419.900
3584	1419.900
3600	1420.000
392	1420.200
3180	1420.200
1196	1420.500
2716	1420.500
224	1420.600
888	1420.600
3868	1420.700
4088	1420.700
872	1421.000
3348	1421.000
4108	1421.000
2868	1421.200
1096	1421.600
2100	1422.200
2300	1422.600
1896	1435.700
1996	1435.800
2092	1438.600
4112	1442.300
1172	1443.600
1444	1447.400
320	1453.800
2228	1454.600
4028	1455.600
1096	1456.800
4004	1458.500
2120	1460.200
1284	1460.600
232	1463.800
212	1470.100
1200	1472.900
884	1473.700
3112	1474.100
488	1478.600
2308	1484.600
3008	1485.600
1272	1487.500
1684	1488.600
824	1488.700
3808	1489.100
2868	1500.800
2620	1501.900
1524	1505.100
888	1505.900
2444	1508.300
2708	1512.100
840	1519.200
1656	1519.500
3132	1520.700
328	1521.100
1584	1521.800
580	1522.100
516	1522.400
588	1522.400
2632	1522.500
3712	1522.500
3036	1522.600
2876	1522.800
1344	1522.900
2228	1523.700
4084	1524.300
1060	1536.500
1224	1541.000
3124	1541.100
1784	1541.700
3452	1541.800
2500	1545.200
2896	1545.200
3008	1558.000
884	1559.700
260	1559.800
1820	1560.500
2404	1560.600
840	1560.700
1612	1560.800
3172	1560.800
1980	1560.900
3408	1560.900
3812	1561.000
900	1561.100
3068	1561.100
3084	1561.100
2524	1561.300
3328	1561.300
2212	1561.400
3108	1561.400
1304	1561.500
3884	1561.600
3676	1561.800
488	1561.900
1864	1562.000
4112	1562.100
1192	1562.200
3304	1562.200
1972	1562.300
2180	1562.600
2120	1562.900
3776	1564.300
1604	1578.700
1652	1578.700
3840	1579.000
3784	1579.500
2680	1579.800
2844	1580.000
2080	1581.000
992	1581.700
3992	1583.800
632	1594.500
2120	1595.200
1844	1595.600
3340	1595.600
3812	1596.000
3708	1596.200
3352	1596.300
1904	1596.400
388	1596.800
856	1597.400
3804	1597.400
1248	1597.500
3604	1597.600
1808	1597.900
3304	1598.000
3016	1598.500
828	1599.000
3432	1615.200
2168	1617.800
3776	1618.100
932	1618.700
824	1619.800
888	1619.800
2656	1620.000
3956	1620.600
2600	1620.700
3092	1620.700
3832	1620.700
2732	1620.800
2972	1620.800
4112	1620.800
1364	1621.100
2788	1621.100
3508	1621.100
3428	1621.300
576	1622.300
948	1622.900
3680	1622.900
2964	1623.300
2640	1623.500
3600	1639.800
580	1640.300
3380	1642.100
488	1643.900
3124	1643.900
2920	1654.600
1496	1654.900
3484	1655.200
3832	1655.900
956	1656.500
2900	1656.600
396	1656.700
1888	1656.700
512	1657.100
3080	1657.300
500	1657.700
2928	1658.600
1128	1669.700
2600	1670.300
2604	1670.600
3176	1670.600
1544	1671.200
20	1671.800
1148	1671.900
2940	1672.000
2292	1672.100
2504	1672.300
3768	1672.500
4088	1672.500
2048	1672.700
2684	1673.000
292	1673.300
668	1673.400
860	1673.400
1604	1675.000
972	1689.600
1668	1689.800
2060	1690.200
1232	1690.300
2168	1690.400
2572	1690.400
472	1690.900
332	1691.100
588	1691.100
480	1691.200
3088	1691.200
64	1691.400
1836	1691.400
2328	1691.400
2344	1691.500
2844	1691.600
3304	1691.600
2380	1691.700
3812	1691.700
80	1691.800
100	1691.800
1696	1691.800
2616	1691.800
1640	1691.900
1976	1691.900
2212	1691.900
3496	1692.100
2712	1692.400
3836	1692.400
1684	1692.600
1956	1692.600
2500	1710.900
2760	1711.800
1808	1713.000
2372	1713.400
3632	1713.900
3968	1715.900
2700	1716.200
3860	1725.800
480	1726.200
3716	1726.200
3092	1726.300
2516	1726.400
1972	1726.700
2928	1726.700
1612	1726.900
1616	1726.900
356	1727.600
3908	1727.700
2404	1740.800
96	1741.800
80	1742.300
236	1742.300
692	1743.100
3336	1743.800
1784	1744.400
3224	1752.600
908	1756.100
2308	1756.100
2772	1756.400
1520	1756.700
532	1758.800
1788	1760.500
1904	1761.500
3028	1761.500
3172	1762.900
756	1769.200
3840	1773.500
824	1774.000
1636	1775.000
812	1775.200
3368	1775.300
2756	1775.500
2092	1775.600
4	1775.700
2408	1775.700
2556	1775.700
3796	1775.700
2920	1775.900
3860	1776.100
4108	1776.100
3508	1776.300
4096	1776.300
888	1776.400
1568	1776.500
3036	1776.500
28	1776.700
88	1776.700
2444	1776.700
532	1776.800
680	1776.800
2856	1776.800
3512	1777.400
3748	1778.000
208	1778.300
2960	1780.600
1688	1791.800
1328	1792.900
2536	1793.400
2180	1794.300
1052	1794.600
2640	1794.600
1976	1795.400
3108	1795.500
3264	1796.000
3632	1798.200
2048	1803.900
2848	1808.700
2736	1812.400
2928	1812.600
600	1812.900
3648	1824.100
1716	1825.500
3208	1825.800
3224	1825.900
516	1826.200
388	1826.300
2280	1826.500
1084	1826.600
3052	1827.300
200	1827.600
256	1828.200
2292	1828.300
1588	1836.400
3104	1842.100
2416	1842.900
768	1843.100
1288	1843.200
376	1843.400
1684	1844.400
2124	1844.800
3280	1845.000
1108	1855.000
1284	1855.500
588	1856.500
856	1857.300
672	1858.200
3180	1858.500
2100	1859.100
892	1860.300
3600	1860.700
1688	1862.300
92	1862.900
1264	1864.700
2252	1877.700
3284	1877.700
3312	1878.100
520	1878.500
1864	1878.600
3720	1879.000
3124	1879.500
3696	1879.600
4092	1880.200
2504	1898.600
1808	1899.100
868	1899.300
3336	1899.500
1864	1899.800
1616	1900.000
628	1900.400
1656	1903.400
2844	1905.400
1904	1910.700
1628	1912.900
1200	1919.900
3184	1920.600
4028	1920.600
840	1922.500
2424	1923.800
3008	1924.100
3020	1925.000
252	1926.400
1684	1927.100
2048	1933.600
4088	1934.200
768	1934.400
1996	1938.700
436	1940.700
2388	1942.100
208	1950.200
152	1950.700
1940	1951.200
3196	1952.000
632	1952.800
3368	1952.800
824	1953.900
2236	1955.000
3804	1955.100
3812	1969.700
3356	1973.400
3304	1973.600
3412	1984.800
3052	1985.100
3812	1986.000
3400	1986.100
1588	1986.200
2172	1986.400
692	1988.000
4	1988.300
1864	1988.300
2112	1988.500
2100	1989.100
3304	2000.800
1684	2003.100
3708	2005.100
3092	2005.400
4112	2005.700
540	2006.500
2440	2007.300
2180	2008.300
996	2010.500
992	2017.600
3124	2017.800
2820	2018.000
3644	2018.000
3352	2018.100
1164	2018.400
976	2018.600
3956	2018.600
232	2018.800
2776	2018.800
988	2019.200
1832	2019.400
1000	2019.900
1628	2020.100
3516	2020.200
2956	2020.500
352	2036.500
1172	2036.900
3116	2037.000
1284	2037.700
536	2038.300
1464	2039.400
2284	2039.500
3072	2039.500
1904	2040.100
3816	2040.100
2028	2040.200
3336	2040.500
504	2042.300
156	2056.400
3016	2057.300
1656	2059.700
3228	2061.700
1228	2063.800
368	2065.200
2488	2068.100
1844	2069.300
2632	2075.100
92	2075.700
2640	2075.700
3092	2075.700
4088	2075.800
3172	2076.400
1808	2076.600
2600	2078.400
208	2079.800
640	2086.900
2736	2090.100
3904	2090.100
2540	2090.400
1688	2090.700
824	2090.900
1924	2091.000
532	2091.300
776	2091.400
4072	2092.300
956	2094.300
768	2104.500
1232	2105.900
520	2106.000
2872	2106.200
3304	2106.400
1064	2106.500
1248	2106.600
2172	2107.300
96	2107.600
436	2121.200
3464	2121.600
3932	2123.200
2504	2123.400
2000	2123.500
3728	2123.600
1688	2124.100
480	2125.400
3392	2128.900
2700	2135.700
2048	2138.300
2524	2139.800
2616	2140.500
3124	2140.900
1264	2142.300
3904	2152.000
1984	2153.800
2444	2154.500
232	2157.700
4096	2160.400
1268	2169.100
3376	2169.400
16	2169.600
2920	2169.600
1888	2169.900
1220	2170.000
3360	2170.100
1844	2170.200
1588	2170.400
1904	2170.400
3984	2170.800
1316	2171.300
2532	2171.300
2656	2171.300
572	2171.900
2492	2172.100
3924	2172.200
1784	2172.400
1864	2172.600
56	2172.700
1176	2183.000
3668	2187.200
168	2188.100
3140	2188.300
2792	2190.400
208	2190.500
3632	2191.300
2720	2192.700
2308	2193.300
3224	2196.700
3076	2206.100
1060	2207.900
4132	2208.700
92	2209.900
2460	2209.900
3748	2209.900
2168	2210.100
2640	2210.700
3064	2210.700
2636	2211.300
548	2212.100
3324	2212.600
1476	2224.900
1788	2225.400
2300	2227.700
1836	2227.900
2428	2228.200
920	2228.600
3832	2229.000
2444	2239.700
3092	2239.700
824	2240.300
692	2240.400
488	2241.800
1968	2242.500
3640	2242.700
3184	2242.800
388	2243.000
1616	2243.100
1432	2243.300
1804	2243.600
320	2243.700
640	2244.200
1620	2245.100
3600	2258.300
1232	2259.200
992	2265.000
1688	2265.700
4072	2266.300
488	2268.700
1060	2268.900
2556	2282.200
536	2283.400
768	2284.100
2964	2284.300
392	2284.400
2220	2284.400
2408	2284.400
1652	2284.500
3552	2284.500
692	2284.800
1624	2284.800
2080	2284.800
608	2284.900
1784	2284.900
2168	2284.900
1212	2285.000
2460	2285.000
3832	2285.000
2404	2285.100
3968	2285.100
3012	2285.200
888	2285.300
64	2285.400
1972	2285.400
2060	2285.400
3600	2285.400
3804	2285.400
3960	2285.400
2844	2285.500
3516	2285.500
4096	2285.500
1172	2285.600
3388	2285.600
932	2285.700
3932	2285.700
1604	2285.900
1688	2285.900
3220	2285.900
3812	2286.300
1272	2286.500
1984	2286.500
2024	2286.800
648	2286.900
3632	2286.900
132	2287.500
884	2304.000
3124	2304.500
3892	2304.600
1252	2304.700
3224	2305.600
2016	2305.900
2400	2310.200
2388	2310.300
480	2311.700
612	2312.500
1672	2319.600
3336	2319.700
396	2320.100
3832	2320.300
64	2320.500
1892	2320.600
3704	2321.200
1336	2321.800
588	2334.800
1284	2337.400
1876	2337.900
2292	2338.300
2056	2338.500
3796	2338.700
3276	2338.900
1688	2339.500
976	2339.600
2820	2339.900
1716	2340.400
2276	2343.100
2104	2352.800
1612	2355.000
548	2355.400
2656	2355.600
884	2356.300
3440	2356.400
500	2357.400
1232	2357.500
3372	2370.000
3804	2370.100
60	2370.200
464	2370.300
2396	2370.300
3336	2370.300
3060	2370.400
428	2370.500
3140	2370.500
3836	2370.500
544	2370.600
40	2370.700
3224	2370.800
1776	2371.000
3624	2371.000
2820	2371.200
1556	2371.300
2476	2371.400
2920	2371.400
1388	2371.700
2528	2372.000
4112	2372.000
3480	2372.200
3580	2372.200
1040	2372.400
1820	2372.600
204	2372.700
2944	2372.700
3664	2390.500
396	2390.600
2992	2391.400
1904	2391.600
2724	2391.600
3116	2392.600
2608	2392.700
956	2392.900
1228	2393.300
840	2405.900
2016	2405.900
2700	2406.000
2236	2406.200
1864	2406.900
1264	2407.100
1992	2407.100
2336	2407.300
1236	2407.900
480	2408.600
3132	2409.100
3756	2409.400
2784	2409.900
864	2410.400
1448	2410.500
628	2413.800
3812	2414.800
352	2422.200
3224	2423.200
3508	2423.200
1844	2424.900
3092	2425.000
3116	2425.100
996	2425.400
992	2426.100
3892	2427.000
1344	2427.100
1984	2427.600
3444	2427.900
2736	2428.000
3680	2428.000
3124	2443.800
504	2444.300
2240	2455.000
352	2457.200
2132	2457.600
692	2457.900
2056	2459.400
2624	2459.500
888	2460.200
1284	2462.100
2616	2462.500
3712	2462.500
3992	2462.500
3484	2464.700
2920	2476.400
2964	2477.000
3708	2477.700
3084	2478.800
2736	2480.200
3812	2488.300
3124	2490.000
992	2490.700
2884	2491.800
212	2491.900
3288	2492.400
1540	2492.800
1344	2492.900
3768	2493.200
3696	2494.000
1352	2497.200
612	2502.500
972	2507.400
1412	2513.700
164	2514.300
680	2524.000
1804	2524.400
1956	2524.400
1904	2524.500
3448	2525.200
2960	2525.500
2524	2525.600
976	2525.700
3580	2525.700
3336	2525.900
3476	2526.300
3368	2541.800
848	2542.000
1152	2543.000
488	2543.600
1200	2543.700
992	2544.400
1756	2545.300
2032	2547.300
2028	2548.500
2560	2548.700
1896	2551.600
200	2560.000
2148	2561.700
1524	2562.100
500	2563.900
3732	2565.800
1684	2577.900
1784	2578.000
2784	2578.200
1940	2578.800
552	2579.000
1072	2579.400
1048	2590.700
2240	2592.900
2744	2594.400
664	2596.200
160	2596.600
1412	2599.900
2168	2603.200
2920	2606.000
1760	2614.100
276	2615.200
384	2616.500
616	2619.900
488	2620.300
388	2629.600
348	2629.700
552	2630.000
4076	2630.500
972	2630.800
600	2631.000
2332	2631.000
3892	2631.100
3812	2631.400
3408	2631.800
2700	2632.000
364	2632.200
2092	2636.100
88	2646.900
1236	2647.100
3816	2647.500
2168	2647.800
3400	2647.900
504	2648.000
3796	2648.100
276	2649.400
1808	2649.500
1152	2650.200
1680	2650.400
3352	2650.400
3504	2650.400
2252	2650.500
392	2651.200
3812	2663.500
2716	2665.100
2740	2666.000
3460	2666.200
1452	2666.500
1180	2666.600
2424	2666.600
924	2666.800
1556	2666.900
1548	2667.100
3864	2667.100
2656	2667.800
2820	2668.000
1684	2668.200
376	2669.600
2144	2676.200
3912	2688.100
2588	2688.200
3320	2688.400
3640	2689.600
1256	2691.500
3888	2705.700
248	2706.500
3936	2707.000
756	2707.700
1220	2707.700
2112	2707.900
1852	2709.200
3008	2721.200
140	2722.600
2620	2723.600
3840	2723.600
3516	2723.700
2604	2723.800
392	2724.200
860	2724.800
2804	2724.800
1616	2725.300
208	2725.400
2500	2725.700
2820	2725.700
3120	2726.000
1224	2726.500
3264	2726.600
3932	2726.700
1820	2727.200
272	2735.700
1556	2739.600
3812	2740.600
3064	2740.700
2016	2741.000
2640	2743.200
908	2743.400
3632	2743.700
364	2743.900
2104	2755.000
3264	2755.200
2184	2755.600
1896	2755.700
1776	2755.900
768	2756.000
3512	2756.100
240	2756.200
1788	2756.300
920	2756.400
4	2756.600
3704	2756.900
3520	2757.500
2816	2757.900
1256	2758.500
1548	2759.000
1172	2769.200
1512	2772.300
2920	2773.900
3508	2775.600
1980	2775.800
168	2776.300
896	2777.100
2728	2777.400
2996	2779.300
328	2790.700
1964	2791.700
2416	2794.800
492	2795.700
3428	2796.300
600	2796.700
1724	2797.800
1904	2799.000
1384	2806.600
56	2807.000
2256	2807.100
2656	2807.100
532	2807.600
624	2808.100
1732	2808.300
656	2808.500
3884	2808.500
2236	2808.700
1420	2808.800
100	2809.100
1888	2809.300
488	2809.700
1620	2810.000
768	2821.200
140	2825.700
208	2829.600
1864	2836.300
2668	2836.400
2424	2838.000
3836	2840.200
1356	2840.300
2000	2840.300
2692	2840.300
1980	2840.400
3812	2840.600
320	2841.500
3512	2841.700
2456	2841.800
3124	2842.800
1744	2843.900
4112	2843.900
1888	2844.000
3724	2844.500
972	2858.200
2400	2858.600
3804	2859.200
2300	2859.300
2856	2859.400
3304	2859.500
888	2859.800
1972	2859.900
3732	2859.900
420	2860.000
3108	2860.300
3352	2860.300
3104	2860.400
3440	2860.600
3712	2861.400
1252	2861.500
480	2861.900
2968	2877.700
2168	2878.700
3084	2879.200
2424	2879.400
2500	2879.600
3884	2879.800
2920	2880.000
2772	2880.100
840	2880.500
256	2880.600
2512	2880.700
3560	2882.100
1888	2886.700
2092	2889.400
3160	2891.100
3624	2892.400
2984	2892.500
180	2893.100
1268	2893.100
632	2893.500
2820	2893.500
2324	2893.800
932	2894.500
1984	2894.700
1808	2894.800
1748	2894.900
232	2895.000
1696	2895.100
1684	2895.200
972	2895.300
2644	2895.700
3812	2910.300
4124	2911.200
3640	2911.900
1688	2912.800
1284	2913.700
2372	2913.700
1192	2927.300
3876	2928.100
3944	2930.400
1668	2931.400
224	2931.700
3132	2933.400
3180	2937.800
1844	2939.900
3640	2940.100
2776	2941.200
2700	2942.300
480	2943.600
1884	2943.600
2928	2943.700
2276	2955.400
3092	2957.600
1208	2957.700
3304	2958.200
3316	2958.500
3276	2959.700
580	2959.900
316	2961.700
1652	2968.600
1684	2970.400
356	2971.400
1176	2971.400
2740	2972.500
1720	2972.900
1140	2980.600
1960	2981.300
588	2983.600
2456	2989.800
1128	2990.400
2480	2991.500
3932	2992.200
2280	2992.900
1244	2994.200
4112	2994.700
3320	2996.500
1656	3005.900
2988	3006.200
3904	3006.300
492	3006.800
992	3007.800
2460	3008.500
404	3008.700
3860	3009.100
612	3010.500
2896	3010.700
3516	3011.800
3000	3022.000
240	3022.800
2232	3023.400
1844	3024.000
2716	3024.100
3008	3024.700
4128	3024.800
2668	3025.000
3092	3025.700
168	3025.800
2664	3025.800
952	3026.200
324	3027.800
992	3038.700
3904	3040.300
4124	3041.100
2212	3041.700
3836	3042.000
1976	3042.600
4008	3042.700
1652	3044.200
1036	3045.300
3420	3048.700
1248	3049.100
3896	3051.600
888	3061.700
1744	3062.800
1040	3063.600
320	3067.800
2488	3068.000
2916	3068.200
2896	3068.800
3632	3069.900
1992	3070.600
1904	3072.100
1808	3073.300
1940	3091.200
992	3093.700
2608	3093.800
2700	3095.200
2868	3096.500
3220	3098.000
1344	3099.100
3836	3100.200
3332	3101.500
3084	3111.200
1584	3113.800
2108	3113.800
3056	3116.900
1904	3117.400
3932	3118.000
4088	3118.600
1984	3121.300
1788	3130.100
3304	3134.400
252	3134.500
1228	3134.500
3384	3135.600
488	3136.500
2404	3136.600
1688	3136.900
1568	3137.000
2692	3137.500
888	3137.600
3688	3140.000
492	3153.300
232	3154.100
1876	3155.200
992	3168.500
2996	3169.900
2912	3173.700
480	3182.700
1264	3183.100
60	3185.100
2928	3189.300
2512	3197.600
3352	3199.800
2556	3200.500
3092	3201.500
200	3202.800
3104	3204.000
3220	3213.800
2288	3214.100
3744	3216.700
3304	3217.200
660	3217.300
1132	3217.400
2220	3217.800
1540	3217.900
352	3218.200
3392	3218.500
392	3219.200
3340	3219.500
60	3220.500
2852	3231.200
3892	3231.700
2876	3231.900
2416	3232.000
3148	3236.100
832	3236.200
824	3249.800
3344	3261.800
488	3262.500
1996	3262.500
208	3262.800
3056	3262.800
1012	3263.200
1888	3263.300
3028	3263.300
3224	3263.500
536	3263.800
1328	3264.000
3804	3264.200
2872	3264.300
2212	3264.400
3668	3264.400
1144	3264.800
1312	3265.200
2168	3265.400
3580	3267.000
328	3280.500
992	3281.500
3368	3281.700
544	3282.000
356	3282.100
532	3282.200
1108	3282.400
3208	3282.600
1820	3282.900
1156	3283.100
1500	3284.200
2168	3284.500
2308	3284.600
432	3285.600
3028	3286.600
3144	3286.800
2756	3311.700
388	3312.900
488	3314.200
3760	3314.300
3428	3315.400
2404	3316.400
2716	3316.500
888	3317.300
3928	3317.700
768	3318.600
1556	3319.200
1132	3319.400
3264	3320.500
184	3325.500
4012	3337.200
2616	3341.300
3104	3358.400
3640	3358.600
1972	3360.800
176	3368.100
80	3369.700
612	3370.100
3524	3376.900
1280	3377.300
3108	3377.500
1980	3379.000
4016	3379.500
488	3380.200
3224	3380.200
2032	3381.300
1336	3388.000
3056	3390.700
1044	3391.400
2516	3391.800
2684	3392.000
1832	3392.900
1896	3392.900
1452	3393.100
1800	3393.300
300	3393.800
1464	3394.000
2500	3394.400
388	3410.700
2596	3410.700
96	3410.900
1224	3411.000
1748	3411.000
692	3411.100
796	3411.300
2560	3411.300
3124	3411.300
3640	3411.500
2848	3411.600
756	3411.700
2920	3411.700
3956	3411.900
184	3412.000
592	3412.000
2372	3412.000
1696	3412.300
3584	3414.000
1656	3434.900
3812	3435.500
3704	3436.400
788	3436.500
4064	3438.200
888	3438.500
2576	3452.800
3304	3453.700
4004	3454.100
1248	3455.000
940	3455.700
1784	3456.000
3220	3456.000
3448	3456.000
96	3456.700
3160	3457.400
688	3458.200
1856	3473.600
3352	3473.600
2924	3474.200
2616	3474.700
2768	3475.400
1648	3475.500
92	3475.600
1304	3475.600
1844	3475.800
3484	3475.800
2032	3475.900
3124	3475.900
4116	3475.900
1280	3476.000
3028	3478.200
1904	3492.400
1792	3493.100
52	3493.200
152	3494.700
688	3494.700
2920	3494.800
2516	3494.900
1720	3495.600
1624	3497.800
344	3498.800
3092	3504.000
2640	3505.600
3308	3506.400
1168	3510.000
3588	3515.700
1732	3519.300
1980	3522.200
3328	3523.500
1008	3525.100
3792	3526.200
1344	3526.400
2868	3527.200
3124	3527.300
3668	3538.100
1864	3538.300
2092	3538.600
3600	3538.600
352	3538.800
2424	3538.800
3944	3539.500
548	3539.800
3024	3540.400
148	3540.600
1688	3540.800
60	3541.000
3580	3554.100
2280	3554.300
2500	3554.300
1968	3554.600
1820	3556.200
3804	3557.000
2644	3559.800
1892	3565.000
2616	3567.800
3400	3567.900
3716	3568.500
1192	3568.800
2476	3568.800
420	3569.200
588	3570.000
160	3570.200
3084	3570.900
1172	3572.200
824	3574.800
208	3575.300
2016	3575.600
2480	3576.700
612	3581.700
272	3582.600
3236	3584.000
3708	3590.700
3812	3591.900
1772	3595.300
3508	3595.700
184	3596.100
1768	3596.300
532	3596.500
1152	3596.600
408	3596.700
92	3597.000
3120	3597.300
1864	3597.400
3968	3597.500
3992	3597.700
1972	3598.300
2460	3598.500
3644	3599.300
3612	3614.100
2328	3614.200
1228	3614.700
3920	3615.100
208	3616.600
352	3629.900
3520	3630.300
824	3630.600
2028	3630.600
1580	3631.800
3680	3631.800
344	3632.100
2204	3632.500
576	3633.500
2292	3634.800
168	3645.500
768	3647.800
2844	3650.700
2896	3650.900
2524	3655.600
3116	3662.000
276	3664.400
1432	3666.900
2616	3668.200
2700	3668.500
3968	3668.600
3132	3670.500
480	3678.000
612	3683.100
2104	3683.300
1172	3684.800
824	3684.900
208	3687.600
1248	3687.700
1984	3688.300
3860	3688.700
2372	3689.500
1252	3700.400
3304	3700.800
2408	3701.100
3812	3701.200
532	3701.300
888	3701.400
2844	3701.600
856	3701.900
1808	3701.900
1200	3702.000
3268	3702.500
1996	3703.200
160	3703.500
1684	3703.600
256	3705.500
96	3719.400
1332	3720.100
4096	3720.300
2820	3721.100
4112	3721.800
2576	3722.200
2628	3722.700
3064	3722.700
2212	3723.000
208	3723.900
1716	3736.300
1664	3737.700
2096	3738.500
3336	3753.900
3080	3756.400
1688	3757.400
3880	3757.400
868	3758.300
1864	3759.800
2540	3759.800
2124	3760.100
3928	3760.500
1832	3760.900
1668	3761.300
640	3763.400
2220	3763.400
1836	3772.000
532	3773.400
2028	3773.900
3248	3774.600
264	3775.800
1144	3776.300
420	3776.400
932	3776.500
1952	3776.500
540	3777.000
608	3777.300
2408	3777.900
3116	3778.900
208	3781.000
2412	3790.000
100	3790.300
308	3790.700
756	3792.000
3008	3792.800
2560	3793.200
1896	3793.300
3696	3793.300
3264	3794.100
3524	3794.200
3368	3797.200
2804	3811.000
224	3811.400
1688	3811.600
3472	3812.600
3240	3814.300
2892	3815.000
3440	3818.700
1412	3829.400
1488	3829.900
1340	3830.000
2540	3830.200
2308	3830.600
3124	3830.800
3820	3830.900
660	3831.000
1192	3831.100
2500	3831.300
1612	3832.700
208	3832.800
3624	3832.800
2700	3832.900
2512	3833.200
1732	3833.400
4032	3835.000
3472	3839.500
4116	3846.000
2120	3848.700
940	3850.200
392	3851.400
1996	3852.000
3632	3852.300
420	3861.300
824	3867.500
3804	3870.500
952	3872.200
2152	3873.100
3484	3873.100
148	3873.800
2964	3874.400
1224	3874.600
1504	3875.300
3840	3875.500
2884	3876.300
2060	3884.200
516	3885.700
2820	3887.000
1248	3887.400
1512	3887.800
3664	3887.900
1624	3888.200
2716	3888.300
444	3888.500
2104	3888.500
628	3888.600
2556	3889.700
1484	3890.900
2180	3891.900
2668	3903.000
2124	3903.100
4092	3904.000
3316	3904.100
2540	3904.700
3804	3904.800
1496	3904.900
3524	3905.000
2304	3905.200
668	3905.400
352	3905.500
2588	3905.500
3084	3905.600
1684	3905.800
1256	3905.900
1072	3906.000
2560	3906.000
2812	3906.000
60	3906.100
8	3906.200
2716	3906.300
3624	3906.300
100	3906.400
1776	3906.400
488	3906.500
3812	3906.500
1172	3906.600
2572	3906.600
1076	3906.700
2068	3906.700
2872	3906.700
792	3906.900
3880	3906.900
3916	3907.000
856	3907.200
1616	3907.600
1680	3908.000
436	3908.800
3284	3923.300
3228	3924.900
3340	3925.200
496	3925.500
1964	3925.700
3120	3925.800
452	3926.400
3472	3927.100
3844	3927.100
2204	3927.800
1344	3928.600
2868	3929.200
3464	3930.800
3968	3943.700
2048	3944.100
2304	3944.900
716	3945.100
60	3945.200
2532	3945.200
1268	3945.300
2920	3945.600
1476	3945.700
500	3946.300
1960	3947.700
3220	3947.700
1344	3949.800
3780	3950.200
1272	3952.200
3208	3960.800
3724	3961.700
1996	3963.200
2736	3978.500
3120	3979.200
3852	3979.700
1956	3980.700
3584	3981.200
1048	3981.500
1844	3981.600
3892	3981.600
3232	3981.700
2712	3982.100
3400	3982.500
3356	3982.800
1996	3983.300
2120	3983.300
3792	3984.900
1980	3998.600
500	3999.000
612	4000.200
2948	4000.300
2744	4000.600
872	4001.100
208	4019.200
1148	4019.500
3812	4019.800
392	4020.100
824	4020.100
2404	4020.200
992	4020.400
1416	4020.500
3708	4020.500
3640	4021.000
700	4021.200
1784	4021.900
3484	4022.700
2432	4023.100
332	4023.800
1272	4023.800
3344	4024.100
532	4036.700
2488	4037.800
444	4038.500
3472	4039.000
1108	4040.200
100	4042.000
300	4049.300
1324	4055.700
2364	4055.700
972	4058.800
1604	4059.500
480	4060.100
1904	4060.300
3620	4060.500
232	4060.600
2416	4060.800
3632	4060.900
3904	4061.100
3932	4061.500
4028	4062.100
2236	4074.100
436	4075.000
2772	4075.700
2012	4076.000
488	4076.600
2920	4076.600
1688	4076.700
2540	4077.000
2328	4077.100
1616	4077.700
1148	4078.700
3036	4080.000
2868	4081.100
1236	4091.400
3028	4092.600
1768	4092.700
3792	4093.200
4116	4093.400
2068	4093.600
2656	4094.000
3124	4095.700
4124	4096.300
2616	4108.300
1672	4109.100
2344	4109.400
768	4109.600
1584	4110.100
2848	4110.600
1252	4111.000
388	4112.900
1976	4123.700
2560	4123.800
3056	4126.900
1276	4127.000
2632	4127.000
364	4130.500
1864	4131.600
2884	4142.900
3932	4143.900
688	4144.200
2068	4144.900
684	4145.600
2920	4146.600
2248	4146.900
2796	4148.200
1720	4158.000
3380	4159.100
3776	4161.200
2404	4162.000
1144	4164.100
2092	4165.000
3304	4165.900
792	4167.000
3656	4168.300
1236	4168.900
3860	4170.100
2636	4172.000
2252	4172.800
2532	4174.200
1248	4174.400
4076	4175.400
2844	4186.900
3120	4187.300
3440	4189.800
2644	4201.900
2408	4202.300
3696	4202.400
980	4204.200
2168	4204.800
1572	4210.600
1824	4210.600
628	4211.000
1688	4211.100
3148	4212.600
208	4214.000
3260	4214.300
1984	4214.500
2576	4214.500
4028	4215.300
232	4220.200
520	4220.800
3132	4223.700
2636	4224.400
2540	4229.800
448	4236.900
2112	4237.100
320	4237.300
508	4238.000
1844	4238.100
1720	4239.700
956	4246.100
3484	4249.900
3224	4251.500
3352	4252.700
212	4252.800
480	4253.400
3116	4254.000
3108	4254.100
3340	4254.600
932	4255.700
3744	4270.800
1720	4270.900
1328	4271.000
2444	4272.100
2100	4272.600
1492	4272.800
2644	4272.800
3092	4272.900
208	4273.100
1012	4273.700
184	4274.200
3524	4288.500
1288	4288.700
2028	4288.900
3352	4289.200
2308	4289.300
3124	4289.300
1340	4289.500
2400	4290.200
1440	4290.300
1324	4290.800
4024	4291.100
1452	4291.900
3460	4292.300
2824	4306.200
2716	4306.300
2740	4306.900
2596	4307.100
160	4307.900
2920	4308.000
2560	4308.600
2552	4309.400
940	4310.900
2868	4310.900
1412	4312.900
480	4320.900
2104	4324.600
256	4325.100
3076	4325.700
1488	4326.100
2228	4329.900
1940	4332.600
20	4338.200
2500	4340.800
944	4341.600
1316	4342.000
3524	4342.700
3128	4342.800
1252	4345.700
768	4355.300
3304	4356.000
92	4356.200
692	4356.300
3056	4356.400
2260	4356.700
2992	4356.700
592	4356.900
2224	4357.000
240	4357.200
2684	4357.300
728	4357.500
492	4357.600
1776	4357.800
1064	4357.900
3060	4358.000
1664	4358.100
1964	4358.100
2444	4358.200
2968	4358.200
1412	4358.300
1476	4358.300
2820	4358.300
3748	4358.300
488	4358.400
3256	4358.400
3860	4358.400
3992	4358.400
4116	4358.400
3936	4358.500
2124	4358.700
3392	4358.700
1860	4359.100
3160	4359.600
536	4378.300
1864	4382.000
2404	4383.300
1344	4384.000
856	4384.900
2916	4390.100
3868	4400.400
2684	4400.900
4064	4401.000
1716	4401.500
3304	4401.500
1628	4401.600
2924	4401.900
2928	4402.100
3524	4403.100
1200	4403.200
1804	4403.300
3688	4403.400
1688	4405.000
672	4405.500
2744	4417.300
896	4417.400
756	4419.100
3744	4419.200
1904	4419.700
1512	4419.800
3180	4420.400
980	4420.800
76	4421.100
1268	4421.900
3772	4433.800
4028	4435.300
1264	4435.500
2336	4435.800
220	4436.100
2024	4436.400
1976	4437.500
1332	4438.100
1352	4438.300
3008	4438.400
3944	4438.400
332	4439.000
2888	4440.500
1664	4440.700
2044	4448.500
3460	4449.600
3712	4450.700
168	4454.300
2736	4457.200
2928	4463.700
3540	4471.700
2168	4472.300
2412	4473.100
2616	4474.100
2716	4474.500
1288	4474.700
452	4475.100
1876	4475.100
140	4475.300
3840	4475.300
1784	4475.700
2808	4475.800
1788	4475.900
1344	4476.200
3340	4476.500
1008	4476.600
1512	4490.700
2640	4491.100
1252	4491.400
248	4491.500
464	4491.600
2124	4491.800
1844	4492.000
2384	4492.600
128	4492.700
1364	4493.000
2628	4493.000
1128	4494.100
2056	4494.100
1980	4494.600
2544	4508.000
3812	4509.200
1008	4509.300
1228	4509.600
2488	4510.000
992	4510.400
1332	4510.700
3520	4511.000
3340	4511.600
552	4512.300
3208	4512.800
3792	4513.300
2912	4513.400
2956	4517.300
4116	4517.900
3552	4525.700
492	4525.900
2168	4526.600
168	4526.700
1920	4526.800
2364	4526.900
488	4527.100
1076	4527.200
1740	4527.200
3720	4527.300
608	4527.600
1156	4527.600
632	4527.800
3124	4527.900
3440	4527.900
728	4528.100
1272	4528.700
472	4528.900
2716	4546.900
1784	4548.000
3084	4548.300
3904	4548.500
3072	4548.700
784	4548.800
2920	4549.300
1956	4549.500
2644	4550.200
368	4550.600
216	4551.100
3620	4551.400
3012	4552.400
540	4553.000
1400	4568.000
2676	4568.300
2884	4569.100
2032	4569.300
4028	4569.800
532	4570.000
588	4570.400
3056	4570.500
480	4571.300
1832	4571.300
3352	4571.300
2964	4572.100
2600	4572.400
1664	4585.900
2164	4586.600
2216	4587.700
3392	4587.800
3516	4588.200
3464	4588.300
1684	4588.600
2048	4588.600
1008	4590.100
1336	4591.500
932	4602.100
680	4602.200
2280	4603.300
260	4603.500
328	4603.500
356	4603.500
504	4603.500
2124	4603.700
3796	4603.900
1904	4604.200
1176	4604.300
912	4604.500
1888	4605.200
2464	4606.500
3084	4620.700
3932	4621.500
3028	4622.500
656	4623.000
1268	4623.400
3904	4633.100
2228	4636.100
372	4636.200
3948	4636.400
960	4637.000
2104	4637.500
376	4637.600
2788	4637.700
1092	4637.900
2644	4638.000
1304	4638.400
2680	4638.500
3804	4638.800
4004	4651.900
1200	4652.300
972	4652.400
1844	4652.500
3708	4652.800
3384	4653.300
1140	4653.600
164	4653.900
3432	4654.200
1384	4654.400
3812	4655.400
1672	4656.200
92	4664.100
40	4671.300
3932	4671.400
1904	4671.700
2124	4671.700
2560	4672.000
3404	4672.100
2744	4673.300
28	4673.900
1388	4685.400
1272	4685.600
1600	4686.600
1332	4687.100
3300	4687.100
2124	4687.500
612	4687.600
3064	4687.700
3460	4687.800
548	4688.000
1888	4688.100
1964	4688.100
900	4688.400
3016	4688.500
4088	4688.500
2500	4688.800
224	4690.100
1344	4690.700
3944	4702.600
1248	4705.400
168	4705.600
3840	4706.000
1384	4706.500
3676	4706.900
448	4709.000
1832	4713.600
1240	4719.200
124	4720.100
2128	4720.200
1540	4722.300
2560	4724.500
3336	4725.200
3464	4737.900
3632	4738.900
360	4739.200
2092	4740.000
1012	4740.700
292	4740.800
2500	4740.900
1904	4741.200
1808	4741.300
2604	4741.800
1176	4742.400
1548	4742.400
392	4752.500
3192	4752.800
748	4757.000
3860	4765.600
3304	4765.800
2424	4768.700
2544	4769.900
3140	4770.000
3352	4770.000
3008	4770.500
3880	4771.300
480	4773.000
4020	4773.600
2896	4784.400
16	4784.500
1060	4785.900
768	4786.100
2396	4786.500
920	4787.500
2412	4789.200
256	4789.600
3164	4790.600
2616	4802.200
248	4804.400
980	4804.500
2120	4806.400
2928	4806.600
1196	4807.200
2000	4807.700
1656	4807.900
2768	4810.600
2504	4814.500
3632	4819.600
472	4820.600
1904	4820.600
3836	4820.600
1340	4823.300
1092	4825.800
1820	4828.600
1684	4837.900
2956	4837.900
3004	4838.600
3932	4839.000
232	4839.100
360	4839.200
1448	4839.200
3196	4839.200
896	4839.500
2404	4839.600
1160	4841.100
1072	4842.800
3520	4853.000
1228	4855.100
1264	4857.200
384	4860.500
1916	4862.600
2028	4862.600
3956	4867.000
2712	4869.300
1972	4870.000
1584	4870.900
3724	4871.300
3304	4871.600
240	4871.800
96	4871.900
1984	4872.600
2172	4873.200
2896	4873.400
3272	4875.900
1844	4880.800
480	4881.600
368	4883.200
3892	4885.500
100	4885.600
980	4897.600
2044	4898.400
1996	4900.400
168	4907.900
3304	4917.800
824	4918.600
996	4918.600
4096	4918.900
1128	4919.000
1284	4919.000
1788	4919.000
896	4919.100
1412	4919.100
352	4919.300
492	4919.300
2412	4919.800
2360	4920.600
3584	4920.700
3532	4933.400
2616	4934.300
2424	4935.800
3392	4935.900
2508	4936.900
92	4937.500
1892	4937.500
3968	4937.800
376	4938.100
2076	4938.200
1820	4939.500
368	4940.200
1964	4940.400
628	4951.300
2212	4951.500
3412	4952.700
1784	4954.200
1624	4954.300
992	4954.800
3072	4954.900
700	4955.900
1008	4962.100
2488	4968.600
2920	4969.000
552	4969.100
1076	4969.400
4108	4969.800
3344	4970.000
4016	4970.000
1188	4970.300
2168	4971.200
2364	4980.600
1144	4982.800
1156	4983.200
2940	4983.400
3320	4983.600
1896	4984.100
3744	4984.200
1956	4984.400
2620	4984.600
492	4984.800
2756	4985.600
608	4986.200
1340	4986.200
1764	4986.200
3112	4986.200
1540	4986.500
2512	4986.500
3612	4986.500
488	4987.600
520	5003.100
2280	5004.400
2616	5005.900
348	5007.100
2324	5019.300
548	5032.200
3272	5034.200
3868	5035.100
2212	5035.300
2236	5035.400
2920	5036.600
2160	5037.800
4072	5044.900
2684	5045.100
2812	5045.100
3508	5045.500
2120	5047.300
3612	5047.300
3788	5047.500
2916	5049.600
1844	5052.900
1688	5062.100
2192	5063.400
2120	5066.200
3852	5066.900
1056	5068.500
2812	5069.100
1728	5069.300
1904	5071.500
1948	5072.400
1040	5072.700
2716	5082.900
1624	5083.100
2644	5083.400
756	5085.200
2712	5085.400
2264	5088.200
2120	5089.000
1172	5091.500
1868	5099.200
3944	5100.400
988	5100.600
3288	5100.600
3672	5101.500
2004	5101.900
2740	5103.500
2716	5115.400
500	5116.200
3812	5116.500
700	5116.700
608	5117.800
2240	5118.800
1680	5132.100
180	5133.700
2384	5134.300
472	5134.400
2076	5135.000
4004	5135.200
2856	5136.300
2700	5148.900
3524	5149.000
1808	5149.300
3668	5149.300
588	5149.500
2092	5149.600
3832	5149.600
492	5149.800
1876	5150.000
992	5150.300
952	5150.400
1452	5150.500
616	5150.700
220	5150.900
208	5151.100
1872	5151.100
2216	5151.200
3076	5151.200
1672	5151.300
972	5151.400
840	5151.500
2776	5166.500
3688	5167.000
712	5167.100
2308	5168.600
2048	5170.100
3120	5170.100
3872	5175.800
3008	5177.200
2232	5178.300
1556	5180.500
3484	5181.300
3516	5181.800
1196	5181.900
140	5184.600
2928	5197.000
2904	5197.300
3128	5197.800
1244	5198.300
1820	5198.600
544	5200.800
452	5201.600
440	5202.300
1896	5203.900
932	5206.100
1340	5208.400
2168	5219.500
196	5219.800
1060	5220.000
1808	5220.200
2296	5220.200
1876	5221.100
60	5221.500
3944	5221.800
1148	5224.600
2684	5235.200
1528	5235.400
3712	5235.400
1156	5235.700
3116	5235.800
1776	5236.100
1476	5236.600
3844	5237.400
1240	5237.800
1072	5238.000
1588	5238.800
3496	5242.600
2972	5254.700
3696	5254.700
548	5255.300
384	5256.000
1144	5256.300
1396	5256.300
3836	5256.600
1356	5257.700
276	5257.800
1284	5258.200
1768	5258.200
2540	5258.300
664	5258.500
3044	5258.600
168	5259.700
232	5260.200
160	5271.900
3132	5273.200
884	5273.500
1508	5274.200
3512	5274.300
640	5274.400
2028	5275.400
2920	5275.500
1940	5276.200
3824	5276.300
3408	5281.000
488	5288.900
2704	5291.800
3340	5293.300
3316	5295.400
232	5295.600
2620	5296.000
1684	5303.700
1096	5307.100
1240	5307.100
3508	5307.100
2312	5307.400
3300	5307.400
776	5307.700
1356	5308.100
2556	5308.200
3352	5308.300
1908	5308.500
2184	5308.600
2500	5308.700
488	5308.900
1808	5308.900
2716	5308.900
1820	5309.500
2484	5309.600
2700	5309.600
352	5309.700
248	5324.100
2924	5325.500
2920	5325.600
540	5325.800
3232	5325.900
2896	5326.200
2756	5326.600
2576	5327.000
2080	5340.500
268	5340.700
2928	5341.100
548	5341.200
2492	5341.300
1728	5341.700
2712	5341.900
684	5342.400
532	5354.600
1276	5356.200
2308	5356.300
3808	5356.800
2500	5357.000
2560	5357.100
2844	5357.700
2412	5358.600
3580	5358.900
3304	5360.700
1268	5362.300
3604	5362.800
1060	5375.100
488	5375.300
2796	5375.500
956	5376.800
2380	5376.900
952	5377.700
3640	5378.100
2620	5378.800
1496	5379.300
2076	5379.900
3252	5380.000
1688	5381.000
3632	5382.200
2924	5383.100
3484	5392.100
2848	5394.200
468	5394.400
3400	5394.700
3832	5394.900
352	5395.100
3304	5395.100
4084	5397.500
4112	5399.900
2212	5409.400
2408	5409.800
1684	5410.000
200	5410.300
3612	5410.600
2700	5411.300
3448	5412.300
72	5413.300
388	5421.700
888	5422.400
3880	5422.400
3944	5423.600
948	5433.400
3284	5434.100
1932	5437.200
1704	5437.400
3132	5437.700
644	5438.300
4084	5438.300
1100	5438.900
1228	5439.400
320	5440.300
1880	5442.000
3920	5453.000
56	5453.100
1496	5455.100
16	5458.300
3380	5464.400
2168	5465.800
2364	5468.400
2740	5471.800
3472	5472.700
2896	5473.300
3336	5475.500
3056	5476.400
3944	5476.400
1988	5479.300
3288	5482.600
3780	5486.600
3228	5490.900
1076	5491.100
3876	5492.000
4128	5492.100
1688	5492.300
2896	5492.600
612	5493.400
2980	5493.800
2852	5493.900
492	5494.100
392	5495.000
3860	5495.000
2920	5495.600
1060	5495.800
2628	5496.700
1224	5497.000
488	5508.800
2964	5509.500
2296	5509.600
2532	5509.800
200	5509.900
3464	5510.400
1412	5510.500
3612	5511.000
4112	5511.400
2336	5512.400
504	5512.700
2348	5512.800
2684	5513.000
232	5523.900
2632	5526.000
3400	5526.000
3428	5527.500
920	5532.200
488	5533.800
2640	5537.600
824	5538.600
3524	5539.400
1664	5539.700
2920	5541.300
4052	5543.600
1768	5550.200
648	5551.800
1876	5559.400
3868	5563.000
4000	5572.600
3812	5574.700
332	5575.300
1144	5576.000
480	5576.500
120	5576.700
1808	5579.400
492	5589.500
992	5590.200
1228	5590.500
2716	5591.400
4104	5591.700
1108	5592.100
2224	5592.200
1668	5594.500
3056	5606.100
3836	5607.200
208	5607.300
3224	5607.300
1176	5607.400
1016	5607.500
3008	5607.500
3084	5607.500
1956	5607.600
488	5607.700
2636	5607.800
3336	5607.900
1972	5608.000
2200	5608.100
3208	5608.200
228	5608.300
824	5608.600
2324	5608.600
2332	5608.600
3648	5608.600
3848	5608.600
884	5608.700
1904	5608.900
2660	5609.100
1144	5609.300
1820	5609.300
3600	5609.300
1808	5609.900
540	5610.600
3804	5626.000
3320	5626.400
1804	5627.200
632	5627.900
952	5628.600
972	5628.800
1288	5630.000
3580	5630.000
1980	5630.100
176	5631.700
2080	5644.000
3064	5644.800
344	5645.000
1684	5645.000
1660	5645.200
1784	5645.300
3248	5645.300
1284	5645.400
2848	5645.400
712	5645.500
3688	5645.800
3880	5645.800
1176	5645.900
1172	5646.100
1192	5646.200
3092	5646.200
2824	5646.400
504	5646.500
3444	5646.500
1984	5646.800
3836	5662.100
1480	5664.000
3768	5666.100
3812	5666.800
2500	5667.000
2716	5676.800
548	5676.900
1960	5678.100
3900	5678.600
1864	5679.400
3904	5681.400
1768	5682.000
492	5690.300
3932	5694.800
96	5695.700
2756	5697.600
3000	5698.000
1984	5698.100
500	5698.700
2504	5699.200
3868	5699.200
3484	5699.300
2540	5700.100
2124	5703.900
2332	5705.400
2768	5714.800
2360	5714.900
2928	5715.000
3304	5715.100
3148	5715.300
872	5715.400
256	5715.500
224	5715.600
288	5715.700
2896	5717.000
972	5718.200
2200	5730.200
1896	5731.100
1252	5732.000
1428	5732.400
960	5732.500
2364	5732.700
1956	5732.800
2412	5733.100
2284	5733.400
2552	5733.500
168	5733.600
2500	5733.700
3932	5733.800
2836	5733.900
1092	5734.200
672	5734.500
576	5734.600
392	5749.300
2736	5751.000
3428	5751.700
1852	5752.500
972	5752.600
3448	5752.800
1412	5753.000
28	5753.200
532	5753.200
1788	5753.200
3288	5753.700
2456	5753.900
88	5754.100
2432	5755.300
2656	5756.300
1684	5771.600
3580	5771.600
1116	5772.400
3224	5780.100
1288	5780.200
3540	5780.300
1228	5780.700
2008	5781.200
3400	5781.200
3292	5781.400
1444	5781.500
3520	5781.500
3616	5781.500
648	5781.600
4040	5781.600
272	5781.700
3280	5782.700
108	5783.100
1148	5800.600
3924	5800.700
1356	5800.800
868	5805.700
3892	5806.300
3352	5806.700
3344	5807.600
3640	5807.600
2540	5808.700
2656	5810.100
3228	5822.900
520	5823.000
480	5824.800
884	5829.900
532	5831.500
2920	5833.100
3516	5834.400
3080	5835.200
3812	5840.600
1060	5842.800
1904	5842.900
1044	5843.100
3124	5843.200
3668	5843.400
3060	5844.000
520	5844.100
1304	5844.900
2212	5845.100
2064	5847.100
2120	5849.200
2236	5859.700
232	5860.300
1020	5860.900
4000	5861.500
2684	5861.700
1972	5861.900
792	5862.100
3892	5863.000
3708	5876.700
932	5877.300
3400	5877.800
2560	5878.100
1680	5878.400
1256	5878.900
2844	5879.100
596	5880.100
4056	5880.400
1748	5880.600
4128	5881.700
2868	5882.000
2500	5882.100
1268	5882.400
200	5882.800
2540	5883.500
3812	5892.000
2724	5893.500
2220	5893.700
3180	5894.600
1980	5894.700
992	5895.000
28	5895.900
1388	5896.200
3140	5908.200
3028	5908.900
2568	5910.500
1920	5910.600
3932	5910.600
2736	5911.400
2032	5911.700
3812	5924.600
1784	5925.400
2560	5926.500
3224	5926.500
3428	5926.700
96	5927.900
2104	5928.500
180	5928.600
1668	5928.900
868	5929.300
2264	5945.600
4076	5945.800
3344	5946.200
1620	5946.700
1152	5949.000
2628	5950.300
544	5951.200
60	5953.700
2452	5955.900
1956	5956.900
1264	5957.800
3516	5958.100
3748	5960.000
504	5961.600
3884	5969.900
2644	5971.500
1888	5972.600
1244	5974.900
1228	5980.000
756	5980.700
3524	5981.000
1684	5981.100
536	5981.400
492	5984.800
3944	5984.900
3784	5985.800
2424	5996.800
3208	5998.100
3124	5999.400
92	6000.000
4032	6000.200
3504	6000.400
1540	6000.800
3696	6001.000
888	6001.100
3600	6001.600
3932	6001.700
1060	6002.300
992	6015.400
2528	6015.600
3644	6015.600
1276	6015.900
2588	6016.000
3240	6016.000
40	6016.600
3832	6017.000
2644	6018.000
2540	6018.100
2492	6018.300
2192	6018.900
3192	6035.400
2684	6037.500
824	6039.700
3324	6040.000
3580	6045.300
608	6049.000
2160	6049.900
768	6052.900
2956	6053.800
1808	6054.000
2720	6054.400
208	6057.800
1144	6057.900
2396	6058.300
2844	6058.400
1732	6059.400
272	6060.200
3496	6060.300
232	6060.800
612	6061.000
3316	6070.800
992	6072.800
3600	6072.900
2508	6073.400
2424	6074.100
704	6075.200
1488	6075.200
1256	6075.300
3304	6075.300
3340	6075.300
1248	6075.400
3284	6075.400
572	6076.300
568	6076.500
1604	6076.500
1276	6077.500
1244	6090.000
3932	6092.900
1072	6093.100
368	6094.400
3836	6094.900
1984	6095.800
1248	6096.200
496	6097.000
1832	6097.100
60	6097.200
1172	6098.800
504	6099.300
2856	6099.700
2016	6112.700
1868	6117.100
3760	6117.700
156	6119.200
3632	6119.800
1152	6120.400
100	6120.500
888	6120.800
232	6120.900
2736	6121.900
3460	6121.900
460	6122.000
2724	6122.000
2644	6122.100
804	6122.400
932	6122.500
1164	6122.900
336	6124.200
1484	6124.400
2896	6133.600
2920	6135.300
408	6136.000
1272	6136.100
3248	6136.300
448	6136.600
1672	6136.800
2192	6137.300
992	6137.400
1284	6137.400
1876	6137.400
3696	6137.500
2556	6137.700
464	6138.100
1844	6138.300
1336	6140.100
1808	6141.100
3484	6142.300
488	6153.600
332	6154.300
3600	6155.600
1264	6155.700
2000	6155.800
1340	6155.900
2872	6156.100
1196	6156.500
3688	6156.500
972	6157.500
2860	6159.600
2816	6162.200
3860	6168.900
3224	6170.100
3784	6171.700
3632	6171.900
1572	6172.200
756	6172.400
1604	6172.400
3756	6173.500
2732	6173.600
2540	6173.800
2404	6174.200
3280	6174.700
1804	6174.900
992	6176.200
1060	6188.500
1784	6192.400
1152	6194.800
1808	6197.500
2424	6197.600
2144	6198.700
3304	6200.700
2168	6203.100
480	6203.200
2820	6204.600
3624	6204.600
2388	6211.800
1972	6219.500
1680	6220.300
2200	6220.800
2172	6220.900
3776	6221.700
4020	6222.300
3520	6222.400
1844	6223.100
2080	6223.300
2020	6223.700
2364	6223.800
3020	6235.400
548	6237.100
2588	6237.200
3832	6237.400
116	6238.200
2896	6238.200
1876	6239.400
2116	6239.400
2048	6239.500
2064	6239.500
3380	6240.600
2716	6240.900
3804	6240.900
1072	6242.100
2424	6251.100
932	6253.500
348	6254.300
768	6254.300
3940	6256.200
3668	6256.300
3120	6256.600
1264	6257.900
488	6266.700
176	6267.600
2308	6269.100
2232	6269.900
2448	6270.000
3600	6271.000
612	6272.200
328	6284.400
3172	6285.000
3932	6290.100
356	6300.200
756	6301.400
2360	6301.600
20	6302.700
1232	6303.000
2616	6306.100
3696	6317.200
1264	6317.800
3584	6318.200
824	6319.500
3904	6323.500
2092	6324.900
920	6325.500
3716	6327.000
2416	6327.100
1964	6330.300
3224	6336.900
900	6338.100
232	6341.700
96	6342.500
792	6342.700
1196	6342.800
1544	6344.900
488	6350.000
3232	6352.600
2500	6355.300
1336	6355.400
2784	6356.000
2036	6357.000
1968	6357.100
472	6357.300
2152	6357.500
3124	6358.500
1896	6371.300
168	6372.900
1008	6373.200
2092	6373.500
4036	6373.800
3304	6374.100
1856	6374.900
500	6375.300
2148	6376.300
3524	6389.600
2868	6393.300
4104	6394.600
1588	6395.300
3520	6395.500
1920	6396.000
40	6396.200
1288	6403.900
992	6406.500
3584	6411.500
1436	6412.900
1808	6413.200
1824	6414.500
3248	6414.500
2896	6414.700
2444	6414.900
728	6415.200
3380	6415.400
1748	6415.500
884	6415.600
3484	6415.800
96	6415.900
2820	6416.000
2488	6416.100
2232	6416.700
2308	6416.700
488	6416.900
688	6417.400
2048	6417.700
1248	6432.900
1580	6435.200
940	6437.100
3420	6437.100
1784	6437.300
2236	6442.300
2120	6443.600
2460	6444.700
1996	6445.700
1864	6446.100
232	6453.900
520	6455.200
2920	6456.200
2500	6456.700
1684	6457.100
1836	6457.200
2412	6457.200
2856	6457.300
1252	6457.800
1272	6457.900
2388	6458.000
700	6458.200
488	6458.400
2028	6458.400
1120	6458.600
1172	6458.800
2568	6458.800
3928	6458.900
3336	6459.100
3044	6459.200
3812	6459.800
3036	6459.900
3632	6460.100
1384	6475.800
140	6476.800
3140	6476.800
3704	6477.000
3340	6477.500
2824	6477.900
2916	6477.900
684	6478.400
2168	6479.200
900	6481.400
200	6482.000
2928	6491.200
3228	6491.700
3600	6493.700
1072	6496.500
2736	6496.500
2416	6497.900
3400	6499.600
3008	6502.200
2044	6508.900
3304	6509.400
2328	6510.000
1620	6510.500
2560	6511.200
1668	6511.500
3260	6511.700
2344	6512.000
1360	6512.500
2692	6513.200
2716	6513.300
140	6513.900
508	6530.200
2476	6531.400
1848	6531.700
1648	6531.900
888	6533.200
2232	6533.800
860	6534.600
840	6535.200
236	6536.000
1148	6541.400
3688	6543.700
1352	6548.200
272	6548.700
492	6549.700
2856	6550.500
972	6550.800
1728	6551.100
2560	6551.200
2012	6552.300
1216	6563.000
3372	6567.900
208	6568.400
608	6569.100
320	6569.500
2776	6569.500
2912	6569.500
1624	6569.700
3892	6569.700
932	6569.800
2036	6569.900
2736	6569.900
3400	6569.900
1344	6570.300
3392	6570.500
1940	6570.600
524	6570.700
1580	6570.700
3308	6571.100
2452	6571.200
1668	6572.100
3132	6572.300
2532	6573.500
2336	6575.100
2868	6586.400
2104	6592.800
160	6592.900
2176	6606.100
824	6606.200
3232	6606.200
2628	6606.600
2220	6607.000
3440	6607.000
3340	6607.200
3304	6607.400
1188	6607.700
2444	6607.900
1204	6608.100
3584	6608.100
2484	6608.300
1548	6608.400
3060	6608.400
3524	6608.900
3368	6610.500
3304	6641.200
888	6641.700
1768	6641.900
3928	6642.200
3748	6642.400
504	6642.500
2976	6642.500
2400	6642.700
3812	6642.700
3448	6642.800
2848	6643.000
2656	6643.300
2544	6643.400
3712	6643.400
152	6643.500
404	6643.500
1788	6643.600
3524	6643.600
2204	6643.700
2096	6643.900
880	6644.100
1780	6644.400
532	6662.700
1496	6672.400
888	6672.600
140	6673.500
3284	6673.900
3832	6674.500
200	6674.700
2048	6675.500
1512	6677.500
2080	6685.700
1476	6686.800
4024	6687.800
3176	6688.100
948	6688.500
1692	6688.500
1904	6688.900
3148	6688.900
4032	6689.200
1556	6690.700
2180	6691.200
1276	6691.300
3384	6692.700
3528	6692.800
1060	6705.100
276	6706.800
4128	6707.100
1128	6707.200
1844	6707.300
932	6707.600
1144	6708.100
3624	6709.400
1264	6709.500
2500	6710.300
2928	6710.600
1340	6720.600
680	6722.400
1980	6723.200
2812	6725.400
3132	6726.000
952	6726.300
2820	6727.600
480	6736.700
488	6737.500
1976	6748.700
3116	6749.800
3284	6751.200
2500	6762.500
3540	6762.500
480	6763.500
2920	6763.700
388	6764.900
1920	6765.200
796	6765.600
2120	6768.100
3812	6776.000
460	6777.400
992	6777.500
488	6778.100
3632	6779.900
2736	6780.800
972	6781.400
3120	6784.000
352	6785.800
1236	6790.200
3060	6792.600
3968	6794.800
112	6795.300
1432	6799.800
1060	6807.200
824	6808.500
1580	6808.700
388	6808.900
3576	6809.200
3116	6812.300
2856	6813.100
1268	6814.000
3192	6815.000
2500	6824.400
1264	6825.900
3008	6829.500
504	6830.200
1436	6830.300
660	6830.900
1896	6831.500
1388	6835.000
2048	6844.400
532	6844.700
2644	6844.700
2536	6844.900
3936	6845.000
3888	6845.200
1680	6846.000
3968	6847.100
2012	6847.300
2252	6849.600
3512	6862.000
1212	6862.500
1960	6863.300
3708	6863.500
2920	6863.700
1380	6864.200
540	6864.300
1140	6864.800
3088	6865.300
2816	6865.500
1580	6865.900
3904	6875.400
3932	6878.900
2684	6879.200
2212	6879.700
2120	6880.200
1572	6880.400
3784	6880.900
3348	6881.400
3944	6881.400
2228	6882.100
3712	6882.300
184	6883.000
2628	6883.100
1940	6898.300
824	6899.000
3664	6899.500
2716	6899.800
3344	6899.800
336	6910.700
492	6911.800
2920	6912.000
2480	6912.600
4104	6914.000
2924	6914.600
704	6914.700
2700	6915.000
2292	6915.500
2500	6915.800
1400	6915.900
1500	6916.600
1072	6927.400
2268	6928.500
3224	6929.100
2784	6929.600
1200	6929.700
1956	6930.200
3192	6930.200
1432	6930.400
3852	6931.900
700	6932.000
2616	6934.200
3412	6937.300
2896	6941.500
2312	6944.900
3796	6945.800
840	6946.600
1808	6946.800
1672	6949.900
1940	6957.200
348	6961.000
4072	6962.300
1484	6972.500
3884	6973.200
1020	6976.400
664	6977.800
2132	6978.800
2896	6980.900
3932	6982.700
2524	6983.400
2048	6987.800
3520	6987.800
2160	6990.900
1688	6991.500
3524	6991.500
532	6991.700
3304	6992.700
756	6993.000
3140	6993.300
3400	6993.300
768	6993.700
956	6993.800
1324	6994.000
1716	6994.200
1388	6995.500
2868	7007.600
572	7008.400
2544	7008.600
2916	7008.600
3228	7008.700
3868	7009.100
2336	7009.300
3268	7009.400
1684	7010.000
248	7011.700
2644	7011.900
3340	7014.700
1384	7022.400
504	7022.500
1344	7023.000
2052	7023.300
2404	7023.400
436	7023.800
3792	7024.000
2844	7024.100
640	7024.300
3812	7024.400
3784	7024.600
1316	7024.800
2104	7024.800
1744	7025.400
1688	7025.500
3140	7025.500
2976	7025.600
2240	7025.900
2528	7026.300
2816	7026.800
3440	7026.800
3840	7040.200
2336	7041.000
1332	7041.500
1996	7042.400
776	7044.600
684	7051.100
3580	7056.900
1584	7057.300
100	7057.900
344	7058.000
408	7059.100
3808	7059.700
388	7060.400
372	7061.500
3676	7065.400
800	7074.700
2928	7075.100
2532	7076.300
824	7076.500
3056	7076.500
96	7077.200
1304	7077.200
328	7077.500
1844	7077.700
3804	7077.900
2048	7078.300
200	7078.800
1076	7079.600
84	7090.500
1716	7091.300
2856	7091.400
3020	7091.700
2168	7092.300
2488	7092.900
1144	7093.800
388	7106.900
992	7107.100
1796	7108.200
2620	7108.500
520	7108.600
1696	7108.900
508	7109.300
540	7109.400
1176	7109.400
1720	7109.400
2504	7109.500
3728	7109.500
1752	7109.600
1004	7109.700
3088	7109.700
1956	7109.800
3440	7109.800
3704	7109.800
3124	7110.500
1240	7110.900
1556	7110.900
3216	7111.000
240	7111.100
756	7111.200
2200	7112.500
2660	7112.600
2736	7128.000
3124	7131.500
492	7136.300
1844	7138.500
1568	7138.800
2920	7139.100
4116	7139.300
2028	7140.900
992	7147.500
2168	7147.700
612	7148.200
1236	7148.700
2556	7149.100
3748	7149.700
1180	7150.000
1044	7150.700
1268	7150.700
824	7152.500
3812	7153.100
1148	7154.900
3632	7167.900
1748	7168.000
632	7169.100
3560	7172.500
800	7183.800
1684	7184.200
3436	7184.700
1660	7184.800
3680	7185.000
2692	7186.000
1396	7186.600
2896	7187.200
3268	7187.300
284	7196.300
4128	7200.900
1340	7201.600
2600	7202.100
3448	7202.300
1776	7202.900
1292	7203.200
2836	7203.300
2252	7203.600
1940	7203.900
1980	7204.000
2972	7204.200
304	7205.800
2044	7217.800
2924	7219.800
248	7220.500
2908	7222.300
1408	7223.000
3520	7223.400
1204	7223.700
3008	7224.300
932	7240.400
2700	7241.100
1852	7242.400
3696	7242.600
824	7243.500
1952	7245.500
1668	7257.500
768	7259.000
3224	7260.400
60	7263.900
700	7266.100
3124	7268.100
3444	7268.200
84	7268.600
756	7269.800
1432	7271.100
1048	7271.200
208	7274.100
4032	7284.200
1264	7285.200
2112	7285.300
3624	7286.300
1644	7286.600
2560	7287.100
3356	7287.300
3084	7287.500
2328	7288.500
3148	7302.200
1984	7303.600
2716	7303.700
932	7305.700
3516	7306.000
464	7306.100
388	7306.200
824	7306.700
20	7320.700
2156	7320.900
1268	7321.000
3132	7326.200
1956	7330.700
488	7337.500
436	7337.800
3476	7338.000
596	7338.100
2228	7339.400
320	7339.600
1788	7339.800
3120	7347.200
1844	7347.500
1760	7347.600
2736	7351.500
1820	7351.600
3812	7353.500
420	7353.600
3220	7365.900
1440	7366.500
3380	7366.500
2644	7366.700
764	7367.100
884	7367.600
4088	7368.000
2292	7368.900
1200	7369.600
1980	7384.400
3792	7384.400
3808	7385.100
3708	7386.100
1808	7386.400
3304	7387.000
3352	7388.700
2808	7397.000
2700	7398.000
3028	7398.200
3696	7401.700
3452	7402.800
4016	7403.300
1996	7403.900
628	7405.200
2500	7407.600
2632	7409.700
3140	7414.500
232	7414.600
3400	7415.400
3648	7416.200
1980	7420.700
1964	7422.400
2616	7428.700
2920	7429.400
1144	7429.700
488	7430.900
2560	7438.800
1684	7443.200
3636	7443.200
3336	7450.600
3196	7456.700
2700	7466.400
1732	7466.700
1180	7468.300
700	7472.500
1672	7474.000
1020	7475.800
888	7479.100
3120	7483.100
1784	7484.900
2604	7489.100
2632	7489.200
3792	7489.400
612	7490.100
2000	7491.200
3584	7493.800
3720	7505.400
1012	7505.800
2920	7506.000
2684	7506.100
532	7506.600
3568	7506.600
3088	7506.800
2280	7506.900
3476	7506.900
936	7507.000
3600	7507.000
1852	7507.300
3124	7507.300
2264	7507.400
3944	7507.400
2424	7507.700
3520	7507.700
4084	7507.700
1272	7507.800
2220	7507.800
3484	7507.800
100	7508.700
1264	7509.200
3744	7526.600
1980	7526.800
1764	7527.000
1996	7527.000
2228	7527.200
392	7527.700
1748	7527.900
2544	7528.000
408	7528.200
252	7528.800
2300	7529.000
500	7529.100
612	7533.400
2896	7544.400
3624	7544.500
972	7545.700
2124	7547.200
2024	7547.600
1536	7561.800
2532	7561.800
3152	7562.000
1964	7562.200
96	7562.900
536	7563.600
3784	7563.700
2224	7564.400
1912	7564.800
3428	7565.000
4108	7565.600
3484	7566.000
236	7566.300
2076	7575.100
2920	7575.900
3692	7580.200
884	7581.000
3664	7581.600
2716	7591.400
2292	7591.600
888	7592.500
3748	7593.200
660	7593.400
1128	7596.500
548	7597.900
2724	7599.500
388	7601.300
3892	7601.700
2228	7602.500
2876	7602.500
3140	7603.700
1324	7615.000
824	7617.100
2600	7618.900
1452	7623.200
3648	7626.300
832	7626.400
2100	7627.100
1720	7628.900
4040	7629.000
1044	7629.600
2656	7629.600
1736	7630.600
2120	7630.900
4132	7630.900
696	7631.000
3288	7641.900
3304	7642.400
3860	7642.500
3196	7643.100
1852	7643.500
2500	7643.500
1940	7643.900
1588	7644.200
2956	7644.400
1188	7644.500
252	7644.800
1744	7645.000
2668	7645.000
3108	7645.200
1904	7645.300
2616	7645.300
1688	7645.500
2212	7645.800
1200	7646.400
3788	7646.600
3008	7646.900
2408	7660.500
980	7660.800
1864	7661.000
3124	7661.000
3220	7661.200
1252	7661.300
2892	7661.300
3120	7661.300
3696	7661.500
2224	7661.600
488	7661.900
3484	7662.000
1036	7662.100
1616	7662.100
1604	7662.700
824	7662.900
2252	7663.400
2588	7678.700
3524	7681.300
4104	7694.600
3924	7695.700
1844	7697.500
260	7697.900
200	7698.300
388	7699.000
432	7699.300
3132	7699.800
176	7700.300
1128	7700.400
3008	7700.400
3840	7700.400
1692	7701.000
1688	7701.600
3892	7701.800
532	7701.900
336	7702.300
2772	7702.500
2300	7703.000
1684	7716.900
3340	7717.000
2640	7717.400
3376	7717.400
2688	7718.100
160	7718.200
2028	7718.300
1896	7718.400
2448	7718.600
660	7718.700
3248	7718.900
3208	7719.700
2432	7719.800
3092	7720.100
3812	7720.200
1980	7720.300
2264	7720.300
1144	7720.500
2788	7720.500
2232	7721.100
2920	7737.000
2684	7744.000
940	7745.300
884	7745.800
1792	7746.000
1768	7746.500
4064	7746.500
1832	7747.500
3696	7748.900
1276	7749.300
2616	7750.300
3504	7750.800
1840	7751.800
3524	7753.300
3580	7753.500
1248	7755.100
1588	7760.300
2904	7761.500
2080	7762.300
2696	7762.300
980	7762.700
2600	7763.200
1612	7764.600
572	7766.500
3460	7767.700
2168	7772.700
884	7776.400
1764	7777.700
2568	7778.500
3352	7781.900
2328	7783.100
3540	7784.900
44	7785.300
992	7786.000
3064	7787.200
2424	7787.500
2412	7787.800
888	7788.300
1248	7795.800
1200	7796.700
920	7798.800
4	7800.500
3304	7802.700
2148	7808.900
1664	7810.300
1972	7810.900
3924	7811.400
3980	7811.700
1344	7812.000
2736	7812.400
3812	7812.800
1888	7813.700
2524	7815.100
436	7825.500
768	7825.700
328	7825.900
3344	7826.000
3412	7826.000
3516	7826.300
532	7826.400
2716	7826.400
1116	7826.500
1552	7826.700
1668	7826.700
2700	7826.700
1060	7827.000
3520	7827.000
1940	7827.100
2320	7827.200
696	7827.400
2476	7827.700
3640	7827.900
2116	7828.500
96	7844.300
3840	7844.800
1128	7845.100
2892	7845.100
2608	7845.200
248	7845.300
2656	7845.600
3924	7846.100
3124	7846.200
3316	7848.100
3884	7848.100
932	7862.400
2532	7864.600
2860	7869.900
3496	7870.000
3892	7871.000
8	7871.700
3804	7872.500
692	7872.700
3224	7873.100
872	7873.700
1652	7874.000
3104	7875.000
1896	7892.800
4132	7893.000
1412	7893.500
2500	7893.900
2588	7894.900
3320	7895.500
1724	7895.600
2716	7895.800
2620	7895.900
3912	7896.000
4104	7896.100
3876	7896.500
1572	7896.600
4116	7896.600
2532	7913.700
3060	7914.200
1144	7914.800
1904	7916.200
756	7929.500
3400	7929.600
1984	7930.300
3484	7930.400
176	7930.600
3584	7930.800
96	7931.800
3148	7932.100
1748	7932.200
1152	7932.300
252	7932.400
1216	7932.400
2424	7932.500
3012	7932.500
168	7932.700
3088	7933.000
1476	7933.800
3472	7945.700
1972	7947.900
3516	7948.800
3632	7949.900
3224	7950.100
3904	7952.100
1776	7956.300
2608	7958.600
2308	7963.700
1036	7967.900
1808	7977.400
1980	7977.400
52	7977.700
548	7977.800
2112	7977.800
1264	7978.000
2568	7978.000
368	7978.300
1188	7978.400
2232	7978.400
2424	7978.400
2560	7978.500
4112	7978.500
848	7978.600
900	7978.800
1540	7978.800
1580	7978.900
3556	7978.900
916	7979.300
2628	7979.900
1532	7980.000
2780	7980.200
3300	7980.700
60	7980.800
3356	7980.900
3792	7981.000
2848	7982.600
3124	7982.900
3484	7995.400
3812	7996.000
1244	7996.200
1876	7997.400
2324	7998.700
3780	8004.300
3800	8010.900
2600	8011.000
1432	8011.500
352	8011.700
3664	8011.900
2092	8012.900
2516	8014.400
368	8014.700
1512	8014.900
176	8015.000
2124	8015.000
3020	8015.900
480	8016.900
2500	8029.100
248	8030.400
1620	8030.700
3776	8032.000
660	8034.400
2560	8036.700
2396	8037.600
2684	8047.800
2916	8048.900
2700	8049.100
268	8049.200
992	8049.400
2236	8049.700
3124	8063.200
1400	8063.400
2224	8063.700
1384	8063.900
1936	8064.400
2692	8064.700
2928	8064.800
2596	8064.900
2500	8065.100
3260	8065.900
2132	8066.000
4104	8066.000
120	8066.300
3120	8066.300
1984	8066.600
3936	8066.600
3884	8066.900
1804	8069.800
2540	8082.600
3148	8095.700
2868	8096.000
2920	8097.600
1684	8099.800
1356	8103.500
3524	8106.800
3004	8107.000
992	8112.000
88	8112.900
2836	8119.700
3540	8121.200
536	8121.600
2828	8121.800
868	8122.000
1684	8122.000
3892	8122.000
3392	8123.000
1896	8123.200
2568	8123.200
3340	8123.400
1980	8124.000
2404	8124.400
1588	8124.700
1668	8138.900
4000	8139.600
1808	8140.900
2024	8141.000
3484	8141.400
3192	8141.800
2292	8141.900
3804	8142.000
2476	8142.100
3808	8142.500
1784	8146.700
1904	8155.300
3836	8157.100
2220	8157.200
2320	8157.500
3892	8157.600
2820	8157.700
972	8157.800
3124	8158.000
1328	8158.200
1240	8158.400
1236	8158.700
1340	8158.700
1980	8159.100
3780	8159.100
388	8159.400
3608	8159.400
2700	8160.000
1252	8160.100
1952	8160.100
392	8162.700
2692	8176.900
512	8177.400
932	8177.900
1684	8179.100
4	8179.500
2500	8181.300
824	8192.000
1784	8194.000
2588	8194.500
3664	8195.700
3936	8197.800
3352	8198.600
3920	8198.800
3124	8199.000
3496	8209.100
3836	8210.300
2772	8211.300
520	8211.800
988	8212.300
1656	8212.400
2920	8212.600
3376	8213.200
2500	8213.400
1832	8214.500
3304	8231.400
3876	8231.700
480	8232.500
392	8232.700
1688	8233.200
60	8235.300
1436	8236.300
3400	8246.700
1452	8246.800
1940	8247.100
3812	8247.600
1768	8247.800
3652	8247.800
3536	8248.000
1384	8248.700
2092	8248.700
972	8249.200
3648	8250.500
3708	8251.200
1036	8263.000
396	8266.300
3948	8267.400
252	8269.500
3304	8270.000
2792	8271.100
988	8271.200
1760	8282.100
3116	8282.200
1668	8282.800
2960	8283.000
972	8283.800
2720	8284.100
2856	8285.500
3008	8285.500
2920	8289.200
208	8295.800
1788	8297.200
2056	8297.200
2924	8299.400
2028	8300.500
2560	8301.900
3256	8305.100
1352	8305.900
1612	8306.100
2024	8306.600
2756	8308.300
1784	8309.700
1820	8311.100
3880	8320.200
2928	8326.400
1980	8329.300
1228	8344.900
2028	8345.800
2632	8345.800
1152	8346.300
840	8347.300
4116	8347.400
3344	8347.700
2544	8347.800
3804	8347.800
1808	8348.000
3304	8348.300
3632	8348.600
1412	8348.900
3104	8350.300
956	8356.500
1132	8359.300
2444	8360.300
868	8361.300
756	8362.700
1980	8363.000
256	8363.500
860	8366.700
2712	8373.800
940	8382.200
452	8386.300
1692	8386.400
2076	8386.900
404	8387.800
256	8388.500
1792	8393.800
3016	8395.700
1684	8397.200
3524	8401.600
1144	8405.200
1808	8405.600
316	8405.800
488	8406.600
2424	8406.600
920	8408.900
1976	8409.900
3920	8410.100
2792	8412.400
432	8418.500
2232	8422.700
2500	8427.100
184	8429.600
208	8429.600
824	8429.900
3092	8429.900
2740	8430.100
532	8430.200
3400	8430.900
1244	8431.100
1652	8431.400
3304	8432.000
1248	8433.100
1688	8433.900
3148	8446.300
1984	8446.500
1552	8446.600
3876	8446.600
2924	8446.700
60	8446.800
2308	8446.800
2928	8446.900
1788	8447.000
2060	8447.000
3572	8447.000
2028	8447.100
140	8447.200
768	8447.200
3984	8447.200
1340	8447.300
1980	8447.300
2068	8447.300
20	8447.400
144	8447.500
492	8447.500
1556	8447.600
1672	8447.600
2568	8447.600
668	8447.700
4020	8447.700
1240	8447.800
1908	8447.800
160	8447.900
260	8448.000
2976	8448.000
3436	8448.000
1868	8448.100
3428	8448.100
3892	8448.100
1352	8448.200
660	8448.700
2556	8448.800
3756	8449.300
2900	8449.400
1804	8466.300
3304	8468.500
2896	8468.900
2716	8470.300
1312	8481.200
2116	8482.100
864	8485.100
588	8486.600
2684	8486.700
1500	8487.200
1784	8487.200
352	8487.500
628	8490.100
2660	8490.800
2736	8504.400
1620	8504.900
972	8505.100
148	8505.400
1640	8505.700
1004	8506.000
1436	8506.000
3716	8506.200
2416	8506.700
1020	8506.900
1896	8523.500
884	8525.400
824	8527.000
3512	8527.200
1304	8527.400
2872	8527.500
1540	8527.600
356	8528.100
2772	8528.400
1236	8528.700
3336	8529.000
64	8529.100
2712	8529.600
1588	8534.400
2716	8542.800
712	8544.200
2308	8544.200
2032	8545.200
3904	8546.000
888	8546.300
2168	8547.000
436	8547.200
384	8547.800
2684	8560.900
1892	8561.000
3884	8561.100
168	8561.200
2312	8561.400
60	8561.500
632	8561.700
368	8561.800
940	8561.800
1096	8561.900
2608	8561.900
3708	8561.900
3808	8561.900
664	8562.000
2920	8562.000
3024	8562.300
1040	8562.400
2744	8562.400
1584	8562.600
1668	8562.600
2472	8562.600
1804	8562.800
1572	8563.400
3008	8563.400
1864	8564.200
1176	8581.100
1768	8581.400
2572	8582.000
3240	8582.000
1368	8582.100
1152	8582.300
3892	8582.800
2896	8583.400
1580	8584.400
2112	8605.500
2884	8606.600
1672	8608.100
564	8610.500
1980	8610.700
3008	8610.900
352	8611.300
1280	8611.300
1784	8611.700
2988	8614.500
504	8615.100
2236	8615.500
544	8622.200
2700	8622.300
3148	8622.300
3124	8623.300
1384	8623.500
2416	8623.900
3100	8624.300
2604	8624.500
2960	8624.500
2632	8625.100
2292	8625.700
3268	8627.500
1144	8631.100
3812	8634.800
3516	8639.300
1416	8640.900
3508	8640.900
768	8643.300
3120	8646.900
60	8653.200
3348	8656.400
2012	8663.500
3984	8664.500
48	8664.700
2956	8664.700
1852	8664.800
532	8665.400
2820	8665.400
116	8666.000
1972	8667.100
2336	8668.700
1980	8680.200
2400	8680.700
1340	8681.000
992	8681.500
3012	8681.800
3992	8682.200
3084	8682.500
2640	8682.600
2792	8682.800
3088	8682.800
1784	8683.000
3996	8683.000
344	8683.100
2048	8683.200
1172	8683.400
888	8683.500
1804	8683.500
1868	8684.000
2172	8700.400
1148	8700.600
2576	8701.600
888	8714.600
492	8716.200
572	8716.800
1144	8717.000
4116	8717.000
2404	8717.400
924	8717.600
3944	8717.800
388	8717.900
1452	8718.100
2928	8718.200
2048	8718.300
1804	8718.500
3892	8719.700
1264	8719.900
4124	8721.400
392	8734.600
3448	8736.500
1972	8736.800
2452	8737.300
2716	8737.400
2920	8737.600
2724	8737.800
4	8738.100
2344	8738.100
1824	8738.300
3744	8738.700
2500	8739.200
3352	8739.300
704	8739.600
2292	8740.200
2180	8740.600
3008	8742.300
2964	8742.700
824	8757.100
840	8757.500
1104	8757.500
1008	8757.700
2856	8757.700
1076	8757.900
460	8758.800
1556	8764.600
660	8774.700
1268	8775.700
2064	8776.700
60	8776.900
2892	8777.100
2896	8777.100
2920	8777.200
3648	8777.900
140	8778.000
940	8778.200
356	8779.100
144	8792.500
1292	8792.600
1188	8792.900
3992	8793.000
2560	8795.000
1156	8809.100
140	8809.200
232	8811.700
176	8814.300
1904	8818.800
2424	8820.000
2640	8821.800
224	8822.500
576	8822.700
232	8823.300
1176	8824.400
1980	8832.300
3224	8834.100
3696	8834.900
3044	8838.100
4120	8841.900
96	8843.100
992	8844.200
3124	8852.600
4116	8854.200
2420	8856.400
3284	8856.600
2412	8857.600
3900	8857.800
3884	8858.100
3380	8858.400
1964	8858.600
1972	8859.300
1496	8859.800
3680	8860.200
2684	8860.500
3664	8861.400
632	8872.000
2148	8873.000
1304	8873.900
2168	8875.600
1808	8877.400
1888	8879.400
3304	8881.600
580	8886.000
3232	8890.500
3392	8890.600
548	8892.000
1228	8892.200
3984	8896.400
3640	8904.900
1276	8905.700
1168	8905.900
3120	8906.000
3756	8907.000
500	8907.900
456	8909.400
1484	8909.700
2336	8909.900
2200	8910.500
532	8911.000
2168	8911.100
2736	8911.200
1956	8921.000
640	8923.800
432	8925.200
1248	8929.200
2844	8929.600
3904	8937.400
1068	8937.700
3484	8941.400
1640	8941.900
2336	8943.200
956	8943.700
624	8944.800
2500	8949.000
1808	8954.900
3932	8956.700
3304	8958.800
2640	8961.800
1408	8965.400
128	8966.800
992	8971.700
2904	8974.300
208	8974.900
1952	8982.900
804	8991.700
2172	8993.800
2736	8994.800
632	8996.100
3884	8996.700
3512	8997.100
1972	8997.400
3524	8999.000
1864	9007.500
3352	9008.700
168	9011.900
276	9013.500
1432	9014.700
2440	9014.900
612	9016.000
1392	9016.100
3132	9016.200
3180	9016.200
952	9016.400
3932	9016.400
2920	9017.400
992	9034.300
2168	9034.600
3192	9035.000
2716	9035.100
628	9035.600
1824	9035.700
692	9036.400
3088	9036.800
680	9037.000
1968	9037.000
132	9037.200
3952	9037.300
2924	9037.400
1904	9050.800
3056	9052.600
848	9053.200
1664	9054.600
2116	9054.900
2928	9055.000
3696	9055.900
488	9056.100
2312	9056.800
544	9056.900
208	9058.000
804	9058.800
3464	9067.300
3140	9070.400
1808	9070.900
3508	9070.900
3524	9071.400
3632	9071.400
3368	9073.400
3748	9081.800
3412	9082.200
148	9082.600
2700	9086.600
1768	9098.900
3692	9106.300
1228	9108.400
1976	9108.500
168	9109.000
1672	9109.900
2928	9110.100
2452	9110.400
2656	9111.000
4132	9111.800
2072	9112.600
3196	9114.400
3064	9124.400
3124	9125.200
1236	9131.000
848	9131.100
2264	9131.100
756	9131.800
3120	9131.900
1244	9132.000
1476	9132.000
1292	9132.100
3568	9132.700
3332	9132.800
2516	9132.900
3720	9133.000
2916	9133.100
184	9133.300
1620	9133.300
2716	9133.400
3116	9133.400
3428	9133.600
76	9133.700
1992	9134.000
3756	9135.100
2868	9135.300
612	9150.500
1652	9150.800
1048	9151.300
1876	9151.600
28	9151.700
1940	9151.900
2844	9155.300
768	9164.200
836	9165.900
3304	9165.900
208	9166.000
1124	9166.300
3600	9166.500
532	9166.700
784	9166.700
1844	9166.900
2416	9167.100
256	9167.200
1980	9167.400
2684	9167.400
2112	9167.500
2928	9167.500
1840	9167.800
2656	9167.800
1964	9168.300
320	9182.300
72	9183.800
4088	9184.300
2500	9184.700
3060	9184.700
3072	9184.700
192	9185.400
1148	9185.400
3164	9185.500
988	9186.000
1092	9186.300
2868	9186.300
1684	9186.500
1512	9196.900
1388	9202.300
2236	9202.400
660	9202.500
2524	9203.100
2988	9203.100
1972	9207.700
3848	9211.400
2424	9214.500
2608	9215.100
3296	9215.500
2100	9215.700
2560	9215.700
2928	9216.900
3328	9216.900
3540	9217.200
3368	9217.300
1844	9218.700
2552	9220.700
3664	9223.000
2516	9223.200
2700	9223.600
3016	9225.700
488	9227.500
2172	9231.000
972	9231.700
3172	9233.200
1584	9233.900
2736	9235.000
3892	9239.300
3664	9244.800
2776	9248.900
392	9250.600
2124	9251.500
3944	9252.100
424	9252.300
3192	9253.100
1128	9256.800
3532	9257.200
4072	9258.800
2028	9265.100
1008	9270.200
1076	9270.400
2424	9270.800
3120	9271.000
388	9271.100
920	9271.200
2856	9271.300
3944	9271.500
1684	9271.700
2788	9271.700
356	9272.000
760	9272.000
2168	9272.200
1980	9272.300
924	9272.600
3272	9272.600
3472	9288.200
692	9288.900
200	9289.500
3932	9289.500
1640	9290.800
3120	9291.100
3028	9303.000
2616	9303.500
548	9304.000
2172	9304.500
3008	9304.500
2656	9305.100
3560	9305.400
1284	9305.500
2680	9305.500
3904	9305.700
600	9305.800
3180	9305.900
620	9306.000
2568	9306.000
96	9306.200
252	9306.200
284	9306.200
404	9306.300
3176	9306.500
3812	9306.700
992	9306.900
848	9307.000
1604	9307.200
3224	9307.200
3696	9307.300
3400	9307.400
3688	9307.700
972	9307.800
572	9308.000
1252	9321.500
2024	9321.600
3860	9322.800
2928	9323.900
3112	9324.100
2604	9324.600
3368	9329.500
3460	9333.300
712	9334.300
3696	9335.300
3552	9336.900
1140	9337.500
1244	9337.600
232	9338.100
2452	9340.700
1228	9344.400
168	9345.000
3812	9346.800
956	9354.000
884	9354.200
3904	9360.100
2788	9360.300
960	9361.100
2644	9361.400
2968	9364.500
2336	9372.900
1160	9373.100
504	9373.300
2740	9374.000
3124	9374.000
3400	9374.100
3932	9374.500
1268	9374.600
2388	9375.200
2956	9375.200
2920	9375.600
2700	9375.700
1260	9375.900
3704	9376.000
96	9376.100
2664	9376.100
3076	9377.200
3140	9377.200
660	9378.700
532	9390.000
2720	9391.300
612	9392.700
2120	9395.200
1508	9397.400
2016	9397.400
3172	9398.500
1984	9407.500
1312	9408.700
60	9408.900
1980	9409.400
3084	9409.800
2416	9410.800
888	9411.000
3036	9411.300
2792	9411.700
488	9411.900
1808	9412.000
1040	9412.100
1964	9412.300
320	9412.600
520	9419.400
3812	9421.100
3072	9424.900
3924	9427.600
2424	9434.800
508	9437.400
2348	9437.800
1520	9438.200
1816	9438.200
1808	9440.000
388	9440.200
352	9441.000
2148	9441.500
3508	9441.600
256	9442.000
1992	9442.900
284	9443.400
1684	9455.700
2232	9455.900
824	9457.600
3960	9458.000
2716	9458.300
2388	9458.400
2000	9468.800
4128	9469.400
3192	9469.700
436	9469.900
1588	9469.900
408	9470.000
976	9470.000
1968	9470.200
3272	9470.200
3712	9470.400
3860	9470.400
3884	9470.400
2604	9470.500
532	9470.600
484	9471.500
1980	9471.800
1672	9472.100
1956	9472.100
2308	9473.000
840	9473.100
1972	9485.100
1976	9487.300
3800	9487.700
4076	9487.700
480	9488.600
2228	9489.100
1684	9489.200
232	9489.800
2028	9490.000
3344	9490.200
2928	9491.100
356	9505.600
992	9506.500
2428	9511.900
3140	9512.600
3132	9512.700
2708	9512.800
2396	9513.300
2080	9514.100
96	9514.200
4016	9514.200
1264	9514.700
1616	9514.800
488	9521.100
1808	9525.800
3804	9526.000
240	9531.700
1128	9534.000
320	9534.900
2212	9535.600
2144	9538.900
3008	9540.500
3468	9540.600
2920	9541.100
3276	9541.200
1740	9541.900
3592	9543.000
2028	9554.400
20	9556.400
468	9557.900
3768	9558.600
372	9559.600
3348	9562.200
2524	9566.600
3092	9567.900
116	9568.100
2700	9568.900
3352	9571.700
3392	9571.700
3928	9572.200
1628	9572.500
968	9572.600
4128	9572.700
1956	9572.800
2968	9573.000
1128	9573.200
2924	9573.200
2920	9573.500
1508	9573.600
1192	9574.500
2408	9590.000
3632	9590.100
2120	9590.300
520	9590.800
656	9591.400
2556	9591.400
2892	9591.600
1688	9591.700
392	9591.800
1784	9592.000
364	9592.400
3224	9592.500
1512	9592.900
888	9593.000
3804	9594.600
2920	9607.600
1788	9609.000
1452	9611.700
692	9612.300
3496	9612.600
3340	9614.100
3968	9616.600
252	9617.300
524	9620.500
1332	9622.100
3088	9626.600
920	9629.300
3508	9629.600
3796	9629.700
2632	9630.200
3744	9630.200
3944	9630.900
1904	9631.600
1152	9631.900
1896	9632.000
1168	9632.400
144	9632.700
1940	9632.900
2180	9633.300
2308	9633.800
488	9635.800
1580	9646.000
3836	9646.400
1632	9646.500
3804	9647.000
1720	9647.400
1904	9647.500
2588	9647.600
756	9648.000
3172	9652.000
4116	9661.500
2696	9662.600
492	9663.400
1244	9663.500
3812	9664.600
3860	9665.100
4036	9665.700
1636	9666.000
1888	9666.100
2732	9669.100
648	9669.400
3708	9669.400
4016	9669.700
2292	9670.600
208	9671.900
1980	9683.300
3336	9683.300
1772	9684.900
1784	9686.300
2944	9686.700
292	9687.000
1228	9688.700
2744	9690.300
1548	9690.900
544	9693.900
1544	9698.900
1216	9705.000
3284	9706.300
3644	9708.500
492	9715.900
208	9718.300
60	9718.800
176	9719.500
540	9719.900
1984	9720.000
2616	9720.300
3124	9720.300
220	9720.800
2028	9720.800
232	9721.600
2184	9723.900
3352	9727.300
3808	9730.400
2944	9733.100
3928	9733.200
96	9733.500
3812	9733.600
1176	9734.300
2212	9734.400
1684	9734.700
368	9735.200
1688	9735.400
548	9735.500
1196	9735.800
512	9736.300
3592	9739.000
456	9745.200
2476	9748.400
176	9750.400
2304	9752.400
2688	9753.700
500	9764.100
1252	9766.000
3140	9767.200
20	9768.100
972	9768.100
884	9768.700
2160	9769.500
1996	9769.700
4124	9772.700
100	9781.000
3132	9782.400
1172	9782.500
204	9782.700
2408	9782.700
3148	9782.700
908	9783.100
3804	9783.400
2584	9783.600
1412	9784.100
1216	9798.600
1772	9801.000
3748	9801.300
3964	9815.400
2872	9816.000
4020	9816.200
2364	9816.300
3240	9816.400
4104	9817.400
2616	9817.700
1144	9818.500
1008	9819.000
1152	9830.700
488	9832.200
768	9832.200
40	9832.400
692	9832.400
972	9832.800
3272	9832.800
1084	9833.000
2388	9833.000
1188	9833.100
1244	9833.100
1684	9833.200
1292	9833.500
1632	9833.600
2460	9833.800
3584	9834.500
1384	9834.800
2424	9834.800
3808	9834.800
1364	9835.100
3124	9836.400
2328	9837.500
20	9851.600
4108	9851.600
2808	9851.700
1248	9853.200
1664	9854.700
2168	9854.700
3492	9854.700
1148	9854.800
2504	9854.900
168	9855.100
500	9855.700
28	9856.000
2464	9856.200
4068	9856.400
3232	9856.700
864	9856.800
1524	9856.900
2172	9856.900
4080	9856.900
316	9857.700
200	9858.400
2500	9858.600
3812	9859.200
688	9870.500
1264	9871.200
1820	9871.200
2920	9871.500
348	9872.600
1936	9872.700
1648	9873.300
3332	9873.400
1176	9873.700
3672	9873.900
492	9891.600
1072	9891.800
1224	9892.400
872	9895.500
1580	9913.000
2920	9913.100
1264	9913.200
3480	9915.700
420	9915.800
856	9922.200
2424	9922.600
3720	9933.400
4084	9935.200
2500	9935.700
2684	9936.200
2928	9936.200
3056	9937.900
52	9939.400
328	9944.700
3472	9947.400
3240	9947.700
2236	9949.400
3452	9950.000
4088	9951.300
1912	9951.800
2424	9953.100
3340	9954.800
64	9956.500
2220	9967.800
888	9968.800
3524	9969.400
2024	9969.800
2560	9969.800
272	9969.900
2548	9970.000
3708	9971.000
2364	9972.100
2644	9972.400
3384	9973.400
92	9984.900
1200	9985.600
768	9987.600
3320	9988.700
64	9990.600
2928	9992.400
3960	9999.200
1836	10003.000
3812	10003.800
3748	10004.500
2684	10006.000
500	10006.400
1572	10007.200
3472	10007.300
2020	10008.500
2500	10008.500
2028	10008.900
532	10009.000
3132	10009.200
1784	10009.300
1940	10009.900
2092	10010.100
248	10010.600
3288	10020.200
2920	10021.700
1152	10022.300
1224	10024.300
252	10028.900
3796	10034.600
1968	10035.800
2168	10036.800
3640	10039.000
408	10039.500
2092	10040.200
1808	10045.900
2996	10048.900
3088	10053.600
2696	10055.100
3904	10057.800
1892	10058.800
924	10060.500
376	10061.800
352	10072.000
1904	10072.200
1244	10072.500
2240	10073.200
2140	10073.400
1336	10073.500
1776	10073.500
3812	10073.500
1844	10073.600
2152	10073.800
932	10073.900
1316	10074.000
2808	10074.000
728	10074.500
1640	10074.700
3628	10074.800
608	10074.900
272	10075.300
1804	10075.500
2688	10075.800
3124	10076.700
2764	10090.800
3304	10092.400
2776	10092.600
608	10092.700
612	10092.800
1216	10092.800
1688	10093.000
480	10093.100
1264	10093.100
488	10093.500
3868	10093.500
3892	10093.600
840	10094.200
684	10094.300
3460	10094.500
812	10094.800
2920	10094.900
2284	10095.000
3312	10095.200
536	10095.300
1416	10095.400
1964	10095.500
3384	10095.600
208	10109.100
484	10109.100
3472	10109.400
3812	10109.400
2184	10109.800
1808	10110.100
2576	10110.100
1940	10110.400
1784	10110.800
1684	10111.600
1408	10111.700
2032	10112.000
2024	10112.800
2092	10113.500
532	10113.900
2232	10115.300
2512	10125.700
864	10127.600
2616	10127.700
3056	10127.700
3640	10128.600
4124	10129.600
3936	10131.700
2388	10145.000
4036	10146.000
768	10146.400
3364	10146.600
2116	10146.700
100	10146.800
952	10146.800
2076	10147.200
3304	10147.200
3632	10148.000
480	10149.800
3508	10162.900
932	10163.300
2476	10163.500
1344	10163.800
632	10164.100
3804	10164.100
680	10164.300
2000	10164.300
636	10164.400
3228	10164.400
944	10164.500
2408	10164.500
2740	10164.600
1168	10164.700
3700	10164.700
140	10165.000
3484	10165.000
692	10165.100
2920	10165.100
688	10165.300
1996	10165.300
2700	10165.300
2844	10165.300
2400	10165.400
720	10165.500
408	10165.600
1236	10165.600
1932	10165.600
1832	10165.700
2684	10165.700
1808	10165.800
1844	10165.900
2588	10165.900
3008	10165.900
1852	10166.100
372	10166.500
3580	10166.500
2440	10167.200
3356	10182.200
1872	10184.300
1328	10185.500
2500	10191.900
3812	10193.900
992	10195.200
796	10196.100
4088	10197.000
2120	10197.100
3716	10197.100
2716	10197.600
3524	10197.600
2112	10197.700
2872	10198.100
1244	10198.200
3632	10200.400
1952	10201.700
328	10209.800
1236	10212.200
80	10212.400
4064	10212.400
832	10213.500
768	10213.800
252	10214.100
1732	10215.000
2896	10215.300
3840	10216.300
2224	10216.900
2888	10216.900
2748	10217.000
3532	10217.700
240	10218.000
1820	10218.200
3380	10218.200
336	10218.400
776	10218.400
3496	10218.400
16	10229.600
884	10230.500
1228	10231.000
3688	10232.000
972	10232.200
492	10232.300
3412	10232.300
148	10232.400
232	10232.400
824	10232.400
1264	10233.000
4	10234.900
2920	10248.100
1936	10250.800
3860	10250.800
600	10250.900
480	10251.000
660	10251.500
932	10251.500
1672	10251.500
492	10251.800
872	10252.000
3008	10252.100
2896	10252.200
3268	10252.300
1844	10252.600
256	10252.800
168	10253.300
2844	10253.300
3720	10253.300
1996	10256.700
3944	10266.600
1332	10267.500
1864	10268.800
4072	10269.200
884	10269.300
164	10269.400
1152	10269.900
760	10270.000
1276	10270.000
1236	10270.300
2660	10270.400
572	10270.500
3928	10270.700
2652	10270.900
3004	10271.200
1956	10285.600
3336	10286.600
2696	10287.300
888	10287.900
988	10290.400
968	10299.500
3356	10303.300
3812	10303.700
2168	10305.400
480	10306.300
2560	10309.800
3632	10310.200
1592	10310.600
3696	10310.900
824	10311.800
1196	10312.700
1684	10313.300
3928	10313.600
3260	10314.900
4088	10316.100
252	10325.000
932	10327.100
972	10329.700
3928	10330.200
3124	10330.600
200	10330.900
3400	10331.200
2736	10331.600
1904	10332.300
3972	10332.500
3064	10332.600
492	10333.300
320	10333.500
2200	10334.300
1672	10335.000
3172	10335.400
352	10343.300
1728	10346.500
3148	10346.900
2684	10347.400
1340	10347.700
160	10348.600
1172	10348.600
3964	10351.200
2200	10363.900
756	10364.200
1972	10366.700
3504	10367.000
2416	10367.800
392	10368.600
3524	10379.400
496	10380.900
1980	10381.000
812	10381.200
260	10381.600
2616	10381.600
2476	10382.500
3308	10382.700
1300	10382.800
2984	10383.100
232	10383.300
1692	10383.900
3368	10384.000
1144	10385.100
3008	10385.500
576	10385.600
988	10396.300
1956	10398.400
3776	10400.400
2716	10400.500
3632	10400.900
3812	10401.500
612	10401.600
956	10401.600
2300	10401.700
3728	10401.700
4084	10403.400
1116	10414.800
3804	10421.400
1056	10423.200
1272	10424.700
1268	10426.300
2412	10426.800
2920	10433.200
1276	10433.400
288	10437.200
4124	10437.300
824	10437.600
712	10437.800
2096	10438.100
104	10438.700
664	10441.500
388	10443.600
2716	10443.700
464	10447.200
4088	10450.800
3600	10451.300
1748	10452.600
2596	10455.200
2408	10457.000
3304	10457.200
3352	10460.300
2968	10461.200
2600	10462.300
1808	10462.500
3228	10462.500
1008	10462.600
4096	10462.600
276	10462.900
488	10463.500
1776	10476.200
2204	10476.400
2692	10476.500
2500	10476.600
2120	10477.200
416	10477.400
3932	10477.400
4112	10477.800
900	10477.900
2544	10478.600
2620	10478.600
2388	10490.500
2684	10490.900
140	10492.200
588	10492.400
536	10492.600
1660	10493.900
3708	10493.900
3844	10494.400
2028	10495.600
