# NEST version: 3.9.0-post0.dev0
# RecordingBackendASCII version: 2
sender	time_ms
13194	502.600
13246	502.700
14282	504.100
12666	504.500
12266	505.200
12630	506.200
12278	506.300
13982	507.800
12170	511.200
14330	515.900
14266	517.100
14838	518.000
13422	519.300
14246	520.200
13746	523.200
12786	523.800
14142	524.700
12822	525.000
13490	533.100
12198	533.200
14030	537.800
13346	538.900
13926	547.100
13066	548.900
14534	548.900
12998	550.000
13382	552.500
12222	552.700
12342	553.800
12418	558.400
13054	558.500
14254	567.000
12930	569.000
13934	571.900
12266	572.200
12634	573.100
13318	573.400
13490	573.500
12174	574.000
12846	574.000
14330	574.200
13350	574.900
13534	575.800
12254	581.000
13622	582.100
13818	585.800
14494	585.800
13010	586.000
14350	590.400
14498	593.100
12938	593.800
13958	594.100
14250	594.700
13642	596.900
14522	597.100
12538	599.000
14102	600.500
13118	602.100
12194	607.400
13194	607.400
12906	609.100
14330	609.300
14678	609.800
13050	609.900
13602	610.300
12978	610.400
12802	612.900
12042	613.300
13154	621.900
13266	625.300
12330	630.500
11986	636.000
13630	636.000
14474	636.200
14398	637.800
13622	640.300
12126	642.200
13762	649.400
12114	650.300
12254	652.300
12394	652.300
14678	655.000
14382	660.600
13910	661.400
14054	669.700
12162	670.900
12938	671.500
13642	671.700
13838	672.800
12538	680.600
12426	684.200
12042	687.400
12422	688.300
14514	688.800
14682	688.800
11978	689.800
14498	690.400
13990	692.600
13430	698.700
13706	701.800
14030	702.200
12114	702.900
14142	704.200
13958	705.000
12062	705.600
14338	705.900
13386	706.200
14382	706.400
12022	708.000
12642	708.600
13642	708.600
14494	711.000
13534	711.800
14798	720.000
14130	720.600
13098	721.100
13394	721.100
12210	721.300
12574	721.300
12290	722.100
12958	723.500
13050	723.700
13538	723.800
12926	724.000
13122	725.700
13374	726.300
13550	727.300
12386	728.100
13034	729.000
12686	733.500
13946	733.500
12134	735.400
12114	738.000
13066	740.700
13822	740.800
13470	740.900
12814	742.200
13378	742.300
12730	742.400
13762	742.800
12094	743.200
12230	743.700
13502	744.300
14678	758.700
12118	760.000
14494	761.900
12978	762.100
13050	763.400
12950	763.500
13338	763.500
12298	764.800
14446	771.200
13490	773.000
13886	782.300
14162	782.400
14458	782.900
14118	783.000
13734	783.500
13666	785.900
12266	794.300
14350	795.100
13342	795.800
12850	796.300
14066	796.600
12042	797.100
13426	802.700
14646	805.400
14338	809.800
12938	811.800
12114	812.000
14458	812.000
12498	812.400
14534	812.500
13046	812.900
13614	813.200
13734	815.000
13386	818.700
14730	820.300
13050	822.400
13966	828.100
14534	828.200
13958	829.600
12882	831.400
12090	832.200
13994	833.500
12842	835.300
12158	840.000
11974	840.900
12682	843.800
12730	844.000
13998	844.400
12926	846.200
14338	846.500
13278	847.700
12754	849.000
12198	849.400
13822	849.800
12042	850.000
14026	850.000
14782	850.700
12934	851.300
12998	853.300
12838	854.000
13690	857.100
12594	860.000
14754	861.000
12014	865.700
12958	868.400
13602	875.200
13162	879.700
12342	881.500
13046	881.900
12834	882.100
14534	888.700
13994	893.400
13878	901.800
12138	904.700
13470	905.300
13114	906.900
14398	908.200
12042	909.900
14774	910.800
13910	911.400
12198	915.100
13550	915.600
13586	916.100
14834	918.000
13398	918.500
12238	923.900
12438	924.000
12906	926.300
13534	927.600
13566	931.400
13642	931.600
13614	932.000
13958	934.300
14426	937.100
13110	939.500
12910	940.100
12978	940.100
13858	941.200
12250	944.400
14330	947.500
12666	948.500
12030	956.500
12994	957.500
12234	957.900
12042	958.400
12226	959.800
13382	960.000
14210	960.100
14550	960.100
12198	961.300
13690	961.800
12450	962.100
14802	962.600
14042	964.300
14114	970.800
14290	974.900
14050	976.600
13486	976.700
13122	977.200
14162	983.400
12930	987.000
13626	990.100
13470	992.200
13490	992.700
12246	993.000
12018	994.200
12214	994.200
14838	1000.200
12134	1000.500
14446	1001.000
12022	1007.400
12342	1010.100
12906	1010.500
13910	1017.400
13606	1022.900
13146	1024.400
12114	1025.600
13642	1026.000
14130	1026.000
12122	1026.400
14226	1026.500
13118	1026.600
12538	1027.600
12218	1027.900
13726	1028.100
13746	1038.400
12466	1041.000
14338	1041.200
14142	1041.400
12266	1044.500
13474	1044.600
12634	1048.300
12938	1048.800
13674	1049.100
14514	1049.200
12222	1051.100
13010	1057.000
13926	1057.100
14678	1058.100
14626	1061.100
12646	1062.500
13734	1062.900
13262	1063.400
12298	1064.500
13338	1065.300
13810	1072.300
12610	1072.500
13814	1075.100
13606	1079.100
14066	1079.700
14006	1080.200
13110	1082.100
11986	1083.100
12390	1088.400
12194	1090.300
13326	1093.600
14086	1094.100
13850	1094.200
13790	1094.700
12398	1095.600
12086	1102.000
12642	1104.100
13762	1105.200
14402	1106.700
13718	1107.000
13470	1108.900
12306	1109.100
13482	1109.300
13818	1111.000
12322	1113.500
14042	1113.800
13546	1114.300
13246	1116.200
13250	1122.500
14782	1122.900
14498	1123.000
12198	1123.600
13382	1123.600
13070	1124.100
14338	1124.300
12866	1124.500
13394	1125.000
14066	1125.400
12266	1126.900
14790	1128.700
13126	1129.300
14054	1130.600
13010	1137.400
13270	1143.600
12646	1145.800
13930	1147.500
13882	1161.000
14694	1161.000
12330	1163.200
13122	1164.800
13386	1171.200
12290	1171.700
12594	1172.300
14162	1172.700
13978	1173.200
12518	1174.400
12282	1174.500
14830	1174.800
14446	1175.700
12350	1175.800
14678	1186.900
13838	1187.000
14330	1187.400
12378	1187.900
14766	1188.100
13666	1188.900
12742	1194.700
13990	1195.200
13278	1195.700
14446	1196.000
13794	1197.200
14002	1197.200
14086	1198.000
12250	1200.400
13534	1203.200
13734	1206.400
13994	1211.600
12266	1213.400
14522	1213.500
13702	1214.200
14782	1214.500
13118	1219.500
12282	1225.400
13534	1228.600
13066	1233.200
12594	1233.900
13794	1238.900
12958	1239.000
12378	1242.600
14266	1243.200
13958	1243.400
12290	1244.100
14678	1245.900
13874	1250.300
12042	1250.900
12730	1253.100
13746	1253.300
14774	1258.900
14638	1259.100
13686	1261.400
13430	1263.400
14782	1264.500
13658	1266.100
12706	1266.300
12606	1266.400
12834	1267.900
13450	1268.100
14054	1268.300
14606	1268.900
13734	1270.600
12226	1271.800
14018	1273.400
14294	1274.000
13534	1275.900
14338	1277.400
13346	1279.600
12962	1279.900
12966	1281.300
12642	1282.300
14186	1282.500
12590	1282.700
12290	1283.700
12266	1283.800
14478	1284.000
13978	1286.200
13850	1286.900
14150	1287.400
12682	1299.600
13046	1299.700
14514	1300.300
13910	1300.500
12666	1301.500
12630	1302.100
12042	1302.400
13534	1302.900
14162	1307.300
12250	1308.300
13526	1308.500
13178	1310.100
13470	1316.000
12282	1324.200
14142	1325.800
14338	1327.100
12938	1334.400
13614	1335.500
13246	1335.900
14434	1339.100
13998	1340.900
13050	1341.700
13734	1342.300
12426	1343.000
12430	1343.300
14294	1343.500
13910	1344.000
12234	1344.100
13638	1345.500
14318	1346.400
12998	1346.900
12298	1348.600
14802	1350.600
12342	1353.300
13354	1355.500
12898	1357.300
12934	1362.900
14838	1363.300
14338	1363.400
14766	1364.800
13858	1365.200
12978	1365.700
14446	1366.800
13338	1367.400
12906	1369.100
14782	1369.400
13490	1373.200
14162	1381.200
13122	1381.800
12226	1383.000
14530	1385.600
13886	1386.100
14290	1386.200
13326	1386.300
14366	1386.400
14006	1386.500
12238	1387.300
14510	1388.100
13050	1388.900
12314	1389.000
13378	1389.000
13470	1389.000
14698	1393.800
12906	1400.000
12926	1402.000
13566	1402.400
14498	1402.600
12114	1403.000
13594	1403.000
12694	1403.500
13322	1403.800
14766	1404.000
13746	1407.800
13958	1408.800
12266	1414.800
13178	1418.200
12218	1419.000
14094	1419.000
13578	1419.500
13910	1420.600
14266	1425.800
12574	1427.400
12642	1433.100
13470	1435.100
13742	1438.400
13618	1439.200
13246	1439.400
14330	1439.500
13546	1440.300
13946	1440.300
12542	1441.200
14798	1446.400
14002	1447.900
12254	1448.800
12682	1454.100
13614	1455.000
12506	1456.900
13930	1459.000
12122	1459.100
13730	1462.400
14250	1463.000
13154	1469.700
14434	1471.700
14338	1474.800
13814	1475.000
14066	1481.300
13994	1482.300
12590	1484.500
14366	1486.400
13110	1487.400
12330	1487.500
14766	1488.800
13310	1489.300
12214	1489.700
13050	1489.800
12594	1490.400
12558	1490.500
14294	1491.200
12978	1491.600
12254	1492.600
13734	1494.300
12170	1496.000
14298	1496.600
13622	1497.100
13214	1499.900
12706	1502.000
12418	1503.000
12374	1503.800
13850	1504.200
14546	1504.600
13906	1504.800
13490	1506.100
13322	1509.100
14742	1512.700
13366	1514.200
12786	1518.700
14330	1519.000
13446	1519.100
14678	1520.000
12778	1526.600
12342	1526.700
13122	1527.100
13338	1527.400
13758	1533.400
13546	1539.100
12418	1540.800
13702	1541.400
12538	1541.700
14498	1542.400
12938	1544.100
13626	1547.100
14030	1548.000
12854	1554.300
14062	1560.300
12642	1560.800
13354	1561.600
14338	1561.600
12634	1562.400
14130	1562.400
12562	1564.000
13490	1565.300
13046	1574.100
12342	1575.100
13886	1575.400
12174	1575.800
14518	1577.700
12906	1579.100
14338	1587.500
13166	1592.100
14330	1592.400
12426	1593.900
13622	1596.600
13550	1597.300
14202	1597.800
12158	1597.900
12874	1598.000
13386	1602.400
13430	1603.900
12642	1605.200
13606	1605.700
12226	1605.800
14570	1606.700
13490	1614.100
13878	1615.800
14798	1619.300
14426	1621.500
14462	1626.100
12178	1629.300
12374	1630.500
13298	1631.600
13534	1631.700
13566	1632.200
14338	1632.800
13430	1636.800
11986	1638.500
12114	1638.800
14330	1640.000
12042	1640.800
12866	1640.800
12574	1641.400
12266	1642.200
13626	1642.600
13486	1643.100
14054	1647.700
12538	1649.300
13246	1651.900
12398	1653.100
12426	1654.100
13110	1656.100
13894	1656.400
12926	1658.100
12198	1659.100
14382	1669.000
13394	1671.100
13046	1671.400
14062	1672.400
14446	1672.400
13386	1681.000
12790	1681.400
12118	1683.700
14758	1684.500
12806	1687.500
13490	1689.500
11974	1691.200
12634	1691.200
12030	1691.600
12178	1692.000
14646	1692.100
13470	1692.700
11986	1692.900
12838	1692.900
12698	1693.100
12946	1706.500
14674	1711.500
12674	1711.700
13910	1712.200
13438	1713.600
14390	1713.700
14086	1714.400
13246	1723.400
12646	1725.600
13934	1727.100
12982	1727.800
14130	1728.800
13882	1738.600
12594	1739.000
14046	1739.800
12518	1739.900
14042	1742.200
12786	1743.500
13626	1743.700
13914	1744.600
14266	1745.100
13962	1748.000
14274	1752.100
14338	1752.500
12374	1755.100
13506	1755.800
12174	1757.200
13154	1757.200
13734	1757.200
12282	1762.500
14294	1764.700
12210	1765.900
12418	1770.500
13490	1773.000
14438	1773.100
14446	1775.000
13430	1775.100
13662	1776.600
13526	1783.100
13758	1787.900
12594	1789.100
14382	1789.600
12322	1791.300
13606	1792.600
13394	1795.500
14538	1796.100
12178	1802.500
12746	1802.600
12282	1804.400
14518	1804.400
12998	1804.700
12518	1805.800
13534	1806.400
14498	1807.300
13378	1807.800
12266	1808.200
14234	1809.200
14350	1810.900
13470	1813.000
12926	1813.500
13714	1814.000
12226	1814.500
13610	1814.600
14130	1814.700
12874	1814.900
14330	1815.400
14466	1815.900
14406	1823.500
13110	1823.800
13638	1823.800
12462	1824.400
12170	1824.600
14162	1824.700
12218	1825.300
12230	1825.300
14654	1826.600
13054	1826.800
13138	1826.900
14638	1826.900
12958	1827.400
13670	1827.400
12214	1827.900
13946	1828.200
13758	1828.300
12790	1828.400
13426	1831.900
13926	1833.000
13746	1836.600
13050	1837.900
14766	1840.100
12930	1840.400
12254	1840.600
12846	1841.500
13366	1841.800
14554	1844.800
14822	1849.700
14298	1850.700
13354	1852.200
12250	1852.600
13998	1853.000
12266	1853.800
14550	1857.700
12918	1859.000
13382	1859.000
12062	1859.300
13534	1859.300
13606	1860.300
13246	1860.400
13378	1860.700
12502	1861.500
14606	1863.600
13070	1864.700
12670	1865.800
13122	1866.400
13214	1866.500
14338	1866.600
13642	1867.100
12838	1875.000
12230	1875.600
12958	1876.000
12978	1876.900
13110	1877.400
12290	1882.200
12926	1882.800
12226	1892.400
12906	1892.500
14066	1893.900
12634	1894.500
13326	1896.000
12834	1897.300
12414	1897.800
13718	1897.800
13470	1898.300
14762	1898.300
14678	1902.200
12694	1902.600
12242	1903.400
13526	1904.300
12218	1906.900
14426	1908.600
13194	1909.700
14290	1915.600
13802	1920.700
13734	1923.100
12342	1923.400
14266	1928.300
12594	1931.100
13314	1931.200
14398	1931.700
14142	1933.700
13098	1934.700
12590	1938.800
14330	1944.400
13742	1945.600
14026	1948.900
12418	1950.300
14498	1951.100
14338	1952.800
13034	1953.200
14478	1953.600
14842	1954.800
14698	1955.900
12906	1956.600
12614	1964.500
12426	1965.300
13714	1966.900
13490	1967.600
12266	1968.200
14250	1969.200
13910	1970.900
13122	1971.300
13682	1971.600
12958	1972.600
12198	1976.500
12042	1981.800
12238	1982.400
13310	1983.500
12906	1984.100
14290	1986.700
12230	1986.900
12930	1987.500
14446	1987.800
13606	1988.400
12162	1990.300
14050	1993.300
12866	2000.100
12674	2001.400
14174	2001.500
14034	2004.600
13978	2006.100
12682	2008.300
14114	2008.300
13822	2011.800
13246	2011.900
14334	2016.600
14206	2019.700
13626	2020.100
12126	2021.000
13254	2023.400
12906	2027.500
14678	2027.700
13922	2028.400
13562	2028.700
13526	2037.500
13662	2040.400
14386	2040.400
13934	2040.600
12222	2040.700
13102	2045.200
14446	2045.400
13534	2048.900
13394	2052.000
13098	2052.300
12174	2052.700
12822	2056.900
14066	2057.300
14018	2061.600
12846	2063.500
14382	2063.800
13762	2065.400
12214	2066.500
14330	2067.600
12130	2071.500
12266	2075.400
12426	2075.500
13922	2075.700
14638	2075.900
12454	2077.100
12170	2077.300
12042	2081.800
12230	2085.100
13826	2086.700
12674	2086.900
12594	2087.300
12926	2087.900
14122	2088.700
13034	2089.300
14322	2089.400
14042	2090.200
12134	2090.300
14438	2094.000
14746	2094.800
13730	2095.200
12646	2100.400
12998	2104.900
13430	2105.400
13642	2106.100
14162	2108.800
13326	2114.600
14338	2114.800
13566	2116.800
14482	2118.800
11986	2120.100
12226	2121.300
14198	2121.500
13946	2121.600
13690	2121.800
13746	2121.900
12906	2122.200
12294	2123.000
12350	2130.000
12634	2132.000
14538	2132.000
14378	2132.400
13910	2140.100
12538	2140.900
13070	2141.200
14486	2141.200
14446	2143.200
12898	2143.400
14166	2143.500
14162	2143.700
12046	2149.200
12574	2150.400
14790	2150.400
12230	2150.600
12438	2153.800
14338	2154.000
13614	2155.200
14478	2155.500
14142	2158.500
13118	2160.500
12842	2161.100
12554	2167.600
14814	2168.000
12606	2169.000
13354	2169.400
13998	2170.100
13382	2170.400
14338	2174.900
13126	2179.000
12994	2181.800
14174	2187.600
13338	2190.200
14230	2190.200
12874	2192.900
13250	2194.200
14290	2194.800
14554	2197.700
13910	2197.800
12814	2199.800
12374	2200.600
13490	2200.800
13122	2202.600
14550	2203.300
13186	2204.100
13878	2204.500
14086	2205.000
13566	2206.300
14366	2207.000
11986	2208.100
13114	2208.200
13334	2208.500
12906	2213.800
13546	2214.300
13790	2219.300
13614	2220.200
14610	2220.900
14666	2225.600
14406	2227.900
11986	2229.300
13958	2237.000
12338	2237.400
14270	2237.800
12178	2238.300
13490	2240.500
13266	2242.100
14486	2242.100
13850	2242.200
12926	2242.500
13122	2242.500
14498	2242.900
14318	2243.000
13154	2243.400
12726	2243.700
12438	2244.700
13386	2251.000
14142	2253.000
12174	2260.300
13534	2266.400
14338	2267.800
13626	2269.400
14626	2270.200
14046	2271.000
13686	2272.000
13970	2283.400
14486	2283.900
13530	2285.000
14494	2285.000
12462	2285.100
14030	2285.100
13882	2285.500
14598	2285.600
13394	2285.800
13426	2287.300
14730	2287.400
14298	2299.600
14130	2301.200
14338	2303.800
12350	2304.600
13910	2305.200
12030	2307.200
12966	2309.700
14606	2309.900
14758	2311.400
13114	2311.500
13326	2318.600
12550	2319.100
14350	2319.200
14054	2319.500
14142	2320.700
13822	2320.900
13654	2321.100
14042	2321.400
13670	2324.100
12158	2325.600
13546	2336.500
13490	2339.400
14678	2339.500
13526	2339.900
14370	2342.400
14514	2344.600
12634	2345.300
12610	2347.400
14338	2347.500
14130	2352.900
12438	2353.700
12482	2355.900
13962	2356.800
13826	2358.000
13578	2363.800
14610	2367.800
14338	2370.000
13994	2370.900
12846	2371.100
12962	2371.400
12730	2372.200
13054	2372.200
11986	2372.600
14638	2373.600
13138	2374.600
14406	2388.800
14386	2389.600
13186	2390.000
12978	2390.100
12594	2392.000
14222	2393.600
13742	2394.000
13310	2396.300
12398	2398.600
12690	2403.700
12222	2406.000
13534	2407.800
13994	2408.300
12002	2411.100
14382	2411.800
12010	2412.200
12898	2413.300
12158	2415.100
12906	2415.700
14494	2418.800
12342	2419.800
13490	2421.800
12266	2422.500
13886	2422.600
14338	2422.600
12170	2422.700
12190	2426.000
12634	2426.500
12210	2427.100
13246	2429.200
12542	2429.700
12290	2438.500
13118	2439.400
14066	2439.700
13194	2441.500
14666	2441.900
13894	2446.100
14330	2446.100
14398	2446.700
12250	2448.100
14678	2449.800
13642	2453.400
12086	2453.600
13074	2453.600
13794	2453.600
14498	2453.700
14086	2454.000
12342	2454.700
14030	2454.700
12594	2455.600
14130	2458.400
13046	2458.700
14698	2460.400
13910	2460.800
12806	2460.900
14274	2466.300
12062	2466.500
14006	2470.400
14054	2471.300
12286	2474.100
13122	2475.200
13326	2475.800
12998	2476.300
14338	2477.900
14534	2478.500
14842	2478.800
13262	2480.700
12946	2481.100
12114	2487.300
12634	2488.500
12222	2489.100
13194	2490.900
14610	2491.200
12290	2491.900
14766	2492.200
12958	2493.400
13098	2498.400
13542	2504.700
12934	2506.000
12250	2506.200
13842	2507.000
13746	2509.300
13730	2509.400
14646	2509.500
13470	2510.500
14086	2510.800
13490	2512.600
14658	2513.200
12138	2519.100
13442	2524.100
14462	2525.900
13962	2526.200
12266	2526.300
13506	2527.800
12322	2528.600
12806	2529.600
12042	2529.900
13262	2532.800
14446	2532.900
14246	2533.900
12882	2538.400
13046	2544.600
14266	2545.400
12886	2545.600
13430	2545.700
12198	2546.000
13502	2546.300
12526	2547.400
12226	2550.400
12630	2554.800
14054	2555.800
14398	2558.000
12426	2561.800
13294	2562.500
13510	2562.500
14338	2563.700
13778	2566.400
12350	2569.200
12882	2570.500
12550	2572.600
13338	2574.000
14402	2574.400
13850	2574.600
13118	2575.000
12226	2580.700
14250	2581.300
13622	2582.700
14030	2584.700
12434	2589.900
14594	2590.100
13098	2592.200
13886	2593.100
12298	2593.800
13926	2594.100
12174	2596.700
13046	2598.700
12906	2600.400
13090	2601.400
13274	2603.400
13742	2606.200
13470	2608.000
14042	2610.000
14010	2614.300
14834	2614.700
12234	2617.300
13186	2618.200
12250	2623.200
13118	2623.200
13606	2625.000
13250	2626.200
13706	2627.000
14066	2627.300
12866	2628.500
12938	2628.900
12762	2630.000
14446	2630.600
13758	2630.800
14762	2631.000
13430	2633.800
13894	2633.800
14518	2637.300
12290	2643.300
13726	2646.000
12670	2646.700
13470	2647.300
14698	2648.300
14674	2650.700
14706	2651.300
12314	2652.000
13226	2653.000
13930	2656.900
12630	2657.200
13278	2659.800
14426	2660.300
12266	2660.400
12398	2660.900
13934	2662.800
12518	2664.400
13434	2665.200
13010	2666.000
13326	2666.800
12590	2666.900
12642	2667.000
13594	2667.400
14350	2668.800
12418	2669.000
13282	2682.400
12978	2686.800
12230	2687.300
13490	2687.500
14794	2688.000
12750	2688.200
14594	2690.100
12906	2693.200
12614	2695.100
12218	2696.200
14130	2703.400
13490	2704.900
12350	2705.500
13046	2706.100
13262	2706.500
13746	2706.700
13682	2706.800
12226	2707.700
13862	2708.100
14678	2708.100
14386	2708.400
13970	2708.500
14338	2708.500
13534	2708.600
13634	2709.200
12594	2717.800
14762	2717.800
13434	2720.600
13874	2721.800
13798	2723.500
14802	2724.700
12194	2724.800
13034	2727.600
14698	2728.100
12718	2731.600
12542	2732.700
13822	2736.500
13118	2739.100
12170	2739.500
13010	2740.900
12742	2741.300
13758	2743.800
12970	2744.000
13626	2749.400
13114	2750.000
14678	2750.400
12910	2755.200
12682	2755.300
14682	2755.900
13394	2756.300
14758	2756.500
12494	2756.600
12978	2758.300
14398	2759.600
12426	2760.400
14462	2761.300
12538	2762.000
14782	2763.100
14214	2765.400
13066	2770.300
14518	2771.000
13822	2774.300
13050	2776.300
11986	2777.800
12030	2777.900
14638	2781.200
12066	2789.300
14658	2790.400
11974	2790.800
13322	2790.800
13110	2790.900
13318	2791.300
14114	2791.500
13054	2791.900
13214	2791.900
12398	2793.500
12342	2795.600
14382	2795.900
13910	2801.200
13490	2804.500
12798	2805.300
14714	2806.300
12114	2810.900
12906	2817.300
13006	2821.400
13114	2823.500
13046	2823.800
12886	2824.100
13326	2825.200
14010	2826.400
14194	2826.500
13186	2826.600
13294	2826.700
13746	2826.900
14658	2827.200
13534	2827.300
12214	2830.800
13386	2835.900
12282	2837.200
14630	2840.500
14298	2842.100
13470	2842.300
13430	2844.800
12042	2845.300
12254	2853.300
12594	2855.000
12882	2856.200
13002	2856.200
12998	2862.200
12842	2866.700
13550	2867.000
14142	2868.600
14366	2869.200
13194	2869.800
14562	2870.400
14534	2871.300
12222	2874.700
12938	2874.800
13382	2874.800
14330	2874.800
12666	2876.000
14446	2876.600
13414	2877.200
12342	2880.200
12634	2880.300
12546	2881.800
12018	2882.800
14462	2883.300
12574	2883.600
12778	2886.500
13470	2886.900
13066	2890.200
12390	2892.200
13622	2892.300
13214	2893.300
13326	2894.200
13966	2895.300
12802	2895.700
13310	2896.000
13846	2896.200
13730	2897.000
14754	2897.000
13626	2901.200
12906	2905.100
13490	2906.000
13886	2907.800
14838	2909.400
14518	2910.000
12862	2910.400
14050	2912.100
13614	2913.600
13122	2915.100
13630	2915.700
13046	2918.500
12026	2919.200
13902	2919.400
14678	2920.200
13394	2920.300
13430	2922.700
14186	2924.200
12910	2926.200
13346	2926.600
14834	2927.500
14426	2927.700
12322	2928.500
13922	2930.100
12418	2933.100
12114	2935.700
14214	2940.900
14006	2941.600
12846	2942.000
13114	2944.600
13726	2944.700
14694	2945.100
14042	2948.300
12170	2949.400
12578	2953.700
14462	2954.600
12266	2955.500
12634	2955.500
14606	2957.900
13338	2958.000
13882	2958.300
14518	2959.400
14266	2959.500
14162	2964.000
12282	2964.700
12350	2970.600
12102	2973.100
13966	2974.300
13626	2974.400
13470	2976.800
14426	2979.800
12906	2981.700
13546	2983.100
14626	2983.100
14762	2986.800
12330	2987.400
14386	2988.000
14274	2988.100
12174	2988.400
13354	2988.900
13430	2989.200
14678	2989.900
12970	2990.300
14338	2998.300
13246	3004.900
14250	3005.000
12170	3005.100
12226	3006.100
12574	3006.600
13614	3007.000
14758	3007.500
14142	3008.900
13470	3009.100
13658	3009.200
13178	3009.500
14334	3024.400
13958	3025.400
11974	3025.500
13890	3025.900
13894	3027.200
13238	3029.300
14462	3029.400
12838	3029.500
12210	3029.800
12506	3031.200
13174	3035.300
13490	3038.700
12518	3039.200
13102	3040.700
14234	3044.700
14350	3047.100
14378	3048.100
13010	3048.700
14782	3050.700
13850	3051.200
14310	3059.700
12594	3060.600
13606	3061.900
13338	3067.300
13226	3069.000
12690	3069.300
14382	3072.300
12930	3072.400
14518	3073.600
14638	3073.600
13622	3079.500
14462	3080.400
14214	3084.300
13430	3085.600
12646	3088.300
14766	3089.500
13742	3090.800
14238	3091.500
13018	3095.200
13718	3096.400
13850	3096.700
12906	3097.200
13046	3100.900
13506	3102.200
12754	3102.400
14606	3105.200
13130	3105.700
13310	3108.600
13034	3112.500
12290	3114.000
13626	3114.900
14666	3116.800
12546	3117.700
14206	3118.400
14330	3118.400
13526	3118.700
13490	3119.200
12914	3119.600
13422	3119.700
14794	3119.900
12906	3120.100
13122	3120.200
13762	3120.400
13746	3120.900
13614	3122.200
12182	3125.600
14594	3126.500
14030	3126.600
14406	3126.900
14398	3128.800
14814	3128.800
12030	3130.600
13470	3132.700
14518	3135.800
12958	3135.900
12634	3141.200
12842	3142.200
13626	3147.900
12838	3148.400
13046	3150.700
12594	3150.900
13490	3154.000
13394	3154.600
13838	3156.500
13446	3159.600
12114	3159.700
13246	3161.300
12210	3161.400
13126	3161.600
13326	3162.700
13310	3163.200
14250	3167.200
12250	3168.000
13934	3168.600
12290	3169.700
12862	3169.700
13534	3170.800
14682	3171.500
13730	3172.700
13886	3173.200
13330	3177.300
12926	3177.600
13490	3179.300
13058	3179.500
14474	3181.100
12906	3181.800
13170	3182.600
12742	3182.900
12882	3183.600
12590	3183.900
13046	3185.600
14446	3186.800
13838	3186.900
14054	3186.900
13246	3187.400
13718	3187.500
13430	3191.100
14330	3193.900
13262	3202.100
12930	3202.200
14646	3203.200
14266	3204.100
14270	3205.000
11974	3205.100
13114	3205.100
12906	3205.400
13890	3205.400
13346	3205.500
12342	3206.200
13794	3206.200
12254	3206.700
13318	3208.200
12042	3217.000
13414	3218.600
14310	3219.600
12950	3220.100
13470	3221.200
12178	3221.600
12834	3222.400
12390	3223.100
12118	3227.800
12710	3228.700
12666	3231.700
14034	3239.500
13274	3243.600
14106	3244.700
14402	3246.900
14142	3247.200
14066	3247.700
13602	3252.500
14046	3253.200
14814	3254.700
12998	3255.100
14298	3255.700
12114	3258.900
13078	3259.300
13050	3261.400
13666	3264.000
13606	3264.100
12290	3264.500
12242	3264.800
12426	3265.100
13422	3265.700
12938	3267.400
13506	3268.800
13878	3268.900
13990	3273.900
13046	3276.300
14066	3281.600
14330	3283.200
13430	3284.600
12222	3284.900
12890	3286.700
13890	3287.300
14446	3287.400
12306	3288.400
13894	3294.300
12906	3296.200
12298	3297.500
14798	3300.700
12926	3300.800
13926	3301.100
13734	3301.200
12714	3302.000
14030	3302.200
14518	3305.300
12066	3307.200
14406	3308.400
12290	3309.200
14678	3310.300
12846	3310.500
12994	3311.200
12978	3311.400
14426	3314.800
12250	3315.700
12998	3315.700
14234	3316.500
12590	3316.600
13658	3316.800
13626	3319.400
12102	3320.000
12754	3321.500
12694	3328.000
13602	3330.400
13246	3332.300
12898	3332.400
12238	3332.800
12890	3333.700
13506	3334.000
13218	3334.200
14206	3334.400
14274	3334.500
12746	3336.000
13430	3336.500
13394	3337.200
13762	3341.100
13990	3343.000
12266	3343.700
14050	3343.700
12042	3344.600
12450	3344.900
13606	3345.300
12374	3347.200
13242	3347.400
13690	3348.900
13910	3350.900
12174	3351.600
11986	3352.200
12906	3353.100
14746	3353.100
14298	3354.000
13354	3354.200
13318	3359.500
14514	3359.900
12666	3360.600
13534	3360.800
12590	3361.300
12970	3362.800
14330	3364.900
14338	3366.900
12350	3367.100
13338	3373.600
14250	3373.600
14498	3373.800
12022	3374.000
13958	3374.600
13806	3375.000
13994	3377.700
12314	3378.700
13546	3378.900
12038	3379.200
12226	3379.700
12342	3388.500
14790	3391.200
12150	3392.000
13742	3392.700
12786	3393.200
14658	3393.400
13122	3394.400
13470	3394.800
12518	3404.800
14066	3407.800
12282	3408.500
12738	3409.400
13490	3410.600
12298	3411.700
12338	3411.700
12894	3412.500
12174	3415.500
14606	3417.000
13642	3418.700
12118	3419.600
12634	3426.000
13626	3426.800
13310	3428.300
14498	3428.400
12966	3429.900
13562	3431.700
13622	3431.800
14522	3433.900
13098	3434.100
13934	3435.900
13422	3436.700
13046	3436.800
12350	3437.000
13222	3437.100
12042	3437.700
12606	3438.300
12746	3438.500
14086	3438.700
12866	3440.100
13194	3441.600
14646	3441.600
12946	3447.800
14682	3448.700
12546	3449.400
13642	3449.700
12634	3450.500
14050	3450.700
12754	3453.300
14066	3454.800
13566	3455.400
13338	3457.000
14814	3457.000
14162	3457.600
12026	3457.800
13010	3458.400
14206	3462.600
13490	3465.500
13430	3472.500
13114	3473.700
14142	3473.900
14462	3473.900
13078	3474.200
11986	3475.200
12342	3489.700
13926	3493.100
12642	3493.200
13414	3496.100
14350	3496.200
13662	3507.400
12178	3509.400
12958	3510.500
12666	3510.700
14030	3511.000
13194	3511.600
12134	3511.800
12122	3512.200
13942	3517.500
13174	3519.300
14338	3521.400
12854	3523.200
13850	3524.100
12282	3526.400
13410	3526.600
14382	3530.100
12978	3531.100
13614	3531.400
13266	3531.800
13490	3535.000
13046	3535.600
12158	3536.200
14366	3539.100
11986	3539.200
12634	3540.700
14066	3541.000
12486	3541.100
12594	3541.300
12266	3541.700
13882	3546.200
13226	3549.800
12410	3550.200
14678	3551.200
13958	3551.700
13798	3554.200
14330	3557.500
14426	3557.800
13530	3561.300
12222	3561.900
12422	3568.200
14338	3569.400
13490	3569.700
13610	3569.900
14610	3572.500
12618	3572.600
13098	3574.300
11998	3575.200
13486	3576.800
12226	3579.800
13566	3580.000
12802	3580.900
12734	3581.600
13258	3581.600
13594	3581.900
12914	3582.000
14250	3582.000
14606	3583.000
12838	3588.000
14066	3589.900
14550	3590.700
13294	3591.100
12794	3595.800
12230	3596.800
12102	3598.000
14678	3598.000
12266	3598.300
13482	3598.800
12062	3599.900
12958	3600.200
13542	3605.300
13546	3606.700
13662	3607.500
13414	3608.500
12694	3610.000
13214	3612.900
14774	3613.900
13578	3614.300
14030	3614.800
13138	3615.300
12330	3615.500
13194	3616.500
12906	3618.400
12674	3622.000
12242	3622.500
12250	3623.200
14462	3629.600
14402	3630.800
12342	3631.800
13326	3631.800
12690	3632.600
12118	3633.200
12874	3636.200
12390	3637.500
13266	3644.600
13430	3645.400
13594	3645.500
13602	3645.500
14826	3646.200
14294	3647.200
12482	3647.600
14522	3650.800
13114	3653.000
14330	3653.700
12610	3654.500
12214	3663.100
13034	3664.700
12114	3665.200
13470	3666.600
13606	3668.100
13746	3670.500
13758	3672.200
12694	3674.200
14234	3676.800
12294	3676.900
12858	3677.400
14330	3682.200
14538	3682.200
13734	3682.500
12322	3682.700
13630	3683.000
14246	3683.000
12418	3683.400
13318	3684.600
13998	3684.800
14402	3685.700
14162	3686.100
13490	3687.000
13702	3688.200
13062	3689.400
14758	3696.300
13410	3698.500
14006	3698.500
14030	3698.900
14034	3699.600
13430	3700.000
14606	3702.200
13310	3702.300
12806	3702.400
14678	3705.500
13018	3713.000
12938	3713.600
13626	3714.000
13878	3715.100
12226	3716.300
12330	3722.400
13558	3722.600
13282	3724.600
12118	3727.600
13534	3727.700
13446	3732.600
12978	3735.400
12682	3736.000
13194	3736.100
12150	3736.800
13154	3737.800
13426	3739.500
12606	3740.100
13546	3743.300
12698	3744.400
13978	3744.700
12634	3746.400
13326	3746.400
14250	3747.100
13066	3749.100
14766	3753.600
11974	3754.600
13910	3754.600
12790	3755.000
13378	3755.900
14350	3756.000
12250	3757.400
14134	3759.000
14130	3760.200
13262	3761.400
13430	3762.100
13566	3763.300
12646	3765.300
12854	3767.800
13490	3768.700
13726	3770.500
14834	3772.100
13434	3772.400
14222	3774.400
12710	3775.600
14770	3776.400
13614	3779.500
12046	3788.200
14130	3792.800
13470	3793.900
12114	3794.200
12174	3794.200
14366	3794.300
14234	3794.500
12314	3794.600
12066	3794.900
13878	3795.600
12634	3797.400
13338	3799.400
13746	3801.200
13114	3801.700
13046	3801.800
12842	3802.800
14666	3808.200
14574	3812.700
13606	3813.000
14266	3813.200
14350	3813.900
13638	3814.300
12846	3816.300
12926	3816.400
14046	3824.400
13822	3825.800
12298	3826.700
13266	3828.600
14298	3829.000
13110	3829.500
14466	3829.700
13446	3830.800
12426	3831.800
14250	3836.500
13014	3844.400
14742	3846.900
14682	3847.200
13430	3848.000
13670	3848.300
12042	3849.700
13406	3850.000
12666	3850.200
12962	3850.300
14294	3850.500
13086	3851.000
12226	3851.100
14558	3851.300
13626	3851.500
13490	3851.600
13602	3852.800
14478	3862.800
12350	3864.600
14162	3868.300
12634	3869.200
13762	3870.900
13470	3871.100
13910	3871.100
14226	3871.400
13614	3872.200
13046	3872.700
13318	3873.500
14030	3874.900
14014	3877.900
12594	3879.000
12926	3883.200
12150	3886.500
13662	3887.200
13166	3889.000
14486	3889.200
12290	3890.000
14066	3890.000
12906	3897.100
13394	3901.900
14314	3904.900
12042	3905.900
14702	3906.200
14034	3906.400
13046	3907.200
14354	3907.900
13910	3917.200
12114	3921.700
14386	3923.600
13038	3924.600
13282	3924.600
14086	3925.100
12854	3927.700
14350	3928.600
13614	3928.700
14250	3928.800
13354	3929.000
12350	3929.500
14674	3929.600
13102	3930.100
12846	3931.400
13246	3934.800
14018	3939.200
12250	3941.500
14418	3944.500
14678	3944.600
12646	3944.800
14066	3944.800
12926	3947.000
13490	3947.900
12342	3949.900
13046	3951.900
14298	3952.000
13054	3952.700
13346	3953.500
14130	3956.800
13262	3957.100
13586	3958.000
12366	3958.500
13214	3960.800
13430	3963.100
14730	3964.000
14086	3964.500
12254	3966.200
13326	3966.800
13606	3969.300
12374	3969.900
12170	3972.900
12390	3974.100
12882	3978.600
12022	3979.500
13490	3980.400
14066	3981.200
12998	3981.500
12594	3981.600
12214	3981.700
13138	3994.000
12418	3997.300
12222	4000.500
14562	4000.700
13046	4001.500
13294	4003.000
13062	4003.100
14698	4003.800
14458	4004.000
13462	4005.500
12282	4006.200
13734	4008.400
14046	4008.800
13470	4010.800
14102	4012.100
13134	4014.600
13382	4014.600
14674	4020.300
14694	4020.300
11986	4021.500
14066	4023.700
13050	4026.000
12142	4034.100
14054	4035.300
12046	4035.700
14402	4036.600
12458	4038.200
12122	4040.000
14790	4041.300
12682	4042.300
12842	4042.600
13226	4042.700
14758	4043.500
14234	4044.300
14714	4046.100
13250	4046.400
14050	4047.600
13018	4053.100
12030	4053.400
13430	4059.600
14066	4059.700
14178	4060.300
14130	4060.600
14638	4061.700
12874	4071.400
12958	4074.100
13118	4074.200
12622	4074.500
14382	4076.700
14678	4077.000
12114	4078.100
12578	4078.700
12530	4079.000
14418	4088.900
14034	4089.400
13894	4093.700
12254	4093.800
12222	4094.800
12998	4095.100
14338	4095.200
13626	4097.800
13530	4103.400
12906	4106.200
12630	4107.200
12898	4107.900
12290	4108.800
14294	4109.000
13534	4109.300
13638	4109.300
13486	4109.400
12398	4109.800
12250	4110.600
14446	4111.000
14250	4113.000
13978	4118.300
13682	4118.400
13982	4119.000
12610	4121.100
13546	4123.700
14518	4124.700
12198	4125.600
12018	4125.700
14514	4126.600
12238	4133.900
13614	4138.200
14338	4140.200
14130	4141.800
13594	4142.700
13054	4146.300
13386	4149.300
14646	4149.800
13606	4150.300
14330	4150.600
14318	4153.700
13626	4154.600
13034	4159.200
12114	4160.800
12042	4161.000
13490	4162.100
13114	4165.700
13666	4165.700
12254	4170.100
14242	4171.100
13394	4171.300
13742	4171.300
12998	4174.900
14050	4175.000
13910	4179.500
12418	4183.200
13110	4185.800
12610	4191.100
13878	4196.000
13998	4196.800
12350	4197.600
12634	4197.700
14378	4198.200
14790	4198.400
12926	4199.000
13746	4201.000
13414	4201.900
12226	4204.000
13470	4204.700
13382	4205.300
12506	4206.100
13822	4206.900
12906	4207.000
13034	4215.200
14494	4217.300
12678	4221.100
14742	4221.400
14018	4222.000
14610	4223.300
13102	4223.400
12030	4226.200
13526	4234.500
12126	4234.600
13874	4235.700
14678	4236.000
12022	4236.100
14002	4237.400
14514	4238.000
13114	4238.800
14258	4239.500
12342	4246.200
14606	4250.000
14766	4250.900
12082	4251.100
14086	4251.100
13486	4254.600
13622	4255.600
13250	4255.800
13546	4256.400
14294	4257.600
12906	4259.400
12114	4262.100
12666	4262.900
14066	4263.800
12630	4265.600
13682	4268.500
13310	4268.600
12398	4270.800
13046	4272.600
12018	4273.600
13626	4274.600
12230	4275.200
13026	4275.200
12290	4278.000
13606	4280.100
13066	4281.200
14314	4286.700
13186	4288.000
14674	4289.400
14338	4291.300
12174	4291.500
12342	4292.600
12994	4292.800
13894	4294.800
13638	4301.800
12102	4306.300
12666	4307.300
14210	4308.000
14018	4308.600
13858	4310.100
12690	4314.800
13110	4316.400
12010	4320.200
13626	4320.800
13862	4320.900
14446	4321.100
13534	4322.500
13470	4323.600
13098	4324.900
12342	4325.700
13430	4329.500
13310	4330.000
14330	4330.400
12266	4332.600
14350	4336.200
14338	4337.800
12938	4338.100
12050	4342.500
12634	4342.500
14526	4342.500
14498	4344.700
12682	4345.300
12906	4346.000
12958	4365.900
13926	4367.100
12266	4368.900
12594	4373.000
12298	4373.900
13910	4374.300
13246	4374.600
14142	4375.200
13446	4376.900
13842	4380.900
13718	4381.000
14762	4381.200
13734	4381.900
14162	4382.800
14274	4383.800
13670	4385.100
13606	4390.000
13654	4398.800
12378	4399.900
12230	4400.200
14842	4400.400
13490	4401.000
13690	4401.300
13910	4401.400
13322	4406.600
14062	4407.400
12730	4411.200
14678	4412.000
14294	4418.800
12634	4420.000
12150	4420.900
13266	4421.400
13486	4422.100
12334	4423.700
13046	4427.200
12234	4430.500
12018	4436.000
13626	4437.200
13354	4439.000
14254	4439.100
13890	4439.400
12930	4439.500
14338	4439.500
12178	4440.100
12806	4442.300
13246	4442.800
13490	4444.800
14066	4446.600
12426	4447.200
13066	4448.600
12226	4448.700
14498	4449.500
14606	4451.000
12106	4451.300
14382	4451.700
13958	4452.100
12342	4452.200
13998	4453.700
12498	4453.800
12118	4454.400
12266	4454.400
12666	4454.700
12634	4458.000
12174	4460.300
12978	4462.200
13070	4463.200
12998	4463.600
14162	4463.800
14234	4464.800
12654	4468.700
12966	4469.000
14446	4469.100
13294	4470.000
13046	4474.300
12842	4476.900
12230	4477.800
13978	4478.600
14110	4482.400
14382	4484.000
14350	4490.200
14054	4492.200
13118	4492.600
12254	4493.200
14658	4493.200
13654	4493.400
12974	4493.500
12250	4496.100
13426	4497.900
13858	4505.700
12334	4506.400
13382	4507.500
13682	4508.200
12462	4512.100
14474	4515.800
12042	4519.800
12282	4526.700
13490	4526.800
13246	4527.000
14446	4527.000
13254	4527.300
14030	4528.100
12910	4529.900
12114	4537.000
14790	4537.800
13642	4541.900
12790	4544.900
14050	4545.700
13858	4546.500
13490	4547.500
12938	4548.100
13726	4548.100
14606	4548.300
14162	4548.500
13994	4549.100
13578	4549.700
13910	4551.400
14518	4554.000
12926	4558.600
13486	4558.600
13878	4559.100
14366	4563.000
13346	4565.600
13426	4568.900
13394	4569.500
13850	4570.200
13066	4570.400
13506	4570.500
14086	4585.600
13318	4587.500
12326	4587.900
12682	4588.600
12426	4590.900
13822	4595.400
14338	4601.200
12482	4603.600
13054	4604.600
13802	4604.700
12290	4604.900
14350	4605.200
14234	4609.000
14698	4617.200
12042	4619.600
13046	4619.900
14766	4620.700
13110	4622.000
14814	4628.400
14330	4629.400
13622	4630.100
13490	4633.800
14514	4634.000
13386	4634.900
14150	4637.100
13730	4647.000
12998	4647.300
12114	4647.700
13414	4648.600
13546	4648.600
14270	4650.700
14486	4652.300
12930	4652.600
13226	4653.400
14274	4653.500
13338	4658.400
12170	4661.000
14130	4662.000
12266	4669.900
13526	4670.000
13674	4670.500
13550	4670.600
12910	4670.800
12258	4670.900
13326	4682.900
13910	4683.800
14062	4684.900
13102	4687.000
12838	4688.800
13562	4689.000
14798	4690.500
12910	4693.800
14478	4698.700
13758	4699.000
13058	4700.100
12906	4703.600
14330	4705.900
12390	4706.000
14018	4708.700
13118	4709.600
14698	4710.700
14594	4711.200
14562	4712.300
13046	4714.800
12706	4715.600
13682	4720.500
13642	4721.000
14042	4722.400
13662	4722.500
12802	4724.500
13926	4725.100
13430	4726.000
12438	4726.100
14742	4726.300
12218	4726.800
12950	4727.000
14266	4729.500
12210	4732.400
14286	4733.100
13034	4733.500
14138	4733.700
14522	4738.300
12958	4744.700
12290	4748.800
13326	4751.300
13118	4752.300
14758	4752.900
14338	4753.200
12430	4754.100
12218	4754.400
14250	4754.500
12330	4754.700
13566	4754.900
12546	4755.800
13470	4756.000
14162	4766.900
14234	4768.600
13246	4772.200
14042	4772.300
12254	4774.400
13046	4774.600
13490	4780.300
13034	4780.800
13270	4780.800
14494	4782.700
13186	4784.600
14518	4784.700
12250	4786.800
12030	4787.400
12546	4788.600
12634	4790.300
12158	4790.600
13978	4798.700
13614	4801.600
14842	4805.800
12426	4805.900
14390	4806.100
12634	4806.200
12538	4807.300
14446	4807.300
12298	4808.200
12926	4808.600
13394	4818.000
13814	4819.500
13550	4822.100
12290	4823.600
14338	4823.600
12114	4825.000
14798	4825.000
12834	4825.300
14330	4825.600
12254	4826.500
12906	4827.200
14494	4828.300
14162	4828.400
12666	4830.700
12234	4834.000
13502	4837.200
14766	4838.200
14150	4838.400
14826	4839.100
13318	4840.900
12542	4841.100
12418	4842.700
14366	4843.000
13490	4844.800
14190	4848.900
14498	4850.100
14606	4851.900
14378	4856.800
13078	4862.500
12786	4862.600
12938	4864.000
12266	4867.400
14018	4868.200
13386	4871.900
14638	4878.100
12622	4881.100
13622	4882.100
13426	4884.400
12022	4884.900
12582	4885.100
12594	4885.700
12422	4886.300
14330	4886.500
12346	4886.600
13246	4889.800
13382	4891.400
12978	4891.500
13546	4894.700
14550	4896.200
13858	4896.600
12838	4897.300
12226	4897.500
13350	4899.400
12834	4904.700
12906	4905.300
13126	4907.600
12718	4911.600
14266	4911.700
13690	4913.100
14234	4915.200
14518	4915.500
13746	4916.100
12866	4918.400
12178	4918.500
13946	4918.900
12022	4919.000
12114	4919.400
14298	4919.400
14522	4919.400
14206	4924.600
12666	4925.400
13642	4930.600
12518	4931.100
13534	4935.200
12066	4935.900
14498	4936.800
12350	4941.600
12906	4943.200
12806	4947.700
12802	4948.400
12542	4955.000
13434	4955.900
14570	4957.800
13734	4958.000
13246	4961.200
14758	4962.000
13422	4964.300
13674	4964.500
13002	4965.700
12214	4968.000
14206	4970.100
13490	4971.700
13798	4971.700
12266	4975.200
12486	4976.300
13842	4980.300
13262	4982.600
12778	4984.000
12002	4984.400
14162	4985.400
13062	4988.800
12594	4988.900
14518	4990.700
13246	5003.700
13278	5004.400
13682	5005.400
12226	5008.000
13250	5008.300
14294	5008.700
13070	5009.900
14842	5010.900
12590	5011.300
12978	5012.300
12118	5013.400
14062	5014.100
13050	5014.600
14338	5016.100
12322	5017.200
12906	5022.400
12930	5025.100
13066	5027.700
13682	5028.200
13954	5029.800
14050	5031.500
13226	5031.700
12918	5033.300
13438	5036.300
12370	5039.200
13246	5041.200
12250	5042.700
12426	5042.700
12890	5043.400
13490	5047.500
14142	5049.400
13882	5050.600
12438	5051.900
12174	5052.600
14350	5053.000
14330	5053.900
14794	5054.500
13606	5062.000
12422	5064.100
12926	5064.100
12102	5065.200
14338	5066.800
13430	5067.000
12590	5067.700
12198	5068.000
11986	5069.900
13278	5070.800
13622	5071.300
13534	5071.400
14498	5071.600
14382	5072.600
13226	5073.000
12938	5073.900
13822	5079.100
13726	5079.600
13034	5080.000
13878	5080.800
12122	5081.600
12854	5083.600
13490	5083.700
13626	5084.400
14130	5085.300
14482	5085.900
13394	5087.400
14350	5097.700
12350	5099.500
13470	5100.200
13614	5100.200
14462	5100.200
12114	5101.300
13330	5102.300
14446	5102.500
13146	5105.000
13238	5105.900
13262	5106.700
14018	5108.100
13546	5114.100
12958	5115.500
12882	5117.000
13626	5118.900
14030	5119.200
13758	5119.400
12694	5120.100
12538	5125.600
14746	5131.200
14610	5134.000
13762	5135.500
13802	5136.500
13506	5138.400
14006	5138.600
14758	5146.300
13114	5149.400
13746	5150.400
13394	5151.100
13250	5151.600
13490	5151.700
13046	5161.900
14086	5168.700
12558	5172.800
12666	5174.300
12438	5178.000
12342	5179.800
13414	5180.300
14446	5181.300
13530	5183.400
12518	5183.500
12590	5184.200
12210	5187.100
12978	5188.000
14842	5188.100
13930	5189.800
14026	5189.800
13050	5190.000
13546	5191.500
14674	5191.700
13278	5198.000
13550	5198.500
13654	5198.900
14170	5204.000
14246	5207.000
13490	5208.600
13046	5208.900
12998	5209.100
12634	5216.000
14382	5216.300
12386	5217.200
12226	5218.900
14626	5219.100
13622	5219.600
13778	5220.100
13470	5221.500
13942	5221.500
12786	5222.600
12518	5223.200
12342	5228.500
14678	5230.600
13330	5231.400
14634	5231.600
13474	5233.900
12594	5235.500
13266	5235.600
13966	5235.800
13410	5236.700
14378	5237.800
12290	5245.400
13734	5245.700
13910	5246.200
13178	5247.300
14638	5248.000
13066	5248.700
12718	5249.200
13562	5255.100
13338	5259.700
14350	5260.200
12938	5261.700
13606	5268.800
12858	5269.600
12114	5272.200
12342	5273.500
13322	5273.500
14746	5273.600
14382	5274.200
13998	5275.700
13430	5282.700
14242	5285.400
12666	5287.300
14162	5287.600
14446	5288.000
14378	5289.600
12234	5291.600
14710	5293.300
14458	5298.500
13382	5298.800
13714	5302.900
14422	5306.200
13114	5307.600
13254	5308.500
14766	5310.600
12238	5313.000
14110	5321.300
13126	5323.400
12518	5323.700
13326	5323.900
13046	5326.100
14162	5326.900
12390	5332.200
13746	5338.000
14250	5339.300
12662	5339.500
13930	5339.700
13550	5340.200
14766	5340.400
13050	5340.900
13222	5341.200
12630	5342.200
14678	5342.200
13114	5342.300
12906	5343.000
13490	5343.100
12118	5343.400
13338	5343.400
12618	5344.200
13522	5344.500
12350	5345.000
12966	5346.000
13446	5347.600
14486	5349.500
13394	5350.000
13322	5350.300
14066	5350.600
14330	5353.600
14446	5358.200
12746	5358.600
11974	5358.900
14790	5359.000
13038	5359.700
13546	5359.700
13114	5360.600
12294	5365.500
14194	5369.800
13250	5374.100
13986	5377.400
14562	5377.600
12806	5378.000
12338	5379.100
12998	5380.300
13734	5385.200
12222	5387.200
13354	5391.800
13526	5392.200
14106	5394.000
12398	5394.500
13290	5394.600
14678	5394.600
12558	5395.100
13762	5395.200
12786	5395.400
14406	5398.900
13682	5401.100
12086	5404.800
12194	5406.200
14402	5406.500
13602	5406.700
14378	5407.100
12170	5411.600
12030	5413.800
13878	5414.500
13690	5415.600
13606	5418.200
13490	5418.700
12298	5421.100
12242	5421.700
13126	5424.000
13470	5424.500
12518	5425.600
13734	5425.600
14742	5429.200
14494	5431.100
14694	5432.000
13642	5432.500
14046	5433.300
12314	5436.800
12182	5437.400
13350	5440.500
12222	5441.400
14666	5441.600
13850	5442.100
13046	5442.500
14766	5447.100
12226	5448.900
14142	5451.700
12926	5452.400
13614	5453.200
13490	5454.700
13122	5456.300
12650	5457.200
14538	5457.300
13922	5457.800
12966	5458.700
12938	5459.600
14338	5460.000
13262	5463.300
14446	5463.700
14698	5466.900
12330	5469.800
13394	5471.500
12906	5471.900
14782	5471.900
13346	5483.200
13674	5483.400
12282	5484.700
13046	5491.800
13470	5492.600
13822	5493.900
13246	5496.200
14570	5496.300
14334	5497.800
13018	5501.700
12042	5503.200
13062	5505.300
12542	5506.200
14426	5506.700
13566	5508.300
12426	5508.700
12786	5509.200
14494	5509.800
12554	5510.600
14814	5511.000
12330	5511.100
12398	5511.400
14462	5512.000
12534	5512.100
12226	5512.500
13662	5512.800
12062	5512.900
12634	5524.000
14162	5524.700
13410	5524.900
14378	5525.700
14030	5527.900
13194	5535.700
13490	5536.200
12342	5536.500
13530	5536.800
11974	5537.600
12682	5538.000
12906	5538.600
13614	5541.300
14782	5543.800
12882	5545.200
12350	5546.100
13118	5547.700
12634	5547.800
12754	5548.100
13234	5548.100
12030	5549.700
14026	5554.700
12494	5555.700
14674	5559.700
12630	5560.100
14338	5560.600
14446	5562.000
13558	5566.000
12266	5568.000
13250	5568.800
12290	5570.700
13062	5570.700
13246	5571.600
12838	5576.200
14550	5581.100
14798	5586.100
12174	5587.800
12998	5591.900
13642	5592.100
12574	5592.400
12786	5593.000
13850	5593.000
13878	5593.500
12594	5599.700
14678	5605.800
13046	5606.800
12930	5609.300
13718	5612.800
13414	5618.000
13910	5621.300
12266	5622.000
13630	5622.200
14050	5627.300
12170	5627.400
12598	5627.500
14830	5628.100
12634	5628.400
13490	5631.700
13386	5640.700
14498	5641.500
13626	5642.800
12666	5643.200
14674	5645.200
12298	5645.800
12158	5645.900
13470	5646.400
11978	5647.000
13606	5647.800
13642	5649.600
14678	5655.900
13978	5656.700
13246	5667.200
12926	5667.900
13118	5668.200
12142	5669.700
14066	5678.600
14402	5678.800
14234	5679.000
14610	5679.100
14426	5679.400
13470	5680.300
12266	5681.800
12958	5682.000
14174	5682.000
12682	5682.200
13346	5684.700
13746	5684.800
13266	5688.100
12414	5689.800
13966	5690.100
13642	5691.100
12538	5695.900
13046	5699.100
13978	5701.900
12226	5703.700
13318	5705.100
13994	5708.300
12906	5714.400
13382	5715.700
14298	5716.300
13222	5718.000
14462	5718.000
12614	5719.400
14382	5724.600
12638	5724.900
13114	5726.200
12462	5726.800
13038	5727.000
13398	5728.700
14066	5729.300
13534	5729.600
13046	5732.400
14142	5733.200
14130	5733.300
14674	5733.800
12498	5734.300
13262	5734.700
12786	5739.500
12230	5749.800
13566	5750.100
13906	5753.000
13606	5754.100
14478	5754.300
12662	5762.400
14562	5763.600
13486	5766.200
14662	5767.000
13466	5768.100
12694	5768.300
13246	5769.200
13250	5769.900
12426	5770.700
14746	5772.300
11978	5773.000
14654	5775.800
14034	5778.500
14626	5779.800
13470	5780.000
12422	5780.800
14766	5780.900
12962	5782.300
13490	5782.700
14290	5783.300
13062	5787.300
14214	5791.000
12062	5791.400
12518	5800.700
12906	5801.300
13178	5806.700
13726	5807.800
12418	5807.900
13434	5808.200
12282	5809.700
14066	5809.900
12646	5810.500
13614	5811.800
13046	5813.300
13550	5822.000
14462	5822.000
14634	5822.600
12426	5824.600
12978	5825.400
13262	5825.500
12634	5828.200
12398	5828.300
14498	5828.300
12782	5830.200
12642	5833.500
12042	5835.900
14130	5842.700
12590	5845.200
12614	5845.600
14366	5848.800
14338	5849.000
13658	5852.200
13378	5853.900
12050	5857.500
13614	5857.700
12518	5859.500
13046	5860.200
12214	5861.400
14298	5863.400
12398	5863.600
14402	5864.100
12162	5864.200
12210	5864.200
12806	5864.600
13110	5875.600
12042	5877.500
13946	5878.400
12538	5880.300
14250	5881.100
12838	5884.000
12226	5884.300
13910	5888.300
13050	5891.500
13114	5892.000
13534	5892.500
13490	5892.900
14510	5894.500
14338	5894.700
13346	5895.800
14646	5896.600
14010	5899.600
13290	5900.500
12934	5900.600
12670	5902.400
13046	5905.700
12958	5908.400
13614	5908.400
14626	5908.500
14066	5908.900
14330	5909.100
12258	5909.600
13486	5910.300
12226	5916.400
13154	5917.300
13734	5920.600
13430	5922.700
12014	5926.200
14278	5926.200
13366	5926.900
12518	5927.500
12606	5927.500
12182	5933.500
14298	5935.100
12042	5939.200
13602	5941.900
13822	5941.900
13050	5942.100
14494	5943.400
13326	5952.000
13746	5952.100
12958	5952.200
14086	5953.300
13438	5960.200
14170	5961.200
13118	5965.900
14698	5967.100
12506	5967.200
13418	5967.300
13734	5969.200
12518	5970.200
13394	5972.100
12418	5972.700
12310	5973.100
14418	5973.500
13606	5974.800
13910	5977.400
13614	5980.600
14202	5981.500
12806	5981.800
12226	5982.700
12282	5983.400
12398	5985.600
13878	5985.600
13214	5986.300
14382	5988.000
13410	5995.900
14250	5996.800
13054	5997.500
12742	5997.700
13642	5997.900
12890	6004.400
12906	6006.300
13534	6007.400
12090	6009.100
12646	6010.600
13982	6011.000
14406	6012.200
14678	6013.300
13526	6013.800
14434	6016.900
12466	6017.000
14098	6017.000
12250	6017.200
12738	6024.700
13730	6030.800
13066	6034.100
13194	6038.500
14030	6038.500
13886	6040.200
13346	6041.900
11982	6042.100
13610	6042.400
13326	6042.500
14394	6042.900
13246	6043.500
13690	6046.900
13114	6047.100
13198	6048.300
14294	6049.300
13118	6049.900
12842	6050.400
12326	6055.300
12590	6058.300
12518	6059.100
12602	6059.500
12138	6060.300
14610	6061.100
12042	6065.100
12946	6069.100
12706	6073.900
14498	6075.300
12834	6075.500
13018	6075.500
14150	6076.100
13162	6076.300
14066	6076.500
13194	6076.700
14350	6076.900
12002	6077.700
13214	6079.400
12206	6081.400
13994	6085.400
13642	6088.300
14774	6089.400
13858	6091.500
14350	6094.600
12198	6095.400
12158	6096.700
13242	6101.500
12838	6103.100
14738	6103.700
14426	6104.000
12282	6104.100
14382	6104.800
14418	6105.700
13002	6106.900
13890	6111.000
12434	6112.600
13074	6121.500
14646	6121.800
14390	6123.300
13846	6124.200
14794	6125.200
13490	6126.600
13690	6132.900
14366	6133.000
14274	6134.500
13430	6136.000
14814	6137.500
12846	6140.700
13470	6143.800
12150	6144.900
13642	6150.100
14338	6152.200
12350	6153.400
12134	6154.800
13114	6154.800
13126	6156.600
11974	6156.700
12634	6157.200
13010	6157.800
12666	6158.300
13718	6158.400
14594	6172.600
14798	6173.000
13534	6183.100
13098	6183.700
14678	6184.000
12542	6186.000
13490	6186.100
12730	6186.600
14338	6187.600
13962	6188.400
13430	6189.600
14094	6189.700
12342	6190.200
13194	6190.700
13378	6190.900
14066	6190.900
13034	6199.100
12558	6200.500
12590	6200.800
14318	6201.100
13110	6202.400
12298	6204.300
12430	6205.500
12498	6205.900
12910	6206.000
12594	6208.600
13630	6209.700
14774	6210.800
14538	6213.500
14298	6214.900
12906	6215.000
14250	6216.000
12294	6217.300
12646	6217.400
12378	6217.500
13562	6218.100
14462	6218.700
14418	6220.000
13114	6221.100
13910	6223.000
14362	6223.000
12210	6223.100
14222	6228.000
12842	6229.400
13054	6232.000
14594	6234.800
12998	6235.500
12606	6239.200
12594	6241.300
12430	6242.500
12214	6243.100
12882	6243.100
13434	6243.100
12382	6243.300
13246	6243.600
12330	6251.300
13242	6253.700
13338	6255.800
12422	6256.200
14382	6256.300
14270	6256.900
12310	6257.600
13294	6258.300
12210	6260.800
14030	6263.100
13802	6263.300
13742	6264.300
13318	6264.500
14758	6266.800
13446	6266.900
14054	6270.400
14278	6270.500
12906	6271.200
14494	6273.600
12106	6274.100
12518	6278.100
14790	6281.100
12930	6281.600
13326	6282.600
14086	6284.800
12226	6289.000
13430	6290.200
13246	6291.200
12614	6293.200
13186	6295.100
12214	6295.300
12042	6296.000
14158	6296.700
14298	6296.800
13070	6297.000
12846	6300.000
14638	6302.600
12574	6304.400
14626	6308.100
12138	6311.000
13406	6311.400
13194	6312.500
14658	6316.700
14438	6316.800
14018	6317.000
12694	6318.200
13262	6320.300
12342	6320.800
14358	6326.100
14338	6327.000
13066	6328.500
12646	6332.500
12742	6334.500
12906	6334.900
13238	6335.900
12266	6337.100
12418	6340.200
14378	6341.600
13474	6343.300
12926	6347.700
13206	6348.700
14538	6350.800
12634	6355.400
12114	6357.700
12666	6358.200
12198	6358.400
12790	6358.400
14250	6358.700
13038	6359.100
14742	6365.900
13114	6367.800
12846	6368.800
12806	6369.300
14766	6369.300
12542	6369.900
13470	6370.000
14498	6370.400
13298	6374.400
12222	6374.500
13394	6375.900
13854	6376.200
13322	6376.700
13566	6377.700
12754	6378.100
12978	6384.800
14466	6387.100
14610	6387.500
13490	6393.600
12114	6395.600
13262	6398.100
13626	6401.800
12594	6403.400
14006	6409.400
14050	6411.700
14298	6411.700
12706	6413.900
14774	6414.300
14286	6415.800
14222	6416.400
14494	6416.500
12178	6424.700
12290	6426.600
12546	6427.100
13530	6427.500
14030	6428.000
12590	6429.200
13542	6430.000
12958	6431.000
13418	6432.900
14678	6433.600
12294	6435.400
13046	6444.000
13666	6444.800
13446	6446.000
13894	6456.600
12974	6459.200
13746	6461.900
13250	6469.100
12390	6473.200
14426	6473.600
13818	6473.900
13246	6474.200
12426	6474.500
13822	6478.500
12594	6480.400
14018	6480.400
12210	6485.000
13130	6492.100
14514	6492.700
13922	6493.500
12226	6494.500
12254	6496.200
13190	6496.900
13594	6499.100
14206	6499.600
13686	6501.100
13626	6501.200
14838	6501.200
13470	6504.200
14046	6511.400
14066	6512.000
12462	6512.300
12862	6512.700
12822	6514.200
12174	6517.100
13246	6517.600
12114	6520.700
12426	6521.000
12634	6521.700
12418	6527.000
12694	6532.000
14518	6532.800
14330	6535.800
12718	6536.700
12858	6537.100
12978	6544.400
12594	6544.800
12390	6546.000
13910	6546.400
13474	6547.300
13426	6548.800
13178	6549.400
13558	6549.800
13114	6550.100
12362	6551.800
13490	6551.900
13690	6552.200
13614	6552.400
13630	6554.000
13054	6555.900
14030	6556.700
12806	6559.500
12174	6561.700
12670	6562.600
13194	6565.900
12926	6567.300
13062	6570.400
12834	6571.000
14250	6571.200
12882	6571.300
13378	6571.300
12786	6571.500
14638	6571.500
13118	6571.800
14382	6572.000
14026	6572.200
12282	6573.800
12690	6575.100
13014	6577.100
12862	6586.700
12462	6587.700
13110	6588.800
12574	6589.500
12906	6590.400
12342	6590.800
13626	6591.600
13958	6594.400
12350	6596.000
13446	6604.300
13054	6605.100
12026	6605.800
12174	6606.300
14026	6606.800
12962	6607.400
13682	6607.400
14258	6607.800
14214	6608.100
13726	6608.200
13778	6616.300
14462	6620.800
13122	6621.000
12114	6621.100
12118	6621.500
12222	6621.600
12806	6623.200
13566	6623.200
13322	6627.600
13642	6627.600
14650	6627.800
12018	6627.900
14730	6628.200
12374	6628.300
13822	6628.700
14162	6628.700
12242	6629.000
14290	6629.400
13998	6630.100
13490	6630.700
12278	6634.000
14678	6639.600
14470	6641.600
14330	6642.400
13486	6642.500
13782	6642.700
12618	6642.800
13614	6642.900
13470	6643.600
12774	6643.700
13742	6643.800
13266	6644.000
14638	6646.300
12802	6654.800
13622	6655.600
13542	6660.400
13386	6660.500
12282	6661.700
14606	6663.000
12178	6667.300
13746	6667.400
14054	6667.600
13034	6673.700
13490	6673.800
14678	6674.700
12374	6674.900
13886	6676.100
12978	6676.600
14254	6678.600
12418	6683.400
12614	6689.500
14446	6690.500
14494	6690.700
12330	6691.400
12002	6692.500
13046	6693.100
12226	6701.900
13490	6703.600
12518	6705.000
13878	6705.000
13574	6705.100
12982	6706.100
14030	6706.300
14570	6706.400
13470	6706.900
14158	6707.700
13050	6711.500
12906	6713.100
13666	6714.900
12882	6716.000
14762	6720.700
13534	6721.200
12266	6721.600
13642	6721.800
14138	6722.000
14338	6722.000
13626	6727.500
14170	6729.400
14462	6730.100
13614	6731.800
12418	6732.200
14034	6732.700
12338	6733.900
12634	6733.900
14438	6737.200
12838	6737.700
12062	6738.300
14250	6745.700
12430	6746.600
12018	6752.700
12042	6762.200
13114	6763.100
14514	6763.300
13430	6763.400
12314	6763.600
12290	6763.900
14398	6764.600
14266	6768.500
13138	6772.500
12210	6777.200
12506	6777.300
13470	6779.300
13490	6781.800
13642	6783.100
14802	6786.800
13546	6786.900
13046	6787.400
12618	6789.200
13474	6790.400
12342	6797.200
14498	6797.800
14030	6798.500
13366	6798.700
12838	6798.800
12906	6799.600
14298	6800.400
11986	6802.300
14290	6810.800
14662	6810.800
14766	6810.900
14130	6811.300
13090	6812.400
12418	6814.300
12666	6817.200
12626	6821.300
14026	6827.300
13414	6827.400
12042	6829.700
14494	6830.700
12178	6832.000
13346	6834.100
13386	6834.700
14066	6835.700
13406	6836.100
12266	6837.500
12634	6838.500
13506	6839.900
13038	6843.000
13470	6845.100
13322	6845.200
14478	6845.300
13714	6846.100
13534	6848.500
12050	6848.600
13070	6849.900
12198	6853.800
13114	6858.600
12518	6860.600
12242	6862.100
14234	6862.500
12114	6863.900
12138	6863.900
14142	6864.100
13430	6867.200
13878	6869.200
14550	6869.600
13490	6870.900
12002	6876.200
12162	6876.200
14678	6876.200
12998	6877.500
13850	6879.100
12642	6880.000
13110	6880.700
14102	6881.100
12674	6882.100
12022	6882.800
12230	6882.800
12786	6883.200
14126	6893.400
14294	6894.600
14190	6895.100
12734	6899.000
12390	6899.600
12938	6899.600
13046	6900.800
14338	6901.200
14678	6903.800
14606	6909.600
12618	6911.700
13858	6915.400
12430	6915.600
12350	6916.700
12022	6917.100
13278	6918.000
14790	6919.000
14110	6922.200
14066	6925.100
12418	6931.500
12694	6932.600
12114	6935.100
13470	6937.900
14550	6941.000
12890	6942.800
13714	6944.200
13670	6945.900
12546	6947.600
14018	6948.800
13642	6949.900
13382	6952.900
13422	6953.000
11978	6956.100
12194	6969.200
14678	6970.800
12910	6973.100
14046	6974.000
12122	6975.500
13246	6975.900
13046	6976.500
13250	6978.100
13114	6979.200
12634	6987.000
14018	6989.000
12802	6991.500
13294	6993.200
13430	6993.200
13470	6993.600
12134	6993.800
12154	6994.400
14066	7003.600
13506	7003.900
14250	7004.300
12354	7005.600
12874	7006.800
12966	7009.200
14134	7012.300
13862	7020.400
14518	7022.400
14658	7022.500
12114	7022.800
13250	7023.200
12938	7023.400
14486	7024.900
13054	7026.200
13490	7027.200
14294	7032.900
13606	7036.500
14782	7041.600
13534	7041.800
14538	7042.000
12030	7052.300
12358	7052.300
13422	7056.200
13490	7056.600
13382	7060.800
12422	7064.400
13154	7066.500
13746	7070.000
12518	7070.100
14338	7070.200
13194	7072.800
14298	7074.000
12178	7074.400
13502	7075.400
14406	7075.900
13486	7076.300
12926	7077.000
13246	7086.800
13102	7087.600
13730	7089.000
14398	7092.100
12906	7092.300
13666	7092.600
12646	7092.800
12290	7093.000
14254	7093.200
12874	7094.000
12390	7104.600
13038	7105.900
12198	7107.100
13718	7107.400
12114	7107.700
13046	7108.200
12342	7110.600
12222	7112.600
13270	7121.500
13114	7127.000
14162	7127.900
12670	7128.100
13274	7128.300
14190	7130.600
14246	7132.500
13878	7133.700
14486	7135.700
14250	7136.800
13490	7138.800
13046	7139.200
13710	7143.500
13682	7144.600
14842	7145.400
12090	7147.400
12634	7149.100
13850	7149.400
12926	7149.500
13162	7150.100
12210	7150.400
12254	7150.600
13910	7150.900
14382	7152.400
12842	7153.400
13050	7159.700
14562	7162.000
14406	7164.000
12042	7164.100
13958	7164.900
12118	7165.400
14678	7166.400
12402	7166.800
13650	7167.100
12238	7167.500
13690	7167.500
13962	7169.000
12226	7170.000
12350	7170.200
12234	7171.300
12646	7177.900
13578	7178.800
13186	7185.300
12642	7185.400
12174	7186.700
13626	7190.100
13490	7190.900
13546	7191.000
13354	7192.300
12122	7193.700
12590	7194.400
12998	7199.000
14330	7199.300
12106	7199.700
13310	7201.200
14758	7202.000
13890	7202.100
12290	7204.000
12662	7204.000
12162	7204.300
12282	7204.300
14446	7204.500
14630	7205.800
12534	7207.300
13062	7215.900
12342	7216.300
12838	7216.300
12646	7217.400
14214	7217.400
13434	7217.500
12718	7217.800
12038	7217.900
13470	7218.900
13642	7219.000
14366	7219.600
12238	7219.700
14266	7219.800
13730	7221.500
14838	7221.900
13010	7223.000
14462	7224.400
13318	7231.900
12906	7236.700
13046	7237.900
13194	7238.100
14698	7240.800
13430	7241.300
13734	7241.700
14050	7244.400
12126	7244.600
12282	7244.900
12574	7246.400
14338	7246.900
13446	7248.100
12002	7249.100
14830	7249.300
13562	7257.700
12290	7259.000
13422	7260.100
13470	7262.200
14002	7265.800
13354	7272.100
14510	7272.900
12630	7274.500
12694	7278.300
14494	7278.300
13658	7281.900
12398	7282.400
13822	7282.800
14042	7283.300
13566	7284.600
13090	7285.800
14398	7286.700
12418	7287.500
12690	7289.700
12594	7290.300
12578	7296.800
13610	7302.100
13322	7302.200
14142	7303.300
12958	7303.400
13122	7303.600
13054	7304.300
14838	7305.400
14298	7305.700
12230	7306.400
12238	7306.700
13266	7316.000
13114	7316.500
13282	7317.000
14146	7317.500
14382	7318.300
14794	7318.400
13066	7319.400
14066	7321.300
13566	7322.200
13638	7322.700
13486	7322.900
13910	7325.400
13490	7326.900
13346	7327.200
13258	7328.500
13666	7331.400
13050	7331.500
13978	7333.600
14758	7334.200
14426	7337.100
13550	7338.600
12090	7341.500
12170	7342.000
13162	7342.400
14698	7342.600
12786	7346.100
12342	7346.800
14330	7346.800
14782	7356.700
12926	7358.800
13530	7359.200
12314	7361.100
12646	7361.900
12474	7363.800
14138	7365.900
13010	7367.700
13642	7368.200
13238	7368.400
12322	7368.600
13726	7371.200
13822	7374.600
14030	7378.000
14338	7381.100
12226	7382.800
13534	7384.700
13090	7386.100
13378	7387.500
13690	7387.900
12498	7395.500
12594	7396.200
13318	7398.400
12042	7398.900
12266	7399.200
14282	7403.400
13998	7403.600
13050	7404.900
13546	7405.300
12030	7406.200
13734	7410.300
13534	7411.700
14510	7412.900
12594	7413.100
13490	7415.000
13742	7415.100
12114	7416.600
12254	7416.800
14646	7416.800
14790	7416.800
14294	7417.100
13746	7417.400
13910	7424.500
12806	7424.700
14550	7425.600
12350	7425.900
13262	7427.700
14338	7427.800
13354	7428.400
14462	7428.400
14382	7428.500
14666	7430.000
12374	7432.300
13566	7432.800
13682	7436.100
13994	7436.700
12642	7439.000
13550	7440.400
14402	7443.000
13330	7444.400
13602	7445.000
14046	7446.900
13146	7448.800
13066	7452.400
14130	7452.400
14698	7452.600
12186	7455.000
14018	7458.200
14174	7460.800
12042	7463.700
12906	7464.900
12174	7465.700
14774	7470.200
14142	7474.100
12370	7474.600
14386	7483.900
13242	7485.500
13006	7487.300
13602	7487.900
13718	7488.000
12434	7488.300
12378	7489.000
12546	7489.200
13470	7489.500
13562	7489.800
14698	7490.000
14758	7490.100
12518	7490.800
12210	7491.400
12330	7491.500
14802	7491.900
14250	7492.800
14322	7494.200
12042	7494.300
14046	7495.000
13326	7497.500
12690	7499.100
12958	7503.500
13622	7505.600
13278	7507.300
14086	7507.800
14678	7507.800
13394	7508.700
14606	7509.100
13550	7512.400
12742	7515.800
14382	7520.000
14206	7525.500
13438	7526.800
13822	7527.200
12978	7527.600
14562	7527.600
14690	7527.600
13238	7528.100
14030	7528.600
13298	7529.800
12258	7529.900
14034	7539.600
13890	7541.900
13010	7542.100
12342	7543.000
14462	7543.600
13994	7544.000
14446	7545.200
13090	7547.000
13430	7553.000
14174	7554.300
14426	7560.900
13910	7561.200
14838	7561.200
12170	7561.400
13042	7562.000
12634	7562.400
13290	7562.400
13542	7566.100
12290	7566.900
12962	7576.800
12030	7578.100
13826	7578.700
13066	7579.400
13246	7585.100
12350	7585.600
12618	7586.200
14210	7587.800
13506	7589.800
12498	7590.800
13046	7593.300
13394	7593.800
13742	7598.200
14534	7598.700
13746	7604.500
12426	7605.800
14746	7606.200
13426	7611.400
14330	7612.100
14766	7614.200
12282	7615.200
13734	7616.600
13958	7616.900
13654	7617.100
12938	7622.400
12558	7622.900
12666	7624.000
12266	7625.900
13470	7628.000
13542	7629.200
13674	7630.200
14606	7630.300
14294	7630.700
13014	7631.300
14318	7632.100
13194	7632.400
13606	7633.400
12466	7635.200
14510	7640.300
13430	7640.500
14386	7640.800
13714	7641.200
13994	7641.900
13206	7642.800
14274	7643.000
12546	7643.700
12282	7645.300
12694	7645.600
12430	7648.200
13330	7648.200
13490	7649.700
14650	7660.400
12642	7660.700
13246	7661.700
12186	7662.400
13354	7666.500
14130	7668.000
13886	7676.000
13526	7677.100
12422	7679.100
12930	7679.200
12354	7679.600
14514	7679.800
13298	7681.300
14766	7687.800
13762	7688.700
14566	7690.200
14462	7692.200
12806	7696.200
13486	7698.100
13470	7700.400
14034	7700.800
13246	7701.700
13378	7703.100
12230	7703.300
12206	7705.700
13034	7712.400
14330	7713.700
13406	7715.100
12590	7716.900
13474	7716.900
12566	7717.000
14338	7717.000
12978	7717.700
13490	7718.000
14626	7718.200
14406	7718.400
12630	7719.200
13006	7719.200
14010	7719.200
14678	7719.200
12198	7719.300
12370	7719.300
14086	7724.900
12606	7725.800
12786	7728.000
12934	7729.400
12418	7730.200
12998	7734.700
14718	7738.800
13194	7740.600
12462	7740.800
14746	7744.700
14178	7746.900
13714	7747.200
12426	7756.200
12146	7757.100
13330	7757.100
14834	7757.700
13378	7757.900
12150	7758.000
14842	7758.900
12338	7762.900
12802	7763.300
13794	7764.200
13942	7764.700
13318	7765.200
14130	7766.000
14102	7766.300
13886	7766.600
14774	7769.200
13714	7774.300
13994	7774.600
12694	7777.300
13410	7777.700
13046	7779.400
14338	7779.700
13246	7781.100
13326	7782.700
13614	7783.500
12210	7783.800
13990	7784.100
14250	7785.000
14678	7786.300
13526	7790.400
12062	7794.800
12594	7794.900
14298	7797.100
12634	7797.700
14790	7800.700
12150	7801.400
14246	7802.500
12630	7804.000
14142	7804.300
14642	7804.700
12254	7805.300
13078	7805.900
14330	7806.100
12786	7806.200
14666	7806.500
13566	7809.200
12230	7810.300
12450	7811.500
12114	7813.000
14118	7813.300
14818	7813.400
14814	7813.500
13586	7816.000
13430	7816.900
12934	7817.300
14678	7823.100
12226	7827.300
13642	7827.400
12938	7828.800
13842	7829.100
12722	7832.000
12426	7838.800
12042	7839.600
12830	7841.300
13126	7842.400
13626	7843.600
13246	7845.700
12998	7846.600
14298	7847.500
12842	7847.700
13734	7850.200
13818	7853.600
14646	7857.200
14034	7858.900
13614	7859.400
14114	7859.800
12642	7860.100
12138	7864.100
12950	7865.900
13434	7866.200
14782	7866.500
12670	7867.900
14446	7868.700
13578	7869.400
12646	7869.600
12906	7870.300
14050	7870.600
14298	7870.600
13526	7870.700
13414	7871.600
12018	7876.100
12694	7876.200
14710	7876.300
14510	7878.700
14362	7881.800
13518	7884.900
12838	7886.800
14838	7890.800
12282	7892.100
12666	7892.300
13770	7893.500
12426	7894.600
12594	7895.200
12114	7895.900
12254	7896.000
13194	7900.300
12842	7901.700
13546	7902.500
14338	7902.500
14814	7908.500
13626	7909.000
12334	7909.700
14622	7909.700
13578	7912.000
13886	7913.900
12418	7914.600
14106	7915.100
14518	7915.400
14162	7916.000
13910	7917.700
13606	7920.500
12526	7923.200
12642	7926.200
12906	7926.600
12926	7927.900
13490	7928.500
13530	7929.800
14718	7930.100
13690	7930.300
13310	7930.700
13354	7931.300
12114	7931.400
12342	7931.500
13642	7932.200
13550	7932.400
13046	7933.700
14142	7942.200
13330	7953.100
13910	7954.700
13422	7958.600
13858	7960.200
14426	7960.300
12250	7960.700
12150	7960.800
13470	7961.100
14066	7962.300
13430	7962.400
12114	7964.300
13034	7966.300
14254	7968.300
14366	7969.400
13790	7973.400
14018	7973.900
12230	7979.200
12022	7980.100
12738	7980.300
14086	7981.000
13622	7983.000
12682	7988.200
13178	7990.400
13614	7993.400
12906	7996.300
12018	7997.800
14338	7998.400
13734	7998.500
14422	7998.700
13194	7999.200
12430	8000.000
12786	8002.000
13490	8003.500
12170	8003.700
14770	8004.800
12342	8008.500
13970	8009.100
12330	8010.600
12978	8011.600
14790	8011.600
14142	8012.900
12518	8013.000
12090	8013.700
14318	8014.200
13430	8014.500
12590	8014.600
13606	8026.300
14134	8030.200
14338	8030.500
12926	8031.000
12594	8035.800
13034	8037.300
13246	8037.600
12730	8038.000
14446	8039.600
12574	8044.900
13886	8046.500
12866	8048.100
12210	8048.400
13194	8048.400
13878	8048.600
13490	8048.900
13066	8049.000
13278	8049.100
14674	8049.100
14178	8049.200
13690	8050.100
12554	8059.400
14350	8060.900
14798	8061.100
13734	8062.400
14838	8062.800
12150	8063.300
14298	8063.500
12158	8063.800
13114	8064.000
14498	8064.700
13890	8067.300
13046	8074.300
12422	8075.600
12958	8076.500
13526	8080.000
13726	8080.700
13466	8084.000
12906	8087.000
14086	8090.900
13310	8091.700
14266	8093.300
13470	8095.100
12194	8095.600
13422	8098.500
13654	8098.600
13742	8100.500
14202	8101.300
12154	8101.400
12574	8104.100
14250	8104.500
14538	8112.900
12866	8118.900
12898	8119.300
13790	8119.600
13354	8120.400
14678	8122.300
12594	8122.800
13066	8123.200
14434	8123.500
14006	8123.600
12418	8129.500
13246	8135.500
13282	8136.700
13798	8136.900
13194	8137.600
13878	8138.200
12538	8139.000
12018	8139.300
12998	8141.600
14034	8141.600
14030	8143.000
14382	8143.000
12542	8143.800
13638	8144.800
12958	8155.400
13730	8156.100
12170	8160.400
13114	8160.700
14042	8160.900
12930	8161.300
12042	8168.300
12226	8175.100
14826	8176.100
14518	8178.800
14250	8178.900
14066	8180.200
13910	8181.100
13682	8181.400
13238	8186.600
13490	8192.100
14194	8193.600
14462	8193.700
14338	8194.000
13246	8195.400
14638	8195.700
13542	8195.900
13254	8196.800
13534	8197.400
13470	8197.500
13034	8200.000
13054	8207.900
13726	8208.400
12910	8210.000
14594	8210.600
13626	8211.000
14490	8211.300
13870	8211.400
13642	8214.000
12742	8215.100
13430	8215.600
12614	8217.400
14798	8217.400
14538	8219.900
13994	8228.900
12746	8230.100
14842	8231.100
12158	8231.200
11986	8231.300
13534	8234.400
13606	8234.500
14286	8234.500
12574	8235.000
13322	8235.000
12390	8236.300
14166	8238.500
12634	8242.600
14330	8245.600
12958	8246.100
14086	8247.100
13046	8247.500
12930	8249.800
13394	8250.200
13638	8250.900
12674	8251.500
14154	8252.900
12494	8256.100
12230	8257.100
13310	8257.800
13066	8258.100
12342	8259.200
13090	8259.400
13386	8263.900
14338	8264.100
13346	8266.900
12282	8267.400
12226	8268.300
13606	8269.000
14770	8269.000
12594	8270.200
12090	8270.300
14330	8272.000
14446	8273.200
13838	8273.900
13486	8282.300
14298	8283.000
13822	8284.300
13046	8287.000
13438	8290.000
14454	8290.900
14042	8293.500
12926	8294.600
12170	8296.500
14066	8297.400
14162	8298.400
12778	8298.600
14350	8300.600
12198	8303.900
14226	8304.600
12298	8305.600
14378	8311.500
12574	8312.600
12646	8313.900
12622	8321.300
14658	8323.900
12110	8324.300
14166	8325.800
13242	8327.100
13746	8328.300
13322	8331.200
12902	8336.900
12806	8340.100
13206	8340.400
13606	8342.000
13490	8346.200
14290	8348.500
13254	8349.500
13006	8350.800
14742	8351.500
13122	8351.800
13470	8351.900
12046	8359.900
13046	8363.000
14766	8363.600
11978	8363.800
12574	8364.700
13214	8364.900
13274	8370.600
12210	8371.200
13670	8371.200
14266	8371.500
13882	8371.600
13594	8371.900
12370	8372.100
14338	8379.500
13850	8379.800
13822	8382.200
14606	8383.400
12390	8385.700
13546	8387.400
14646	8388.600
12874	8392.000
13262	8392.900
12018	8393.100
12614	8393.200
13002	8393.200
14350	8395.200
12426	8396.100
12242	8397.600
13654	8398.400
13926	8398.700
11986	8399.600
13194	8406.900
12642	8407.200
14086	8407.400
13282	8408.300
13330	8409.500
13662	8409.700
12654	8409.800
13246	8412.200
13354	8412.900
12846	8413.600
14842	8414.200
13794	8417.700
13718	8420.800
13742	8421.100
12882	8421.500
13122	8421.900
12042	8422.000
14398	8426.200
12518	8427.200
14338	8427.200
12594	8427.500
12926	8428.700
13550	8430.100
14514	8432.800
13182	8433.300
13490	8439.600
12254	8442.600
13430	8445.500
13470	8445.700
13114	8446.900
13734	8447.100
12906	8447.200
13474	8447.200
12930	8447.300
12890	8447.500
14250	8447.600
13910	8448.400
12634	8448.500
13246	8448.800
14162	8458.400
13850	8461.700
13790	8463.300
13622	8467.400
12554	8467.700
12266	8470.300
13034	8473.700
12518	8483.000
12594	8484.100
13010	8484.700
12210	8485.500
12334	8485.600
12142	8486.100
12326	8487.000
13038	8487.700
12866	8489.200
13246	8492.300
14206	8493.300
12426	8494.300
14834	8498.400
13842	8505.300
14790	8505.900
14658	8507.000
13878	8508.300
13814	8508.800
12334	8516.500
11974	8518.500
13278	8518.700
14742	8519.100
12726	8520.300
13306	8522.500
12634	8525.400
12014	8530.000
14318	8530.400
14294	8536.900
13226	8543.000
12226	8544.500
14478	8544.500
14298	8545.400
14518	8545.500
12934	8545.800
13878	8547.000
13606	8548.200
14006	8549.300
14702	8549.700
13622	8560.200
14338	8562.700
13090	8563.000
12254	8563.400
13994	8563.500
12210	8571.400
13326	8575.600
13054	8576.900
12934	8580.000
14046	8582.700
12186	8584.000
14138	8584.700
12538	8584.900
12634	8585.000
12858	8585.100
13910	8588.300
13006	8589.300
12594	8595.300
13394	8596.600
12586	8596.700
14162	8596.800
14290	8597.100
13962	8597.200
13606	8597.300
12642	8597.400
14794	8597.700
13690	8597.900
13426	8599.200
12610	8604.100
13946	8606.200
13490	8606.300
13090	8607.500
13526	8607.600
14338	8608.200
12630	8608.400
14674	8608.600
13066	8610.000
13762	8614.800
13054	8615.000
13734	8618.000
14406	8618.700
12602	8627.500
14022	8629.300
14382	8629.400
14678	8630.800
13114	8634.000
13074	8634.700
13546	8636.800
12198	8642.000
13734	8643.300
14802	8646.200
14666	8649.800
13878	8649.900
14462	8650.000
12882	8650.900
13246	8651.300
12534	8653.800
13490	8654.100
12226	8655.800
12978	8659.400
14498	8662.200
14446	8663.000
12930	8664.100
12342	8669.100
12282	8673.700
13546	8674.500
12998	8676.500
14838	8678.300
13246	8681.200
12266	8682.700
13386	8683.000
13258	8683.800
13282	8686.600
13326	8689.200
13550	8691.200
14002	8698.400
14838	8698.900
13490	8699.100
13606	8699.900
13626	8700.100
14678	8701.000
12634	8701.400
14142	8703.500
14482	8706.900
12230	8708.000
14646	8708.500
12378	8709.300
12906	8712.900
13394	8713.200
13378	8713.600
12978	8714.000
14626	8714.600
14166	8716.800
12022	8716.900
13642	8717.300
13822	8720.300
13850	8723.000
14554	8723.200
12674	8726.600
13958	8735.100
14378	8736.200
13966	8736.800
13734	8737.500
14766	8737.600
14566	8738.100
13182	8738.800
12422	8739.900
13818	8744.000
12330	8745.100
14382	8750.500
13490	8754.800
14462	8755.300
14118	8755.600
12342	8756.100
14078	8757.000
12042	8758.500
13246	8758.900
13878	8759.700
13114	8762.200
14290	8762.300
13414	8762.600
12642	8763.000
12606	8763.100
14674	8765.000
14162	8766.700
12966	8767.800
14086	8774.200
13006	8775.100
14774	8775.500
14330	8778.000
14782	8782.900
14026	8789.200
13194	8792.500
13486	8792.700
12558	8794.300
14030	8795.700
13066	8795.800
12170	8799.400
13354	8801.000
13566	8802.800
13822	8803.300
14842	8804.900
13010	8808.600
12226	8809.500
11986	8810.100
13470	8810.400
12162	8810.600
12390	8813.000
12254	8817.500
12114	8817.800
14314	8818.000
14646	8819.200
13546	8819.300
13250	8820.300
12462	8820.600
12314	8822.700
14382	8822.700
14398	8823.300
13446	8824.000
14066	8824.400
13246	8824.900
12670	8831.000
12694	8833.200
13046	8833.800
12226	8835.600
13726	8838.900
14730	8840.900
12162	8842.200
14462	8843.300
13966	8845.800
12834	8846.800
12566	8850.300
14794	8855.000
13642	8858.500
12682	8859.100
12890	8859.200
13066	8859.300
12846	8859.700
12178	8861.300
14546	8873.700
14830	8877.400
13530	8878.500
14030	8879.600
13910	8880.200
12562	8880.500
13490	8884.100
14406	8886.300
14386	8886.800
13246	8887.600
12634	8888.000
12426	8889.900
14162	8890.300
13298	8892.100
13046	8892.700
12210	8893.100
12254	8893.800
12378	8896.500
14658	8898.900
13246	8908.100
12490	8909.400
12266	8911.000
12422	8911.000
12426	8912.400
12926	8912.400
12598	8916.700
12174	8918.700
13490	8920.300
14522	8921.900
13910	8922.100
13638	8922.400
12518	8922.500
12634	8922.600
13654	8922.900
14742	8923.200
14086	8923.600
13262	8927.300
13114	8927.800
12766	8928.900
13534	8930.900
14222	8933.600
13742	8933.800
12322	8940.100
14362	8940.300
13394	8940.600
14030	8941.400
13734	8943.500
12906	8948.000
12282	8950.400
13682	8952.100
12730	8952.200
12346	8952.800
13242	8953.400
13718	8954.000
14798	8954.300
12174	8954.800
12370	8956.200
14330	8956.900
13414	8961.000
13782	8961.100
14006	8962.100
14366	8963.500
13110	8966.900
12614	8968.500
13278	8970.300
13126	8974.900
12574	8976.900
12418	8977.400
14338	8977.900
12406	8978.200
13006	8982.600
12594	8983.300
13838	8984.200
12342	8987.000
12390	8987.800
12254	8993.100
14462	8993.500
13046	8994.100
13606	8998.000
12934	8998.400
14490	9000.400
12002	9001.800
13138	9004.100
13762	9008.300
13098	9008.500
12958	9009.100
14402	9009.400
14086	9010.300
12330	9013.300
13630	9013.400
12090	9014.100
13746	9015.900
13330	9016.000
13470	9017.900
12838	9021.700
14066	9024.100
14514	9031.100
12022	9031.500
14142	9033.200
12926	9033.700
14446	9033.900
12278	9034.500
14162	9034.500
13654	9034.900
13326	9036.100
12690	9037.100
14206	9037.100
13466	9037.900
13894	9046.100
14678	9052.400
14138	9052.700
13538	9053.200
14382	9054.700
14018	9058.100
13194	9065.800
12634	9066.700
13130	9066.800
13182	9068.200
14034	9068.600
14730	9069.200
13046	9069.700
12438	9070.700
13126	9071.300
12470	9072.000
12170	9076.100
14066	9076.800
12158	9078.800
12806	9080.100
12030	9082.100
13506	9084.800
12902	9085.900
12122	9094.600
12858	9094.700
13606	9095.000
13594	9095.800
13822	9095.800
13878	9098.600
12594	9099.800
14250	9107.600
14038	9109.900
14402	9110.800
14434	9112.000
12198	9112.200
12506	9112.200
14446	9112.600
13046	9118.400
12162	9119.200
13546	9120.000
12114	9121.800
14086	9124.500
13606	9128.400
12430	9130.000
13978	9131.700
12950	9132.300
14626	9132.400
13422	9132.600
14686	9133.400
13290	9133.500
13490	9134.800
13110	9147.100
12694	9149.800
13734	9151.800
12998	9152.500
12886	9154.000
13430	9156.300
12230	9157.500
12938	9158.700
14802	9163.800
13614	9165.600
13066	9168.900
12350	9169.900
12682	9169.900
13486	9170.900
12198	9176.200
13626	9179.600
12610	9180.300
14606	9180.600
12390	9180.800
14034	9181.200
14186	9181.900
14514	9182.200
13482	9185.500
12958	9186.800
14758	9187.100
13906	9189.700
13746	9191.800
13246	9194.000
12618	9196.000
13486	9197.000
12906	9200.700
13658	9201.200
12014	9202.500
14198	9202.700
13546	9202.800
13822	9203.000
13034	9206.100
14486	9209.100
13122	9210.200
14650	9210.500
13730	9210.600
12838	9215.700
12114	9215.800
12226	9216.000
12158	9216.300
14042	9216.500
11986	9216.800
14142	9217.000
14066	9217.500
13626	9220.400
12102	9222.300
13470	9223.100
12874	9225.000
13566	9226.200
12250	9228.200
13046	9228.700
12098	9229.000
12090	9229.500
14378	9231.600
14002	9234.800
14382	9235.200
13330	9236.200
13262	9240.700
14758	9242.000
14018	9242.300
12398	9243.900
11978	9244.800
13658	9246.800
13718	9247.100
12694	9248.300
13746	9250.000
13382	9257.000
13430	9259.900
12310	9262.900
14266	9263.400
14546	9270.100
13282	9271.100
14682	9271.300
12646	9272.300
12174	9273.400
14122	9273.700
12294	9274.900
13046	9282.300
14142	9286.500
13966	9287.100
14298	9288.600
14822	9288.600
12634	9288.900
12270	9289.000
12886	9291.000
12290	9292.400
13470	9292.700
12614	9294.400
12018	9295.700
14674	9299.800
12742	9301.800
14562	9310.200
13246	9311.100
13358	9315.300
13422	9318.700
12002	9320.100
12998	9322.000
14366	9322.300
12978	9323.800
13822	9332.500
13246	9338.100
13434	9343.300
13130	9346.200
12114	9346.700
14278	9347.000
12906	9347.100
14742	9348.300
14834	9351.500
13994	9352.200
13470	9355.200
13958	9355.800
14338	9358.400
12546	9358.900
11986	9360.900
14574	9362.500
13578	9363.500
13638	9368.700
14470	9370.200
13526	9371.100
13386	9375.800
14550	9376.800
12906	9378.800
12026	9380.100
14086	9389.200
13046	9391.300
14338	9391.300
13742	9391.400
13626	9391.900
12866	9392.900
14298	9394.000
12038	9395.600
13470	9396.000
14498	9396.800
14538	9397.200
13790	9400.000
12178	9400.800
13262	9401.900
13002	9402.700
12018	9402.900
14438	9407.200
12306	9407.500
12322	9410.100
12210	9412.100
13394	9413.600
12742	9414.800
12574	9414.900
13746	9417.500
12910	9420.000
13054	9422.400
13490	9426.600
13526	9427.700
14350	9429.700
12430	9429.800
12906	9435.300
12118	9436.600
14378	9443.300
13318	9444.100
14102	9444.900
13046	9446.000
14186	9446.200
13822	9446.400
14138	9450.500
13038	9451.000
14438	9451.900
14250	9452.400
14366	9452.900
13490	9454.200
12222	9458.100
13918	9458.300
14446	9458.900
14486	9460.600
12302	9466.400
13978	9466.400
12690	9467.000
13246	9467.500
13734	9468.800
13386	9469.400
12534	9469.700
13430	9470.800
12998	9478.500
14298	9486.300
13646	9487.100
13334	9488.200
13674	9488.300
13066	9490.000
14582	9496.100
13546	9497.500
12314	9497.800
13250	9498.700
13910	9499.900
14482	9500.300
14206	9500.700
12666	9501.400
12290	9505.000
13326	9509.300
13490	9509.700
13186	9509.900
13626	9510.500
14298	9512.000
13118	9512.200
13194	9512.300
13378	9512.800
12978	9513.200
13606	9515.500
12018	9516.000
12318	9516.200
12882	9516.800
13666	9522.100
14446	9522.800
13730	9522.900
13610	9526.200
12046	9527.100
14042	9533.400
13822	9536.300
12694	9536.800
13354	9536.900
12646	9538.800
14406	9539.600
14038	9539.900
13046	9540.400
13614	9540.500
12594	9541.200
13850	9541.400
13654	9544.200
14678	9549.700
14646	9551.100
14086	9555.700
13430	9558.600
12634	9559.500
14278	9561.000
14834	9562.900
13734	9569.100
14382	9570.200
12734	9573.000
13994	9573.200
14498	9573.200
12090	9574.400
13978	9575.800
13426	9577.100
13490	9582.400
14774	9584.100
14662	9585.500
13890	9587.400
13730	9587.500
13606	9589.300
14294	9592.500
13310	9602.400
12330	9605.200
14590	9610.600
13230	9616.100
12226	9616.800
12518	9617.200
14446	9624.200
14478	9624.700
13246	9627.800
12198	9629.700
14498	9631.200
13838	9631.500
14538	9631.900
13490	9632.600
12282	9641.700
13578	9641.900
12438	9643.100
12622	9654.900
13122	9655.200
13326	9655.200
13074	9655.400
14378	9655.600
13426	9655.700
13430	9656.000
12114	9660.400
12706	9660.400
12386	9661.900
13734	9662.500
14130	9664.600
13674	9666.600
12614	9667.500
13990	9668.400
12166	9670.800
13102	9671.400
12634	9673.500
12874	9677.700
13922	9680.600
12290	9680.900
14058	9681.300
13486	9682.500
14730	9683.000
12178	9683.600
13118	9684.600
13302	9684.700
14406	9684.800
14658	9685.300
14518	9686.900
12958	9690.500
12846	9690.600
12930	9691.800
14014	9692.900
12574	9694.000
12426	9694.400
12226	9694.900
13958	9696.000
13746	9696.900
12342	9697.600
13122	9698.000
14294	9698.100
13434	9698.300
12986	9699.600
14758	9701.000
12602	9701.200
14346	9701.500
13818	9702.300
11986	9704.300
14310	9705.800
12682	9706.800
13922	9710.600
13626	9716.400
14474	9716.800
12790	9719.100
12926	9720.200
13530	9720.900
13246	9721.700
13490	9722.000
14770	9723.500
13230	9726.800
13010	9727.200
12934	9730.500
13486	9730.800
12410	9731.400
12930	9734.300
14234	9735.900
14678	9737.100
12798	9737.200
12018	9747.400
13978	9748.100
12122	9749.500
12426	9751.700
12634	9751.900
13502	9752.500
12510	9752.600
12998	9752.700
14462	9758.900
14038	9762.400
13910	9762.800
13526	9763.200
14130	9764.100
13342	9764.500
13102	9765.100
13726	9766.800
14118	9768.200
13194	9770.700
14366	9773.100
12042	9777.000
14290	9782.300
12834	9783.100
12926	9783.300
12342	9783.600
13746	9783.800
14066	9784.000
13338	9784.200
13046	9784.800
14498	9786.000
13626	9787.700
13762	9789.000
13878	9795.800
12014	9798.700
13122	9799.200
13118	9800.000
13330	9800.700
11974	9801.200
12194	9802.000
13978	9805.300
14622	9808.400
12114	9809.800
12670	9810.400
12174	9810.900
12430	9812.500
13430	9812.900
14694	9814.700
13614	9815.900
13298	9816.100
12206	9816.200
14066	9831.900
12182	9832.900
14458	9834.600
13886	9837.600
14842	9837.900
13354	9838.800
12766	9841.500
13470	9843.300
12210	9843.700
13114	9848.200
14162	9848.300
14078	9850.500
13490	9852.700
13998	9852.800
12666	9855.200
13194	9855.500
12834	9855.700
14638	9856.800
13058	9860.400
13910	9862.000
13226	9865.900
14066	9867.700
12390	9869.400
13186	9869.700
12298	9873.000
12218	9873.300
13274	9873.800
13794	9877.500
14338	9878.300
13546	9880.000
14638	9881.300
13110	9884.700
13166	9889.900
14794	9891.700
12590	9893.300
12814	9901.500
12610	9901.600
14494	9902.400
12198	9906.500
14030	9910.700
12494	9911.700
12594	9912.100
13470	9914.400
14830	9915.600
13622	9918.700
14742	9919.000
13194	9919.200
14682	9919.700
12786	9920.500
12334	9923.200
13046	9925.300
12174	9926.200
14250	9931.600
12546	9931.900
12606	9933.900
12170	9934.700
12690	9935.700
13746	9936.200
14330	9936.900
12906	9942.200
14266	9942.200
12222	9949.300
13078	9949.900
13490	9952.600
13414	9954.200
12214	9955.800
13186	9956.900
12634	9958.100
12350	9963.600
13682	9966.200
13282	9971.900
14086	9971.900
13854	9972.600
13430	9976.100
14242	9976.300
13486	9976.400
12866	9980.500
14046	9982.600
14498	9982.700
11974	9986.200
14234	9986.700
14142	9987.800
12746	9988.100
14610	9989.000
13566	9989.900
13214	9990.200
12290	9999.700
14638	10004.500
13326	10005.400
13378	10005.500
14678	10009.200
14290	10012.000
13194	10013.400
13122	10015.800
13798	10017.600
12806	10021.600
14646	10022.400
12390	10023.400
12594	10023.800
13890	10024.200
13030	10028.000
13178	10028.300
13394	10033.800
12326	10033.900
12130	10034.500
13490	10035.200
14338	10038.100
12246	10038.500
12518	10039.300
13282	10041.900
12866	10042.500
12634	10046.900
12250	10054.500
13310	10058.000
14426	10058.400
13398	10058.600
12222	10060.200
13422	10060.300
12906	10062.100
12594	10062.200
12338	10062.300
13034	10066.200
12898	10071.800
13298	10073.100
14782	10073.300
13122	10074.000
13010	10074.100
14698	10074.200
14774	10074.200
13798	10076.300
12158	10076.500
14498	10076.600
13246	10078.700
13734	10083.000
13050	10091.300
12426	10091.700
12558	10091.900
12302	10093.300
14294	10094.600
12722	10095.000
13490	10095.500
12342	10096.500
13742	10108.300
12822	10108.500
12966	10109.300
12570	10110.400
12854	10110.400
13878	10110.800
13958	10110.800
12806	10110.900
14762	10110.900
14162	10111.000
13430	10111.100
12210	10111.400
14250	10119.800
13378	10124.000
12298	10124.500
14130	10125.600
13354	10125.900
12254	10126.800
12538	10127.300
14254	10127.400
13046	10128.300
13394	10128.600
12930	10132.000
12926	10133.200
14498	10135.700
13626	10137.500
13066	10138.900
12286	10140.700
14338	10142.000
14462	10142.300
12370	10142.400
13350	10143.100
13118	10145.600
12462	10146.300
12906	10147.400
14006	10153.600
14066	10160.300
14742	10161.400
14630	10161.800
13110	10163.700
12214	10165.900
13486	10178.000
14338	10181.200
13430	10182.200
14538	10182.400
13914	10182.800
14214	10183.800
12646	10184.000
13246	10184.800
11986	10185.400
13742	10190.400
14378	10194.000
12342	10194.400
13614	10195.500
13586	10196.200
13594	10196.200
13670	10196.300
13682	10196.400
12222	10197.000
12846	10197.400
14658	10197.500
12518	10197.700
13574	10198.200
12498	10198.500
14494	10200.000
13430	10206.200
14698	10212.500
12238	10216.800
12682	10217.500
13714	10217.500
13734	10218.300
12418	10218.500
14842	10219.100
12314	10219.700
14050	10229.900
14018	10230.500
14382	10231.600
13118	10233.400
14826	10233.400
14190	10235.000
14338	10235.800
12198	10236.100
13346	10236.100
12802	10238.600
12790	10240.900
12838	10241.000
13578	10243.900
12426	10245.000
14638	10249.100
14330	10249.500
14234	10250.300
13402	10252.700
12050	10254.300
12594	10254.400
14042	10254.600
12926	10257.000
13746	10257.400
13822	10264.400
14698	10264.600
12062	10266.700
13734	10267.400
12590	10267.700
13566	10268.000
13942	10268.200
13054	10268.500
12298	10268.700
14834	10268.700
12222	10269.300
13118	10270.000
12974	10272.300
13546	10280.000
13910	10282.300
12042	10282.600
14178	10284.400
14366	10288.300
13278	10288.500
12838	10290.200
13638	10292.600
14298	10295.800
14454	10299.700
14594	10307.900
13262	10308.500
14294	10310.500
13798	10310.700
12374	10311.300
13382	10311.400
13850	10311.700
12974	10311.900
13186	10318.300
13102	10321.500
14606	10322.800
14546	10326.600
13534	10326.700
13690	10326.800
12594	10327.800
14250	10328.200
12938	10328.300
13826	10328.500
14118	10328.600
13790	10333.700
12010	10335.300
12226	10337.900
12166	10338.200
12014	10346.200
14366	10346.900
13662	10347.100
14746	10347.400
13410	10347.600
12634	10348.000
14790	10348.300
12642	10348.900
12430	10349.600
13434	10350.100
12974	10351.800
13918	10352.800
12666	10353.200
12482	10357.100
14766	10357.200
14802	10357.300
13422	10358.200
13734	10359.400
12806	10359.700
12846	10361.100
13070	10361.700
14678	10361.700
13330	10362.300
13906	10365.000
13446	10365.900
14434	10367.400
12342	10367.800
14842	10368.000
12854	10370.700
13838	10373.400
13114	10378.500
12790	10378.600
12250	10378.900
13682	10380.200
12498	10380.400
14294	10381.400
14210	10382.300
14042	10383.000
14418	10383.000
14130	10383.700
13618	10388.100
12874	10389.100
12898	10391.000
14206	10395.100
12326	10397.300
14678	10404.000
13246	10405.300
14426	10405.400
13054	10408.400
14018	10410.900
14086	10413.700
12706	10414.700
13626	10415.800
12426	10416.300
13814	10417.800
12978	10418.400
12134	10419.000
12418	10420.900
12086	10421.700
13194	10422.000
13622	10422.100
14638	10425.000
12354	10426.000
12142	10432.400
12498	10436.100
13354	10436.800
13438	10437.400
14330	10437.900
13010	10438.900
12342	10439.000
13798	10439.200
13674	10440.800
13430	10444.400
14514	10445.100
12530	10446.100
13654	10446.800
13926	10447.100
14350	10448.400
13734	10449.000
13870	10450.500
14246	10451.700
12594	10453.800
12926	10454.500
12242	10454.600
14138	10456.500
14834	10456.700
14666	10458.400
14674	10461.000
13882	10461.600
14066	10461.800
13606	10461.900
13486	10462.200
13054	10464.300
12806	10466.300
14446	10472.500
12282	10476.400
12834	10476.700
13850	10476.700
13674	10477.000
13862	10477.000
12174	10477.200
13298	10480.400
13118	10480.900
14270	10487.000
14678	10492.200
13046	10492.300
13734	10492.300
14010	10493.000
14434	10493.000
12786	10493.400
14330	10493.500
13070	10494.100
14206	10499.700
13626	10499.900
