# NEST version: 3.9.0-post0.dev0
# RecordingBackendASCII version: 2
sender	time_ms
12453	502.600
14341	502.600
13613	503.900
13709	504.000
12737	504.200
12905	504.800
13797	504.800
12877	504.900
13769	504.900
13857	504.900
14385	505.400
13089	505.600
12657	513.700
13401	515.500
13081	516.100
12221	517.300
14673	517.900
14473	518.500
12081	519.500
12969	520.100
13737	521.600
14737	522.400
13793	522.700
11989	524.200
14773	524.600
14505	525.500
13229	526.000
13069	541.300
14269	541.600
13105	542.000
13645	542.400
12421	545.900
14177	545.900
14617	546.000
12585	549.400
14301	553.100
13413	554.900
14093	555.200
12109	557.300
14049	557.500
12657	557.600
14545	558.100
14485	558.800
13533	559.100
13853	559.300
13561	562.000
14805	570.400
13045	571.500
14777	573.500
13601	573.800
13361	573.900
13121	574.200
13557	574.300
13305	574.600
14129	574.700
12333	574.900
12769	575.700
13089	575.700
14845	576.500
12821	576.700
13729	576.900
13857	585.000
12349	585.100
13613	590.000
12729	591.700
11989	593.900
12229	594.200
14817	594.700
12389	595.600
14721	595.700
12349	599.100
14833	599.100
14429	607.200
14125	607.900
12365	610.200
12409	610.500
12961	610.500
13117	610.700
13453	619.600
12137	622.600
13801	624.700
12045	625.200
14469	627.500
12769	628.400
12789	628.800
12005	630.100
12721	631.600
14413	635.300
14749	638.100
12245	638.600
14525	640.000
11989	640.200
14365	640.800
13225	643.400
12129	645.700
13077	647.100
13429	651.800
13781	651.800
14545	653.800
14509	660.400
13793	660.900
13509	661.500
14001	664.700
12389	665.000
13901	668.800
13557	669.000
14673	669.000
13661	670.700
14269	670.900
12017	671.200
13001	671.500
12441	671.800
13533	672.200
14069	672.200
12321	672.400
14417	678.800
12173	679.500
13709	681.400
14773	685.600
14717	686.500
12669	687.000
14049	687.700
14617	688.100
12537	688.500
12245	688.600
13013	688.800
12697	689.200
13229	689.800
13593	690.500
13493	698.800
13533	699.200
12453	699.700
13789	703.200
14313	704.100
14565	708.700
14365	711.100
12293	711.600
13509	711.800
13857	714.500
14113	714.600
14265	717.700
12149	718.400
13433	721.000
13413	721.800
14461	721.900
13713	722.300
13429	722.900
14505	723.000
12341	723.800
12221	723.900
14709	724.200
12233	725.500
13921	725.800
13561	726.200
14545	726.800
13285	728.100
12121	729.000
12137	737.100
12185	739.900
12153	740.300
14653	740.700
14721	741.700
12173	741.900
13513	742.000
14081	742.700
13413	749.100
12581	750.800
12961	756.700
14717	760.800
14845	761.700
14741	778.800
12993	780.400
13089	783.200
13557	785.300
13853	786.800
14101	793.600
12233	793.900
12429	795.000
13685	795.000
14337	795.100
13681	795.200
14289	795.600
14773	796.500
12265	796.800
12493	796.900
13021	800.500
14721	802.800
14517	806.100
14041	806.800
14781	810.500
14693	811.500
12141	811.600
14709	811.700
14257	812.500
14413	812.900
14825	813.000
13709	817.200
13469	819.300
11993	820.900
13457	824.400
13429	824.600
13029	825.600
13001	827.300
14317	829.100
12309	830.900
13857	831.500
14721	832.000
13557	832.300
13229	833.700
13361	837.900
13381	838.300
14493	840.700
12453	846.300
13601	846.300
13533	846.400
12541	847.300
13045	847.600
13773	847.700
12861	849.500
13541	849.600
13449	849.800
12545	850.900
12137	851.800
14677	852.800
13765	854.600
12421	859.600
13649	860.800
14693	861.100
12121	861.700
12657	864.400
13653	865.300
13661	872.000
12221	874.000
14525	874.600
13533	877.200
13001	879.800
13561	880.900
13989	881.200
14505	882.200
14069	883.500
13557	883.600
12389	884.800
14845	886.200
12321	886.300
14705	886.300
13489	886.500
13365	889.000
14365	894.900
14113	895.600
12905	898.100
14309	898.500
13761	900.800
12245	901.700
14653	902.200
13985	904.400
13021	904.600
12557	906.100
14305	907.300
14661	908.600
11989	910.500
12121	910.500
14321	914.200
13417	915.000
12229	921.100
14669	927.400
12221	931.500
12597	931.600
13749	931.700
14561	932.300
12437	932.800
13861	932.800
14269	932.800
14385	933.400
13069	938.100
14193	938.400
13121	939.000
13269	940.000
12377	940.400
13361	940.900
12381	941.100
13685	941.100
12277	941.200
13089	942.000
11989	944.600
14673	944.600
13681	944.700
13013	946.400
12693	955.700
14845	956.200
12185	958.900
12725	959.600
12581	959.800
12285	960.200
12425	960.200
14561	960.200
12257	960.400
12077	960.500
14513	960.500
12773	960.800
12869	961.200
14701	961.200
13857	962.400
12309	967.000
13641	974.600
14485	974.600
12173	976.200
13101	976.700
14109	977.600
14025	977.900
13869	978.100
12873	978.400
14629	978.400
13393	978.600
11993	979.900
13509	980.000
12389	980.100
13285	980.200
12017	985.100
12137	986.400
12845	989.500
14277	989.600
14093	989.900
14517	990.600
13477	992.300
13561	992.600
13617	993.200
12877	994.000
12245	994.200
12749	994.700
12461	994.800
13233	996.200
14509	1001.000
13653	1001.700
13489	1002.000
14505	1003.600
13549	1006.900
14777	1007.100
13601	1008.100
14525	1009.400
14053	1010.400
14301	1010.400
14177	1010.500
14817	1010.600
13789	1010.700
14721	1021.800
13865	1022.600
13725	1025.600
12001	1025.700
14049	1025.800
14545	1027.100
11993	1027.200
13113	1027.200
13641	1027.400
12173	1028.100
14693	1028.700
12249	1039.700
13709	1041.200
14709	1041.600
12921	1041.700
12993	1042.000
14773	1043.100
12637	1044.200
12317	1045.100
13089	1045.100
14001	1045.200
14309	1045.200
13441	1045.300
13453	1048.400
14437	1049.200
12693	1053.200
14653	1053.300
13613	1054.000
13113	1056.300
11981	1056.600
12229	1060.100
12773	1063.500
13397	1064.300
12037	1064.500
13045	1064.600
13865	1065.400
14069	1066.000
11977	1069.600
13965	1070.200
13513	1072.600
13321	1075.500
13013	1079.400
14677	1080.400
12441	1081.500
14721	1081.700
13957	1083.200
14777	1083.200
12949	1083.300
12937	1083.700
13297	1084.600
14081	1086.700
12993	1087.300
14845	1088.200
12281	1089.700
12905	1093.400
14149	1094.000
13061	1094.200
14621	1094.600
14509	1095.000
14525	1097.500
12245	1099.200
14493	1104.600
12057	1106.500
12637	1108.400
14241	1108.800
12405	1112.500
14105	1115.700
12389	1118.400
13433	1119.800
13593	1122.000
13561	1122.900
12017	1126.800
14545	1127.300
12657	1128.400
13965	1129.300
12737	1130.200
12525	1130.900
13029	1133.300
13429	1135.300
12437	1136.500
12785	1140.200
13025	1142.000
12589	1144.000
13857	1144.300
13305	1146.300
12633	1155.600
14737	1157.700
12081	1159.000
13473	1160.300
13269	1161.800
12865	1162.400
12197	1164.300
13089	1164.500
13461	1169.800
14545	1169.900
13429	1171.200
12333	1173.100
14385	1174.800
14845	1175.300
12317	1177.300
12629	1177.400
12777	1177.500
14709	1177.700
13493	1178.700
13837	1179.200
13861	1179.200
13501	1179.600
13065	1179.700
12609	1180.300
12673	1184.200
13045	1185.000
14565	1186.100
12421	1187.800
12753	1189.100
13141	1190.900
13601	1190.900
13433	1193.400
13625	1195.300
12057	1195.700
13901	1196.000
14105	1197.800
13365	1203.600
13613	1204.900
14661	1205.500
13485	1206.100
12529	1206.800
14397	1207.500
12865	1212.500
14513	1213.200
12961	1213.500
12545	1214.400
13229	1214.500
14689	1215.000
14237	1215.100
13165	1215.200
12657	1215.300
14069	1215.400
12277	1222.000
12141	1225.400
13213	1226.000
12281	1226.500
12081	1227.200
12585	1228.100
12869	1229.100
12365	1231.100
13701	1231.800
14341	1234.600
12609	1234.800
13045	1236.000
12453	1236.300
14269	1238.400
13029	1238.800
14781	1241.400
14385	1243.900
13613	1244.700
12221	1245.600
12041	1246.100
13629	1246.100
13621	1246.500
12777	1249.000
13725	1249.500
12525	1253.800
14729	1257.600
14193	1257.900
13797	1259.700
13365	1260.000
12693	1260.400
14545	1263.000
12629	1264.200
11997	1266.400
12065	1266.500
13777	1267.700
14097	1268.800
13953	1269.400
13357	1276.200
12789	1276.300
13857	1280.100
12769	1280.900
13513	1281.400
14477	1281.400
14721	1282.500
12757	1283.200
13805	1283.700
14805	1287.100
12109	1298.400
13485	1299.100
13045	1299.300
13861	1299.900
13225	1300.000
12153	1300.500
12905	1300.600
13781	1301.500
12021	1302.200
12525	1302.700
14693	1303.600
12721	1303.700
13793	1303.900
14593	1306.100
11989	1316.600
14705	1317.800
12649	1318.600
12429	1319.700
12209	1320.200
13613	1320.500
14505	1321.600
14433	1324.300
13361	1325.900
13165	1329.400
14525	1329.800
13489	1330.800
13641	1331.500
13373	1331.600
14093	1333.700
14505	1334.200
12141	1336.200
11993	1336.700
13469	1337.700
12885	1338.700
14173	1338.800
14485	1339.800
12905	1341.100
12365	1341.500
13869	1342.100
13593	1342.500
12481	1343.500
13965	1343.500
14109	1343.500
14177	1343.500
12109	1343.900
13173	1346.400
12245	1346.900
12777	1347.900
12129	1348.200
14285	1348.200
13045	1350.100
12633	1354.400
13769	1354.600
13429	1355.200
13145	1360.800
12657	1360.900
12877	1361.600
13249	1361.900
14545	1362.300
12001	1365.200
13889	1367.300
13801	1370.000
12225	1370.300
13321	1370.400
14025	1370.400
11989	1371.100
13285	1376.800
13985	1376.900
13477	1381.200
14049	1383.400
12137	1384.800
14613	1385.000
12669	1386.300
13213	1387.600
13345	1388.800
12765	1389.200
14805	1395.900
12017	1401.600
13029	1401.800
12357	1402.200
13449	1402.400
13089	1402.700
13601	1402.700
14009	1402.700
14505	1402.800
14321	1403.300
12721	1404.300
12265	1406.300
13913	1406.900
13229	1408.900
14653	1411.200
12077	1415.000
14705	1417.900
14773	1418.300
12249	1420.900
12981	1421.000
14177	1421.600
13857	1422.600
14101	1424.000
13993	1428.900
12313	1436.100
14573	1436.700
14709	1437.200
12697	1438.000
12053	1438.900
14693	1438.900
13121	1439.300
13117	1439.400
14141	1439.400
14669	1440.400
12285	1440.500
13481	1440.900
13021	1453.300
13393	1453.900
13861	1454.100
12557	1455.800
13601	1455.800
12437	1455.900
13045	1456.900
14493	1458.400
13069	1458.700
12265	1458.900
14653	1460.700
14309	1466.100
12821	1467.100
14605	1468.400
13709	1473.900
14693	1474.900
13857	1475.100
14441	1475.200
13429	1475.400
14365	1475.900
13089	1477.500
13229	1478.500
12141	1481.000
14665	1481.100
13641	1481.800
12333	1486.800
12225	1487.100
14689	1487.400
14265	1488.000
14773	1488.400
12453	1489.200
12961	1489.200
13957	1489.500
14341	1493.100
14125	1493.800
13857	1494.800
11977	1495.500
13141	1496.000
12933	1503.500
13533	1504.000
12045	1504.400
13461	1504.400
14677	1504.500
13733	1507.400
12769	1512.500
12697	1517.600
14613	1519.200
14421	1519.600
12853	1521.200
14337	1524.400
13549	1525.100
13725	1525.200
12333	1525.900
12657	1526.800
13085	1526.900
14525	1527.900
12389	1529.900
14025	1532.900
13045	1536.600
12137	1540.100
12481	1542.000
12705	1542.200
13469	1542.200
13341	1545.600
14305	1546.300
14549	1546.300
14693	1547.800
13789	1558.400
14689	1558.600
12065	1560.900
14613	1574.400
11993	1574.600
12229	1578.000
13601	1579.400
14577	1579.800
14509	1580.200
12961	1580.400
14605	1580.800
12225	1580.900
12193	1582.100
12769	1582.400
14729	1586.500
14749	1591.300
13045	1592.300
13793	1594.200
14565	1596.500
13321	1604.400
13709	1607.200
14689	1607.500
13513	1607.600
12657	1609.200
14109	1610.100
13781	1616.100
13345	1618.300
12953	1618.400
12429	1622.700
12141	1624.900
13533	1626.500
13449	1629.300
13857	1630.800
12821	1634.300
14549	1635.200
13429	1636.000
13441	1639.800
12737	1640.100
13561	1641.000
12601	1641.200
14145	1642.100
13601	1642.700
12541	1643.600
12761	1643.600
13433	1648.400
13289	1650.100
12697	1650.400
12441	1651.300
12413	1654.500
14737	1654.700
13069	1655.400
14421	1655.500
12109	1660.200
12437	1668.900
14817	1670.200
12389	1670.900
13641	1671.300
13849	1672.300
12753	1673.300
13961	1673.400
12941	1673.800
13737	1673.800
14209	1673.800
12869	1673.900
14433	1674.500
13985	1681.800
13121	1684.000
13265	1684.900
13229	1685.000
14617	1687.000
14565	1687.100
13377	1687.800
13789	1688.000
14517	1688.900
13013	1690.200
14505	1690.500
12349	1691.800
13837	1692.000
13557	1692.100
12545	1692.200
14613	1692.200
12137	1693.300
13533	1693.400
13513	1695.300
13469	1704.600
12189	1706.300
14093	1707.200
12357	1710.000
12305	1710.100
13685	1712.600
14497	1712.700
12317	1713.700
13145	1713.800
14177	1714.300
14449	1714.600
14845	1714.600
14125	1714.700
12121	1714.800
13557	1716.100
14001	1722.000
14709	1722.700
13293	1722.900
12229	1726.600
12769	1726.700
12773	1727.900
13429	1730.500
12825	1738.200
13373	1742.800
14317	1743.600
13701	1743.700
13237	1744.000
13857	1744.100
12485	1750.400
13281	1751.700
14485	1756.400
13025	1756.900
14737	1760.100
13061	1762.600
14161	1764.400
14365	1765.100
13613	1765.900
12557	1771.700
14049	1773.800
12121	1774.000
13045	1774.300
14793	1774.700
12341	1775.000
13557	1775.000
13413	1775.500
13433	1775.500
12001	1775.600
14289	1777.700
12657	1787.800
14605	1789.200
13245	1789.800
14493	1790.100
13513	1791.700
12737	1793.400
13993	1793.600
14737	1795.200
12741	1795.400
12269	1795.800
13709	1796.200
13769	1796.800
14505	1801.700
12017	1801.900
14109	1802.900
13429	1804.700
14305	1805.500
13373	1806.400
14125	1806.900
14337	1807.600
14689	1808.100
14769	1808.800
12905	1809.400
12993	1811.400
13093	1812.400
14661	1813.300
13681	1813.500
13125	1814.800
13537	1814.900
13021	1820.200
13233	1822.000
14081	1824.200
14437	1825.300
12005	1825.700
12197	1826.900
14349	1828.400
12493	1828.500
14361	1828.500
14093	1829.800
12857	1830.000
14773	1832.900
13361	1834.200
12389	1840.200
14433	1840.300
14457	1841.400
14441	1841.600
14557	1842.200
12405	1842.300
13533	1842.500
14233	1849.700
13645	1850.400
13793	1852.900
12769	1853.000
13021	1854.000
13289	1854.900
13217	1858.000
14685	1859.100
14845	1859.500
14285	1862.200
14505	1863.500
13617	1865.300
13837	1866.600
12857	1873.200
12869	1873.700
13229	1876.200
13909	1877.000
13433	1877.100
12981	1878.300
14485	1878.600
14721	1879.500
13965	1881.300
14337	1882.300
13321	1884.000
12017	1891.900
13641	1895.400
12441	1896.700
13857	1896.700
12661	1897.300
14749	1897.600
13513	1904.400
14693	1904.500
14529	1904.900
12277	1908.700
13545	1909.900
13229	1914.600
14257	1915.100
13045	1915.600
12153	1916.400
12329	1918.200
14385	1920.100
12909	1923.500
13653	1924.600
13345	1925.900
13761	1931.700
14069	1932.600
13461	1932.900
13089	1933.700
13669	1934.200
12293	1934.600
12333	1934.800
12137	1935.000
12981	1938.700
13013	1938.800
14125	1941.000
13069	1943.000
14505	1943.600
12437	1946.400
12821	1947.700
13289	1949.300
12753	1949.600
13333	1950.900
14301	1951.200
12905	1953.900
12117	1954.200
12001	1955.200
14673	1959.200
12249	1961.000
13413	1961.300
14433	1965.200
14001	1966.700
14341	1969.600
12233	1972.100
14705	1972.100
12453	1973.300
13045	1973.300
13461	1977.600
13089	1977.700
12141	1979.400
13701	1981.100
14713	1981.100
13721	1982.100
13601	1983.100
12157	1984.300
14421	1985.600
13973	1988.600
12977	1989.500
13101	1989.600
12285	1990.300
13361	1991.100
12429	1993.700
12057	1994.800
14097	1995.800
14449	1996.300
12377	2000.300
14737	2001.900
14669	2002.000
12005	2003.800
14561	2004.400
12181	2004.600
11969	2005.200
13493	2005.200
12233	2006.500
14105	2006.600
13909	2008.100
13509	2008.700
12953	2009.000
14709	2009.500
12877	2011.300
14693	2014.000
12481	2015.400
12525	2016.900
13857	2017.600
13817	2021.100
13113	2021.300
12661	2025.700
14777	2027.200
13553	2027.500
13737	2030.700
13957	2036.500
13561	2039.200
12649	2040.300
12081	2040.600
12425	2041.000
12941	2041.100
12749	2041.500
14301	2041.500
13045	2042.500
14289	2043.700
14757	2044.600
14497	2046.700
14613	2050.100
13641	2051.500
14313	2053.300
13237	2054.100
12017	2054.500
14457	2055.000
14761	2056.800
13429	2058.800
12405	2059.100
13557	2059.600
12173	2061.000
12221	2063.700
14101	2068.100
14113	2068.100
14241	2068.600
12021	2069.600
12849	2074.000
13497	2075.500
14409	2076.000
14669	2077.200
12097	2077.300
12121	2080.100
13429	2081.500
14265	2083.200
14493	2088.300
14773	2088.400
14385	2088.600
12977	2090.200
13613	2091.700
12065	2092.800
12453	2093.700
13125	2097.600
14485	2098.000
14357	2098.600
12961	2099.500
14565	2103.200
13861	2103.400
12777	2104.100
12017	2104.200
13393	2104.500
13513	2104.900
13545	2105.400
13045	2105.600
12141	2105.700
13681	2105.700
14629	2105.900
14709	2108.800
12429	2113.300
14561	2115.100
12577	2115.900
12637	2116.600
14305	2117.400
14745	2118.600
12769	2119.200
13533	2120.900
14697	2121.800
13401	2122.000
13873	2122.200
14737	2125.900
14733	2132.800
12221	2133.400
13681	2134.000
12977	2136.600
13101	2141.600
13993	2141.600
13485	2142.300
14737	2144.000
13121	2149.000
13353	2150.100
12425	2152.000
14429	2154.200
14149	2155.900
13541	2166.700
13701	2167.000
13953	2167.800
12865	2168.200
12421	2168.500
12001	2169.700
12693	2170.300
13705	2171.900
13325	2172.000
12377	2178.100
14773	2180.800
14081	2188.900
13793	2190.200
12389	2195.800
13837	2196.200
14341	2197.300
14549	2201.300
12057	2202.800
12893	2203.600
14577	2203.800
12329	2203.900
11981	2204.100
12137	2204.300
13533	2205.400
12017	2210.100
14173	2210.100
14817	2215.700
14505	2216.000
14517	2217.900
14653	2223.900
14525	2224.200
12173	2224.700
12001	2224.900
12249	2227.900
13557	2229.600
14109	2230.400
12629	2236.500
12773	2236.600
13509	2237.200
13685	2237.900
12825	2238.100
12485	2239.200
13321	2240.100
12949	2240.800
12429	2242.400
14409	2242.500
12437	2244.400
14485	2244.800
13857	2244.900
12141	2246.800
12753	2250.100
12741	2253.900
14801	2256.700
13493	2257.000
14509	2260.500
13377	2260.700
14737	2266.100
12657	2268.800
13793	2269.900
14141	2270.100
12769	2275.600
14337	2281.600
13653	2281.900
14685	2281.900
12389	2284.800
13229	2285.100
14413	2285.300
13465	2285.400
14545	2285.500
13429	2285.600
12353	2286.000
12417	2286.300
13593	2287.100
14541	2288.000
12333	2296.400
13513	2303.600
14093	2304.400
14109	2304.900
12425	2308.800
12961	2313.000
12173	2313.400
13101	2313.400
13833	2314.300
14845	2314.500
14545	2315.400
14741	2315.700
14049	2316.700
13533	2317.800
14001	2318.600
14081	2320.400
13849	2320.500
12141	2320.800
13433	2320.800
12629	2325.100
12389	2325.400
13665	2325.600
12441	2326.500
12045	2328.500
12789	2329.700
14497	2331.900
13773	2333.400
13273	2334.700
12137	2335.800
13429	2338.400
12281	2339.200
12225	2339.900
13901	2340.200
12693	2340.300
14149	2340.500
14737	2340.600
13213	2352.000
14681	2352.500
14237	2352.700
12349	2353.300
13601	2353.600
12377	2353.800
13105	2354.500
13145	2364.500
13269	2369.500
13277	2370.400
13425	2370.700
13861	2370.700
12245	2371.200
13353	2371.300
12657	2371.800
13549	2372.000
12637	2372.100
12745	2372.200
13777	2372.400
14069	2372.400
13705	2372.700
13113	2382.100
14445	2388.700
13045	2390.100
14709	2392.600
12137	2392.900
11993	2393.400
12761	2394.900
14505	2399.900
13737	2400.900
13513	2402.200
14549	2404.400
14533	2404.600
13429	2405.000
14049	2408.300
14081	2410.700
14025	2412.200
12625	2414.100
14657	2418.100
13321	2419.600
13105	2421.900
14841	2421.900
12053	2422.600
13613	2422.800
12045	2423.100
12337	2424.500
12109	2425.500
14705	2425.600
12389	2427.000
14277	2427.800
14301	2427.900
12221	2440.600
13917	2452.800
12941	2453.600
13713	2454.400
13737	2454.800
13805	2454.800
13105	2455.100
13645	2456.700
14433	2458.900
13581	2459.100
12813	2459.400
12741	2460.000
14485	2460.200
14129	2462.100
13433	2463.200
12769	2466.000
12249	2467.300
14305	2467.900
11993	2468.300
13413	2470.900
12693	2471.900
14589	2476.800
13361	2477.600
13237	2478.100
12777	2478.400
14709	2478.700
13101	2479.000
13993	2481.000
14509	2482.900
14441	2485.600
12441	2486.400
13601	2487.500
12229	2487.900
12137	2489.200
14125	2489.700
14485	2490.100
14333	2491.400
13769	2492.000
12525	2492.500
14685	2493.800
12869	2497.900
13913	2501.600
13069	2503.900
12349	2505.100
13533	2505.300
13021	2505.600
12657	2506.600
12413	2509.000
13829	2509.500
12137	2509.700
12453	2513.600
13765	2521.200
13417	2521.900
13761	2522.100
14709	2523.200
12389	2524.700
14001	2525.700
13073	2525.900
12765	2526.900
13113	2528.800
13861	2529.200
14069	2530.100
12369	2534.000
14733	2539.500
13737	2542.400
13533	2542.600
14253	2542.700
12897	2543.300
14365	2545.100
13209	2545.400
12057	2548.800
12481	2555.700
14081	2559.200
12917	2561.100
13069	2561.400
12121	2561.500
13257	2561.500
13669	2561.900
12761	2562.500
13641	2562.700
13557	2562.800
12141	2562.900
13105	2563.800
12789	2568.700
12229	2571.200
12453	2572.400
12889	2572.900
14501	2578.400
13089	2579.400
14653	2581.200
14693	2582.200
12669	2582.400
12609	2584.100
12661	2588.500
14677	2594.100
14613	2594.800
13277	2597.300
12409	2597.600
14257	2599.500
14241	2599.700
14457	2600.600
12185	2600.800
12525	2600.900
13069	2600.900
14177	2602.300
12649	2604.500
13857	2604.900
12753	2605.200
14825	2605.400
13789	2607.500
14365	2612.500
12361	2612.600
13117	2613.600
14493	2615.500
12389	2616.300
13569	2620.000
13413	2621.700
13353	2629.400
13273	2630.400
12453	2630.800
14545	2631.400
12577	2631.900
13641	2632.900
12389	2636.900
13601	2637.800
12657	2643.500
13417	2643.900
12421	2647.700
12961	2649.200
12041	2652.700
12249	2652.900
12349	2654.400
12077	2655.100
13329	2658.200
13557	2658.300
12865	2661.400
13101	2661.800
13513	2662.100
12693	2663.300
12225	2664.500
12121	2664.700
12229	2664.800
13509	2664.900
14513	2665.300
12001	2666.100
13857	2666.100
13281	2666.200
14009	2666.200
13613	2668.500
13993	2669.600
12045	2669.900
14545	2679.100
12321	2685.700
14177	2687.800
13361	2688.200
13749	2688.300
14365	2688.400
13557	2688.700
13601	2688.900
12037	2689.200
14641	2689.500
12297	2689.900
14357	2690.100
13513	2690.600
14293	2690.800
13641	2691.500
12441	2694.400
13857	2700.100
14737	2703.600
14385	2704.500
12693	2705.200
12229	2705.300
12429	2706.700
13553	2706.700
13429	2706.800
12185	2707.800
13413	2708.100
14129	2708.300
12769	2718.300
14545	2719.700
12529	2719.900
13769	2721.100
13153	2721.900
13985	2723.100
13685	2723.900
13493	2725.900
13961	2726.300
12077	2726.500
14793	2728.100
13045	2728.800
12421	2731.700
12657	2732.200
12121	2737.200
13293	2737.700
12129	2738.000
12713	2738.000
14365	2741.400
14653	2744.100
12917	2744.900
12697	2754.800
13601	2756.300
12317	2756.400
14081	2756.500
13869	2756.800
13561	2757.300
13429	2757.600
13805	2757.700
12497	2758.600
13361	2759.100
12953	2760.000
14521	2762.700
13857	2767.400
14337	2769.300
14673	2769.700
12569	2776.600
12189	2778.600
13369	2778.600
14161	2779.600
13773	2782.800
13413	2786.300
11989	2787.100
13869	2789.700
12017	2790.000
13469	2791.100
13117	2794.900
12753	2796.000
13233	2796.100
13441	2797.500
14597	2801.200
12877	2802.600
14105	2804.300
12053	2804.500
14033	2806.200
14397	2806.500
13929	2806.700
12729	2806.800
14129	2806.900
13429	2809.500
14693	2813.000
14773	2813.500
13729	2815.500
14701	2815.500
12065	2816.100
12329	2818.900
14617	2823.100
12693	2823.400
12517	2824.000
12077	2824.100
13373	2824.900
12425	2825.500
14613	2825.500
14673	2825.800
13545	2829.900
14545	2829.900
12609	2831.200
13141	2831.400
12389	2836.300
13601	2838.000
13461	2839.000
14073	2839.700
12017	2840.600
12577	2840.900
13633	2841.700
13625	2842.200
13737	2844.400
14001	2845.800
13045	2846.600
12797	2852.700
14201	2853.100
13433	2853.800
14177	2854.100
12629	2854.200
12809	2854.200
14521	2855.100
12001	2856.400
12649	2856.600
13069	2856.800
14049	2858.600
12137	2859.200
14053	2859.300
14385	2859.400
14773	2859.900
14265	2862.100
14665	2862.200
13033	2862.400
13101	2862.400
12833	2865.800
14729	2866.900
14505	2870.900
14845	2871.900
13625	2874.500
12905	2874.900
14173	2876.200
11977	2876.700
12945	2879.100
13045	2879.900
12429	2881.300
13413	2882.700
13957	2883.000
13641	2883.200
12349	2884.300
14093	2885.900
14385	2890.800
13073	2892.700
12173	2894.100
12657	2894.800
12441	2895.700
13461	2896.000
12973	2908.200
12913	2909.200
12689	2910.600
14557	2912.500
13485	2913.100
13541	2913.700
12693	2914.200
13613	2914.200
14081	2918.200
12377	2921.500
13305	2922.000
14669	2922.200
12425	2922.600
14001	2924.200
13249	2925.600
13261	2926.900
12421	2927.100
12245	2929.900
14777	2933.100
13661	2933.300
14241	2935.000
13105	2938.900
13429	2943.600
12521	2945.700
14261	2948.300
14269	2948.700
13533	2954.900
14545	2955.500
12221	2957.400
12657	2957.500
14385	2958.600
12229	2960.200
13601	2960.200
13045	2961.000
13361	2962.300
13069	2965.800
13853	2969.500
13461	2970.100
14517	2972.100
12249	2973.300
14533	2974.100
13617	2975.100
12761	2979.600
14513	2979.600
13857	2981.000
14845	2987.800
13685	2988.600
12037	2988.900
13593	2989.600
13277	2989.800
12961	2990.000
13073	2990.500
12233	2992.600
12449	2993.100
12329	3001.900
14565	3004.300
14617	3004.500
13017	3004.700
14773	3005.200
14673	3005.700
12405	3006.600
11981	3006.900
14521	3007.000
12865	3014.200
14333	3016.300
13089	3018.300
14649	3019.000
11997	3023.600
14301	3025.000
14657	3025.000
12133	3025.700
14485	3025.900
13413	3026.200
12949	3026.500
14289	3028.600
12953	3029.500
12333	3031.200
13857	3034.700
12505	3040.500
13429	3041.700
14265	3044.000
13513	3045.400
13377	3047.200
14493	3048.300
12513	3050.000
13305	3050.700
13601	3058.000
13749	3058.800
13473	3059.200
14557	3059.400
13781	3059.600
14125	3059.700
14737	3060.100
13361	3061.200
14709	3063.400
13533	3064.200
14693	3065.900
13493	3066.300
13089	3068.800
14657	3073.700
12997	3074.700
12001	3074.800
14653	3077.500
13113	3080.500
12017	3081.100
12437	3081.900
13061	3082.200
14385	3084.000
12273	3085.700
13029	3088.600
13413	3088.800
13557	3090.600
13857	3091.900
12453	3093.600
14289	3093.900
14449	3094.600
12405	3094.700
14365	3096.100
12005	3096.900
13089	3097.400
13373	3097.800
13993	3098.800
13485	3099.600
12225	3100.600
12221	3102.000
12769	3112.800
13345	3112.900
13229	3113.000
12193	3113.500
13281	3115.400
12849	3115.600
14693	3117.700
12705	3117.800
12409	3118.100
13461	3118.100
14653	3118.500
13001	3118.700
13561	3119.800
12741	3120.000
13969	3120.100
13689	3120.200
13601	3124.200
12137	3125.900
13013	3126.300
14413	3127.600
13789	3128.600
11989	3133.300
12249	3134.900
13881	3136.200
14021	3136.200
13861	3139.800
12425	3139.900
12861	3140.200
13857	3140.400
13073	3142.500
12869	3142.600
14845	3142.600
13681	3142.700
13509	3143.000
13265	3146.400
13513	3146.600
14729	3150.800
13441	3151.500
12961	3153.000
13557	3154.200
14653	3154.800
12985	3155.100
14773	3155.300
14845	3156.500
14573	3160.500
14045	3161.300
12697	3165.600
13373	3170.600
12493	3170.700
13961	3170.700
12017	3170.900
12453	3171.300
11989	3171.800
12545	3172.600
14693	3173.600
14217	3174.500
12693	3174.800
12245	3176.000
13869	3176.300
14177	3176.700
13413	3178.200
14305	3178.300
14413	3178.900
13321	3179.100
13769	3180.400
14657	3181.300
14505	3181.800
13901	3182.300
13601	3182.400
12081	3183.400
14737	3184.200
12629	3184.500
13121	3184.800
13153	3185.200
12285	3186.200
13429	3186.500
14265	3186.700
12821	3187.100
14057	3188.300
13361	3188.500
12741	3191.700
13385	3193.800
13685	3197.500
13293	3198.500
13857	3202.100
12581	3202.800
14173	3203.500
14001	3203.700
12333	3204.500
14505	3205.300
13993	3205.500
14109	3205.600
14341	3205.800
12821	3206.700
12889	3211.700
13137	3213.700
14845	3215.400
13409	3218.500
14317	3219.300
13013	3219.500
12057	3220.100
13069	3220.200
12693	3223.000
14153	3223.600
13641	3230.300
13257	3230.700
13789	3230.900
11989	3231.800
14233	3236.300
13045	3238.700
14709	3239.700
14677	3240.600
13469	3244.000
14545	3244.500
13685	3247.100
12337	3247.600
13241	3248.100
13869	3248.100
13857	3248.200
14161	3248.400
14429	3248.500
12253	3249.300
14689	3251.000
13361	3253.000
14529	3257.700
14737	3260.100
14265	3261.900
13901	3262.600
12485	3271.200
12657	3272.700
13045	3277.400
14705	3277.900
13141	3278.500
13461	3279.500
13509	3281.900
13557	3285.500
12289	3286.700
13513	3286.900
13481	3288.100
14441	3289.100
14817	3294.500
12441	3294.600
13601	3298.200
12453	3298.300
12405	3299.700
13469	3299.700
12065	3300.000
12721	3300.000
12229	3300.400
13285	3300.900
13069	3301.500
13413	3301.800
12137	3302.000
14421	3302.700
14109	3302.800
12437	3303.900
13593	3305.300
12333	3305.500
14569	3307.800
12785	3308.400
14241	3311.600
13789	3315.000
14357	3315.200
14845	3315.200
13645	3315.300
13929	3315.700
12309	3316.100
12389	3316.100
14545	3316.400
14125	3316.900
12737	3317.000
14461	3317.400
13009	3323.600
12321	3323.800
14693	3326.200
14269	3326.500
14441	3326.700
13769	3327.700
12421	3328.800
12789	3328.900
13965	3330.300
14653	3331.300
13021	3331.400
12693	3331.500
14505	3331.700
14413	3332.200
12961	3332.600
12417	3333.600
13793	3333.900
14289	3335.000
12389	3339.200
12453	3341.800
12141	3351.200
14109	3352.300
14177	3352.700
12045	3353.500
14605	3356.100
13557	3356.700
14081	3358.000
13681	3359.100
13373	3361.600
12485	3362.300
12961	3365.200
13429	3366.300
14497	3370.700
14405	3372.600
14317	3373.000
13361	3373.100
14721	3373.100
13357	3373.700
14505	3374.100
14485	3374.300
12829	3377.200
13513	3378.800
13601	3379.400
13617	3379.600
14441	3379.600
13557	3380.100
13477	3380.200
12657	3390.500
13225	3392.500
12109	3392.800
14493	3393.100
13857	3393.300
14545	3393.300
12205	3394.200
12669	3394.200
14157	3394.800
12637	3395.500
13769	3396.600
12389	3404.700
13229	3409.000
13217	3410.000
13929	3411.100
13165	3412.100
13613	3412.600
13653	3412.600
14845	3413.000
12629	3423.800
13285	3425.500
12505	3425.800
13793	3425.800
13685	3426.000
12057	3426.200
12497	3427.300
13373	3430.700
13737	3434.400
12769	3435.000
14729	3436.400
13069	3436.500
14825	3437.100
12453	3437.300
13289	3437.300
13725	3437.500
12581	3438.000
14545	3438.100
13001	3438.300
12469	3440.900
14433	3441.100
13361	3441.400
14081	3442.100
14669	3447.300
12225	3447.500
12017	3449.100
12229	3454.500
14485	3456.400
13089	3456.800
13857	3458.700
12749	3459.100
13217	3459.100
13557	3459.300
13045	3462.200
12589	3465.500
13113	3475.200
13121	3475.200
13069	3475.700
12805	3481.700
12785	3482.200
14085	3486.800
13225	3487.700
12657	3490.200
13845	3490.400
12333	3493.500
14153	3494.100
12789	3495.500
12741	3496.900
13161	3497.100
13857	3497.500
14429	3498.000
13961	3502.400
13533	3504.600
13273	3504.900
12869	3507.600
13513	3508.000
14525	3510.400
14657	3510.800
12017	3511.200
13453	3512.100
12693	3515.700
13685	3516.000
13013	3516.400
13993	3516.400
13429	3516.800
12661	3517.400
14545	3517.700
14653	3518.900
13045	3519.500
13601	3526.800
12953	3530.200
13645	3530.800
12229	3531.600
12753	3533.400
14441	3534.300
12941	3534.400
14745	3534.700
13665	3535.400
14757	3535.500
14817	3535.900
12905	3536.500
14105	3537.200
13861	3537.300
12249	3539.300
12185	3541.000
12201	3547.500
13273	3547.500
14653	3549.100
13557	3551.000
12377	3551.500
13501	3553.100
13361	3555.900
14485	3557.500
14521	3560.100
14577	3560.200
13601	3561.700
13413	3569.800
14793	3574.000
12657	3574.600
14269	3579.500
14685	3580.600
12777	3581.200
14845	3581.200
12877	3581.600
14493	3582.000
14069	3586.700
13641	3589.300
14365	3590.500
13913	3591.600
14081	3592.200
12141	3593.400
13113	3595.600
14653	3599.800
12865	3606.000
14113	3608.500
14093	3610.900
14197	3612.600
13121	3614.300
12017	3614.500
13101	3614.500
12933	3614.800
14561	3615.100
12389	3617.200
13557	3620.000
14505	3621.200
14169	3622.500
12593	3622.800
14301	3625.800
12493	3626.200
12229	3630.400
13113	3631.000
13221	3631.500
14001	3631.800
12697	3636.800
14693	3639.300
13229	3643.900
14505	3645.500
14545	3646.500
14689	3647.000
14817	3647.800
14437	3648.000
13213	3649.300
13745	3649.700
14241	3650.400
13805	3651.000
13729	3651.100
13725	3651.200
13345	3656.700
12601	3657.000
14433	3660.200
12605	3664.700
13513	3664.700
12857	3664.800
14757	3664.900
14025	3667.000
12485	3669.200
13089	3671.300
14745	3672.100
13533	3673.100
14653	3675.500
12877	3677.500
12045	3678.700
13601	3681.500
13513	3682.600
14245	3682.800
11985	3683.100
12961	3683.900
14725	3684.000
13361	3685.500
14045	3688.100
13913	3688.300
13049	3691.300
12065	3699.000
14693	3700.800
13993	3701.100
12053	3701.600
12997	3701.800
12825	3701.900
13433	3702.200
14505	3702.300
12281	3703.400
12857	3704.200
13045	3705.700
13737	3706.100
13789	3706.100
13069	3720.000
14017	3721.800
12525	3722.400
14749	3725.400
13765	3725.900
13513	3726.600
12693	3726.900
12569	3729.200
13229	3733.900
14045	3734.900
13601	3737.500
13725	3737.500
12205	3737.600
12141	3738.000
13749	3738.200
13413	3739.000
12221	3741.600
12437	3742.900
14341	3743.500
13073	3744.700
13361	3746.800
12637	3747.100
14177	3747.200
13557	3747.700
14105	3747.900
14653	3747.900
13045	3748.700
12453	3751.400
13857	3751.600
13801	3754.500
13025	3755.800
12545	3757.700
13533	3759.200
13485	3759.600
14733	3764.400
13225	3765.100
12881	3770.200
14709	3771.900
12877	3773.700
12821	3775.800
14101	3776.200
12141	3778.900
13737	3779.500
14621	3781.100
13685	3782.200
14737	3784.600
13429	3785.900
14761	3787.700
13725	3790.100
13013	3790.200
13769	3792.200
14677	3792.900
12229	3793.100
12389	3793.700
13601	3795.300
12185	3796.000
13413	3796.400
13857	3799.500
12021	3807.000
12137	3808.100
12057	3808.200
14545	3810.600
13653	3813.700
14669	3813.900
13865	3814.200
14001	3814.200
14517	3814.300
14733	3814.300
12193	3816.300
12649	3816.800
13165	3818.800
12657	3819.900
13417	3823.600
14265	3825.100
13513	3826.000
12741	3826.800
12121	3828.300
13489	3828.300
14421	3829.000
14073	3829.200
14505	3829.400
12769	3829.700
14365	3830.100
13661	3830.700
13893	3837.700
14337	3837.700
13617	3838.200
14693	3844.200
14177	3845.700
14705	3846.100
13685	3846.700
14045	3848.500
12881	3848.600
13121	3848.600
13229	3848.600
14157	3848.800
12057	3849.400
13909	3849.500
12849	3849.600
12833	3849.700
13413	3849.700
13901	3849.700
14441	3850.000
13821	3850.100
14317	3850.400
12245	3851.000
12865	3854.100
12717	3856.700
12885	3861.400
11989	3862.400
12673	3863.700
12017	3868.200
13165	3868.800
12613	3869.200
13089	3869.400
13025	3871.800
13169	3872.000
14721	3872.300
13557	3873.100
12441	3875.900
13113	3876.300
14565	3876.300
14545	3877.400
13069	3879.700
12789	3881.300
14845	3883.700
13709	3883.900
13105	3887.900
13257	3888.000
14653	3888.100
14057	3888.700
12705	3889.000
12997	3889.500
13213	3889.500
12725	3889.600
13429	3895.700
14365	3897.000
14693	3902.400
12985	3903.600
14213	3905.100
13037	3906.200
14161	3906.300
11969	3906.400
12381	3906.600
12769	3906.600
12857	3906.700
12873	3907.300
13661	3909.500
12905	3913.600
13361	3921.500
14805	3921.500
12741	3922.100
13641	3922.700
13789	3923.700
14545	3923.800
13365	3923.900
13873	3925.200
12657	3925.700
12229	3926.200
14097	3927.800
12629	3927.900
12317	3928.800
12941	3928.800
13725	3929.100
12693	3929.200
12137	3929.300
12141	3930.300
14149	3936.100
12569	3938.400
12969	3946.300
12581	3948.400
14289	3948.400
13073	3949.300
14657	3950.400
12281	3951.800
14557	3954.200
14769	3957.500
12769	3958.200
13601	3959.200
14733	3959.400
12789	3960.100
14473	3961.300
13413	3961.800
13561	3961.800
12681	3962.000
14241	3962.300
12389	3963.300
13429	3963.300
12521	3963.400
13461	3965.100
13641	3965.800
14177	3970.200
11993	3972.500
14413	3975.000
14385	3975.900
12081	3977.600
13709	3980.100
12737	3981.300
12221	3982.000
12613	3982.800
13857	3983.800
14505	3984.300
12453	3987.100
12017	3987.600
14045	3992.300
12333	3994.900
13545	3996.100
13089	3996.400
13237	3999.100
12565	4001.100
14177	4001.300
13761	4001.400
13993	4002.300
14073	4006.000
12469	4006.200
12277	4007.400
13893	4008.000
14561	4019.400
14177	4021.700
14357	4022.900
13857	4023.600
14545	4024.700
12657	4027.800
12249	4031.600
12737	4031.700
14001	4032.800
14109	4033.000
12173	4033.500
13233	4035.300
14513	4035.900
12061	4037.500
13557	4039.600
13613	4042.600
14401	4044.200
14385	4046.200
14349	4048.600
13365	4050.100
13985	4050.700
13361	4051.000
14621	4051.700
12525	4052.000
13429	4056.600
14081	4058.600
13433	4059.200
14045	4060.400
14845	4061.200
13269	4061.400
12865	4064.100
13357	4070.400
12393	4072.400
12285	4074.200
12525	4074.500
14517	4074.800
14333	4076.100
12317	4076.200
13045	4078.400
13685	4078.400
13461	4079.500
14021	4081.300
13737	4086.800
13661	4090.200
13793	4090.400
12453	4091.400
13309	4094.700
12065	4095.600
13857	4096.400
13377	4098.200
12633	4100.100
13341	4105.600
12045	4105.700
14737	4106.000
14173	4108.100
12001	4108.900
14845	4109.600
13069	4109.700
13141	4109.900
13513	4110.900
13461	4111.000
14773	4115.600
12729	4117.100
14421	4118.600
12381	4121.100
13429	4122.300
13265	4124.100
14805	4124.100
14605	4124.700
14277	4125.500
12081	4126.200
13625	4126.600
13113	4127.200
14725	4127.300
13485	4129.200
13321	4130.300
12525	4142.000
13073	4143.700
13589	4144.400
12005	4145.200
11981	4147.100
14729	4149.100
12969	4150.100
12137	4153.600
12445	4154.200
12057	4154.300
12961	4159.900
14505	4161.100
13561	4163.100
12129	4166.700
12613	4166.900
12437	4169.200
13513	4169.300
13557	4174.200
13761	4175.100
12917	4176.300
14157	4177.100
12057	4185.200
14265	4185.700
14545	4185.700
12633	4187.800
14365	4188.500
13325	4196.100
14177	4196.600
12281	4197.800
12705	4198.100
12369	4198.300
12773	4198.700
12693	4199.400
14049	4199.600
13413	4201.400
12017	4202.100
14441	4202.700
13601	4202.900
14393	4204.800
13909	4206.100
12053	4206.800
13429	4207.100
14789	4215.400
14517	4216.500
13685	4217.900
13013	4221.300
13113	4223.200
13557	4223.400
13857	4224.400
12809	4230.600
14021	4233.900
13045	4237.800
13293	4238.100
13461	4238.600
14721	4239.100
14729	4239.800
13941	4242.000
14825	4244.800
13105	4245.700
12773	4246.300
12505	4246.900
13409	4247.100
11981	4253.100
14409	4253.900
14513	4254.800
14493	4255.000
13465	4255.100
14189	4255.200
12481	4256.000
12521	4256.700
12017	4257.000
13429	4258.600
13469	4262.200
14841	4263.500
12281	4267.200
13113	4269.300
13585	4270.300
12137	4271.000
12669	4271.600
12173	4272.600
12389	4273.400
12961	4273.400
12453	4273.500
14241	4273.900
13257	4274.300
14121	4274.400
14021	4274.500
12405	4274.700
13461	4274.700
13681	4274.700
13641	4275.000
13557	4279.200
11989	4279.700
14505	4280.400
14733	4283.100
13669	4284.300
12793	4284.500
13045	4284.700
13929	4284.700
13601	4285.700
12277	4293.300
12821	4296.300
12245	4296.700
13413	4300.500
13853	4301.700
13581	4304.200
11993	4304.800
13377	4305.800
13045	4306.000
13365	4306.600
13013	4306.900
12525	4307.000
12429	4319.300
13641	4322.800
13789	4322.900
14349	4323.200
12333	4325.200
13857	4325.600
12453	4325.800
13469	4326.100
14837	4329.800
13513	4330.400
13073	4331.100
14057	4335.700
13377	4336.000
12789	4338.500
13001	4343.300
13033	4343.500
13141	4344.000
13365	4347.800
13417	4350.500
14493	4350.500
13037	4352.800
12453	4355.200
13045	4356.100
13029	4366.000
12649	4368.400
14513	4374.700
12961	4374.900
14049	4375.300
12113	4377.200
12429	4380.200
12969	4380.300
13493	4380.300
12193	4380.500
13973	4380.600
14581	4381.600
11989	4387.800
13285	4393.400
12137	4394.800
13113	4398.400
14357	4399.300
13241	4400.800
12877	4401.000
12121	4401.700
13557	4401.700
13865	4401.900
13789	4404.200
14773	4404.200
13361	4410.300
14045	4411.700
12401	4412.200
12749	4415.400
12765	4415.900
12453	4416.300
12905	4416.900
13653	4418.000
13737	4419.200
14513	4419.500
13045	4420.400
12229	4421.100
14413	4422.600
12105	4422.900
14737	4422.900
13229	4424.100
13413	4425.900
13013	4428.500
13429	4430.800
12525	4434.800
12961	4436.100
14081	4436.900
13557	4439.400
14545	4439.900
11989	4449.100
13477	4449.300
12949	4450.500
13709	4452.800
14693	4453.400
13445	4453.500
13321	4457.300
12941	4457.900
14733	4459.600
12881	4460.200
14097	4463.500
14505	4468.200
13253	4469.100
13221	4472.900
13685	4473.100
13469	4475.900
13389	4476.100
14049	4476.900
13069	4477.500
13781	4477.500
12001	4478.500
12661	4479.100
13141	4485.500
13857	4486.700
12865	4491.400
13333	4491.500
14673	4491.700
13601	4494.400
12081	4494.700
12521	4496.800
12769	4496.900
12441	4497.400
12281	4498.200
13429	4506.800
13125	4507.300
14321	4508.700
13557	4509.300
12701	4510.300
14773	4511.600
14545	4513.500
12353	4514.200
12629	4523.000
13033	4525.400
14565	4526.000
12217	4526.200
14841	4526.300
12077	4526.700
12365	4526.800
11993	4527.100
13781	4527.100
12737	4527.500
13269	4528.000
11981	4528.100
14069	4528.200
13681	4528.400
14349	4528.700
12693	4529.600
12193	4531.100
14497	4538.500
14833	4540.600
14817	4541.200
13857	4545.000
14529	4547.000
12529	4547.700
13089	4547.700
13149	4548.100
12813	4549.200
12361	4550.800
14021	4554.800
14737	4556.000
12973	4557.000
13957	4558.100
12453	4559.700
14209	4560.000
13601	4560.800
13549	4562.200
14129	4563.700
13353	4569.300
13045	4570.100
14269	4570.700
12457	4570.900
12141	4571.200
14693	4574.400
12977	4579.600
14613	4583.900
14093	4584.000
13513	4584.400
12657	4584.800
14673	4586.700
11989	4587.000
13001	4587.000
12941	4591.600
14745	4596.200
13957	4600.200
13089	4601.300
13113	4603.500
13101	4603.900
14441	4604.100
13045	4604.700
14545	4604.700
13289	4605.000
13245	4606.500
14413	4610.000
14149	4615.000
14421	4615.800
12121	4617.000
13857	4619.400
13685	4620.900
13737	4621.300
13413	4621.400
13925	4621.700
13533	4622.600
13285	4622.700
12405	4623.600
14341	4624.100
13513	4628.500
14049	4630.800
13105	4631.700
13485	4632.000
11977	4632.800
14125	4633.900
13613	4635.100
14773	4635.500
14081	4635.700
13817	4636.000
13853	4636.600
12469	4636.900
12225	4637.300
12737	4637.400
13801	4637.600
13013	4637.700
14653	4637.800
12481	4640.900
13857	4647.100
13665	4648.500
13001	4649.400
12877	4652.200
12249	4653.200
13293	4653.400
12229	4654.400
13201	4654.500
14545	4654.500
12453	4655.600
12353	4658.100
13373	4658.200
14413	4658.600
14673	4658.900
14737	4659.900
12981	4668.300
14757	4670.600
14177	4671.200
12309	4671.600
13529	4676.100
13265	4676.400
14845	4678.000
12693	4680.500
14201	4681.300
12649	4682.500
14305	4682.600
12389	4684.600
14505	4686.500
14397	4687.800
11997	4688.400
12349	4688.600
12869	4688.700
12193	4689.000
14561	4690.900
14409	4692.000
13145	4695.800
14125	4697.500
12753	4703.000
13377	4705.500
13961	4705.700
14653	4708.300
13385	4709.000
12341	4709.900
13001	4710.400
14037	4710.600
14413	4711.000
13293	4712.400
13545	4714.300
13305	4715.000
14721	4716.500
14817	4721.500
13661	4724.000
14709	4724.200
13429	4726.500
13225	4727.200
12657	4734.100
13857	4734.100
13845	4734.300
12317	4737.600
14689	4739.400
13893	4741.100
12949	4743.900
13413	4749.300
13861	4751.900
14565	4752.100
13361	4752.900
13277	4753.500
14493	4754.200
12473	4754.400
12441	4754.500
12945	4755.500
14069	4755.700
14109	4755.700
13065	4755.900
13641	4760.400
13073	4763.100
13789	4764.800
12841	4765.500
14081	4765.600
11989	4766.900
13001	4766.900
12309	4771.500
13865	4773.300
13225	4773.700
13013	4774.500
14177	4774.500
14613	4774.700
12569	4781.200
12041	4782.300
14277	4782.400
13045	4784.000
14493	4787.000
13533	4787.200
13781	4788.000
14709	4788.900
12545	4791.800
13273	4793.400
13365	4793.500
14309	4794.500
12453	4796.000
13301	4799.100
12793	4799.900
13557	4801.500
13113	4801.600
13789	4805.300
12557	4805.800
12893	4805.900
14009	4806.100
13513	4806.900
13857	4807.500
13737	4807.900
12249	4808.700
14193	4809.300
14549	4811.800
13601	4812.900
12317	4815.600
14613	4816.200
13429	4818.300
14437	4819.100
12961	4821.300
14777	4822.600
12941	4823.800
14045	4824.000
12389	4825.200
14341	4825.900
12789	4826.400
12661	4826.600
13045	4836.800
12921	4838.400
12453	4838.600
13861	4838.600
14433	4838.800
12137	4839.000
12005	4839.400
14525	4842.100
14365	4848.000
13245	4848.100
12249	4849.100
14093	4849.300
14149	4849.700
12201	4850.500
12857	4850.500
12281	4851.700
12633	4859.500
12945	4860.500
12405	4860.800
14817	4863.900
14665	4866.000
12473	4866.800
13789	4866.800
13013	4868.300
13365	4868.700
14653	4868.800
11993	4869.600
14069	4869.700
13877	4871.700
12689	4875.100
12073	4879.200
13521	4881.200
12277	4881.600
12693	4883.400
12001	4883.900
13853	4884.000
13393	4884.500
12413	4885.100
13089	4885.100
14753	4885.500
14553	4885.700
12313	4893.500
12065	4895.700
13985	4895.900
14385	4896.000
12733	4896.400
14413	4896.400
14749	4896.500
13701	4899.400
13857	4901.700
13469	4902.300
12661	4902.800
14613	4903.300
12057	4905.900
12753	4906.000
12869	4906.100
14545	4906.500
12017	4906.600
13513	4908.300
13641	4913.600
13045	4914.900
12049	4915.000
14081	4915.800
13489	4916.500
13361	4916.600
13001	4918.700
14245	4918.800
13461	4922.600
12097	4925.800
13269	4928.200
12245	4930.600
12341	4930.600
12629	4931.200
13793	4933.700
14233	4934.900
14505	4937.400
14097	4938.300
13993	4939.600
12121	4940.500
14469	4947.700
12941	4949.500
13021	4950.700
12577	4954.200
13045	4956.000
13685	4956.100
12389	4959.100
14069	4959.500
14505	4962.200
12421	4962.800
13461	4963.400
13613	4965.100
14677	4965.600
13513	4966.800
14129	4967.100
12281	4967.400
14653	4968.400
14093	4968.600
12601	4968.700
14177	4974.000
14773	4976.900
13509	4977.200
13633	4982.800
12737	4983.600
13965	4983.700
13281	4985.700
14401	4986.500
11993	4986.800
14653	4987.100
13869	4987.200
13973	4987.800
13641	4998.200
13429	5001.600
13681	5004.100
14517	5004.300
14737	5005.100
12941	5008.100
14537	5012.200
12773	5014.100
12889	5014.600
14413	5015.500
12769	5015.800
14817	5016.000
14749	5017.000
12609	5018.300
12789	5019.300
14093	5022.100
12657	5025.900
13273	5027.100
13513	5027.300
13465	5028.100
13829	5028.800
12229	5030.400
13113	5036.100
12249	5036.800
13869	5039.700
13725	5040.000
13733	5042.600
13737	5043.000
13857	5043.000
14845	5043.400
12993	5047.300
14545	5047.500
12525	5052.100
14485	5053.400
11989	5053.700
13041	5065.300
12769	5065.800
12821	5066.200
13489	5067.200
13353	5067.700
12353	5068.600
12737	5070.400
12921	5070.400
14605	5071.300
11993	5073.000
12221	5076.400
12977	5077.100
13561	5077.400
14709	5078.200
14757	5084.400
14021	5085.200
13161	5087.400
13365	5089.600
13429	5089.800
13601	5091.200
13413	5091.400
13953	5094.100
13013	5094.300
12321	5097.200
14485	5097.500
13193	5098.300
13721	5098.600
14773	5099.600
14081	5100.100
12993	5100.300
13221	5100.300
13461	5101.700
13509	5101.800
13557	5102.600
13257	5102.900
13781	5103.000
12677	5105.000
13569	5107.200
13681	5107.700
14693	5109.000
13641	5113.500
12537	5115.700
14053	5118.000
13101	5121.800
14233	5123.900
14613	5125.900
13045	5130.000
13013	5130.900
12221	5131.000
14045	5131.700
14729	5131.800
13513	5132.100
14513	5133.500
12225	5136.500
13429	5143.300
13305	5149.800
14517	5152.400
13369	5155.300
14025	5156.400
12777	5159.600
12341	5160.000
14709	5164.900
12861	5166.700
13993	5167.500
14069	5168.000
14113	5168.500
12033	5169.000
12221	5170.800
12657	5178.800
12317	5183.300
14677	5183.400
12141	5184.700
13589	5187.300
13429	5188.500
14301	5189.900
12633	5192.000
14693	5193.400
13733	5198.700
12401	5199.300
12961	5199.700
14153	5200.000
13729	5201.900
13869	5202.400
12229	5202.500
14525	5202.800
12857	5204.100
14505	5204.200
12789	5207.900
14125	5210.200
13929	5212.000
12629	5214.000
13213	5217.700
13601	5217.800
13665	5218.700
12017	5219.200
13513	5219.400
13413	5221.100
13533	5222.000
13433	5223.700
13217	5225.800
14381	5232.500
12541	5237.100
12381	5237.700
12429	5245.000
14673	5245.100
13585	5245.200
14413	5245.300
14069	5245.500
13361	5246.600
12481	5247.800
12813	5249.900
14505	5251.100
13969	5251.400
12993	5259.500
12421	5261.700
14341	5265.900
13429	5267.300
12225	5274.600
13965	5280.200
14545	5290.500
12833	5290.800
12065	5292.900
12473	5293.300
13281	5299.100
12317	5300.400
14217	5301.700
12005	5307.800
13101	5308.700
13021	5309.000
12441	5309.500
12789	5311.400
13457	5311.700
13361	5312.700
13625	5312.900
12449	5320.400
13413	5322.900
13113	5323.100
12061	5323.300
14065	5323.300
13257	5324.100
13857	5325.600
14001	5326.000
14621	5326.400
13713	5329.000
13489	5329.100
13237	5334.900
13233	5336.200
12077	5339.600
13533	5339.700
13601	5340.200
13089	5340.400
12245	5341.400
13865	5341.900
13429	5343.100
14617	5343.100
14545	5343.300
13869	5343.400
12197	5346.400
13857	5350.100
13101	5351.300
13229	5353.900
12229	5354.200
12945	5354.800
13013	5356.500
12865	5356.800
13281	5357.200
14161	5359.200
14109	5359.600
14561	5359.600
14673	5364.400
12577	5364.700
12053	5365.600
12657	5366.100
14081	5367.300
14505	5369.400
14177	5372.000
13445	5376.000
13725	5376.000
14377	5376.400
12349	5376.800
14037	5377.000
13625	5378.500
14529	5379.200
14525	5382.900
12285	5388.000
12857	5390.700
14157	5392.500
12589	5393.100
13373	5393.200
13769	5394.900
12877	5395.200
13185	5395.300
14441	5404.800
14713	5404.900
14125	5406.900
13601	5419.800
12369	5420.000
14081	5420.200
11989	5422.400
12153	5422.700
12129	5424.100
14337	5429.400
14209	5431.900
13233	5432.000
13685	5434.100
14341	5441.200
14509	5441.300
14177	5442.800
13433	5444.200
13709	5445.300
12921	5445.700
12661	5445.900
14773	5446.200
13429	5447.700
14845	5449.700
14749	5450.400
14041	5453.300
12629	5456.300
13101	5457.100
14317	5457.800
14001	5459.000
14565	5459.500
13853	5459.900
12141	5464.400
13013	5465.300
12109	5466.500
14653	5469.100
12705	5472.500
12545	5474.100
12657	5476.200
12437	5476.600
12105	5477.300
12017	5477.400
13089	5477.500
13145	5480.900
12541	5481.900
13605	5482.900
13429	5483.000
12349	5491.300
12409	5492.500
12637	5492.600
12173	5492.800
12993	5492.800
13641	5494.100
12713	5495.400
13909	5497.000
13601	5497.600
13993	5498.500
13141	5498.700
13937	5499.000
12129	5506.600
14125	5510.000
13045	5510.100
12669	5510.300
13869	5511.000
13089	5511.200
13105	5511.600
13461	5511.700
13689	5511.800
14441	5512.100
13009	5512.200
13569	5512.200
14081	5512.300
12249	5512.800
12589	5512.800
12769	5513.500
14605	5523.200
13653	5523.700
12693	5526.400
14737	5526.600
14413	5527.700
14545	5530.500
12437	5530.800
14505	5532.900
14177	5534.800
13361	5535.600
13613	5535.600
13429	5536.400
13069	5536.500
13013	5538.000
13913	5538.000
13593	5539.800
12017	5540.000
13293	5540.000
14093	5545.500
13365	5545.800
13885	5548.100
14665	5555.300
12657	5560.300
13461	5561.400
12229	5562.300
13653	5563.100
14757	5563.600
14737	5566.700
14441	5571.100
13737	5572.100
14173	5573.100
13013	5576.300
12953	5576.900
12313	5580.500
13045	5582.200
12221	5585.200
12065	5586.000
11989	5586.700
13993	5587.000
13413	5587.100
13957	5587.800
14065	5588.000
14385	5588.300
12453	5591.600
12305	5592.400
12569	5592.700
12137	5592.900
12945	5593.500
13509	5594.200
12905	5594.600
13193	5607.100
12693	5608.200
13617	5608.300
12205	5608.500
14845	5608.500
14093	5608.700
14673	5609.600
12789	5616.100
13789	5619.800
14561	5620.600
12333	5621.900
12893	5626.600
12417	5627.400
12881	5629.800
13345	5636.800
12469	5641.500
12205	5642.600
13661	5643.400
13113	5643.500
13897	5648.000
14705	5648.300
14241	5650.000
14337	5654.200
13601	5654.400
12981	5657.600
12961	5660.200
13953	5661.400
14069	5663.600
12633	5665.100
14269	5668.100
13685	5671.000
14561	5674.600
14749	5675.100
12657	5676.900
13069	5677.700
14125	5678.500
13701	5678.600
14725	5679.200
14745	5679.500
12137	5680.200
13641	5682.000
13305	5682.300
14385	5684.200
14505	5684.400
12741	5684.600
12017	5686.400
14001	5688.300
14493	5690.600
13213	5694.800
13533	5695.400
12045	5695.900
13557	5696.100
12029	5696.200
12881	5696.300
14409	5696.400
13685	5697.000
12281	5697.100
12385	5698.300
14093	5699.700
13593	5703.000
14737	5703.000
12349	5704.800
12321	5705.400
13513	5706.000
13469	5715.100
12225	5716.900
13641	5718.100
12441	5720.000
14693	5733.700
14441	5733.900
12909	5734.300
13057	5734.400
14421	5734.400
12881	5734.800
13737	5734.900
13709	5735.400
14545	5737.200
14689	5738.400
13681	5742.000
14473	5743.200
13089	5747.100
13021	5748.600
14653	5749.900
12613	5752.300
13557	5754.000
12545	5754.700
14093	5760.700
12481	5761.700
13485	5761.800
14177	5767.500
14829	5768.300
14049	5769.500
12189	5770.000
14081	5770.100
13413	5771.500
14301	5771.700
13685	5773.500
14845	5774.500
13733	5774.800
12349	5775.500
14333	5775.800
13617	5778.500
13801	5779.700
14001	5791.300
13069	5794.300
12249	5794.500
12229	5798.500
13601	5799.800
12017	5800.200
14749	5801.000
13857	5804.000
13289	5805.500
12537	5807.200
14109	5810.300
13801	5810.400
14833	5817.100
12545	5817.500
13957	5817.600
14485	5817.900
14385	5818.000
13321	5822.200
12785	5822.500
12569	5823.600
12705	5825.000
13461	5829.600
14093	5837.700
12077	5838.600
12769	5844.600
12453	5845.500
12229	5849.100
14721	5850.200
12005	5852.300
13461	5853.500
13645	5856.800
13849	5858.900
14049	5859.400
14421	5862.300
13433	5862.800
14241	5862.800
12065	5863.700
14693	5864.100
13929	5864.800
12785	5867.400
13413	5872.100
13857	5876.800
13957	5877.600
14397	5878.900
12285	5879.000
14653	5880.400
13045	5880.900
14733	5881.400
13833	5882.700
12057	5883.500
12333	5885.100
13749	5889.800
12441	5893.300
13433	5893.600
12877	5895.400
12185	5895.900
13089	5896.200
14457	5896.400
13557	5899.400
14277	5904.700
14105	5905.400
12197	5906.400
13857	5906.700
14701	5909.100
13069	5909.600
13533	5909.700
12137	5910.600
12985	5913.100
12861	5916.900
12481	5919.000
12317	5924.300
12821	5926.000
13413	5927.000
13073	5927.500
14677	5927.600
14561	5927.900
14433	5928.600
13821	5930.600
13685	5932.000
14845	5934.700
14081	5937.500
12981	5942.000
13909	5942.500
13549	5942.700
11993	5943.700
12769	5943.700
14597	5946.100
14505	5950.200
13641	5950.300
12061	5951.000
12393	5951.200
13089	5951.900
13869	5952.300
12137	5953.300
12321	5955.400
14653	5956.400
13229	5958.300
13709	5961.300
13193	5961.500
12389	5963.300
13393	5965.800
12821	5966.600
13581	5966.800
14673	5966.800
13137	5966.900
14149	5967.100
13617	5967.500
12141	5967.600
13533	5968.000
13161	5969.400
13377	5971.200
13025	5971.700
13485	5973.200
12413	5977.100
12017	5977.200
13361	5978.700
13445	5979.300
12989	5980.700
14737	5981.900
12725	5982.300
14093	5982.500
11993	5984.900
12953	5984.900
14289	5985.400
13257	5985.700
13725	5986.300
12861	5987.400
14381	5988.900
13837	5989.200
13685	5990.700
13229	5992.400
14069	5992.600
11989	5995.400
14493	5997.400
14773	5998.300
13533	6000.900
13069	6002.200
14517	6002.800
12249	6012.600
14125	6015.800
13957	6016.400
12173	6017.200
13601	6019.200
13769	6024.400
12669	6024.600
12773	6027.100
12081	6029.900
13709	6030.900
14485	6031.100
13113	6031.600
13613	6032.000
12017	6035.400
13285	6035.600
12205	6037.000
13261	6042.600
13169	6042.800
14845	6047.300
12629	6047.600
13557	6048.300
14493	6048.600
14673	6048.700
12985	6049.500
13653	6049.500
12521	6049.900
14561	6049.900
13413	6050.600
12869	6054.600
14229	6058.500
14569	6059.400
14413	6060.500
13613	6067.800
12057	6069.700
13461	6071.900
14845	6074.100
14505	6074.500
13541	6075.000
13361	6076.000
13021	6076.600
14269	6077.200
13073	6077.400
13877	6077.900
13429	6078.100
13177	6086.400
12389	6087.700
12881	6090.300
12793	6091.100
12421	6091.300
14069	6091.800
13013	6092.000
13069	6092.900
14513	6093.100
12005	6093.300
12045	6093.500
12649	6093.600
13601	6094.000
14745	6094.200
14157	6094.300
12017	6094.600
14817	6095.800
13025	6096.100
13533	6097.700
14081	6097.700
14805	6099.500
14309	6100.800
14545	6101.100
12297	6103.400
12565	6105.000
12229	6105.600
12485	6106.200
14493	6108.200
13365	6110.900
13861	6111.000
12589	6111.800
13613	6112.200
12425	6116.000
13429	6117.200
13417	6117.500
12737	6120.400
12389	6120.800
14509	6122.300
12985	6124.100
14129	6127.700
12941	6128.400
13461	6129.600
12453	6130.400
13557	6136.800
14289	6140.800
14369	6140.800
14693	6140.800
12741	6140.900
14517	6141.100
13069	6141.200
13045	6142.300
13581	6142.900
14373	6144.200
13857	6157.700
12321	6157.800
12865	6160.700
12693	6163.300
11993	6163.400
12353	6169.100
11989	6169.700
13049	6169.800
13209	6169.800
12657	6171.200
13121	6171.300
14065	6172.600
14313	6172.600
13089	6174.100
13853	6183.200
12249	6184.400
13417	6184.500
12481	6186.200
12361	6186.600
12873	6189.600
12565	6190.900
13953	6194.900
12257	6200.700
14093	6203.500
13685	6205.100
14441	6207.600
14385	6208.400
13461	6216.200
12905	6217.400
13513	6219.200
13029	6219.400
12821	6220.000
13289	6221.300
13557	6222.600
12877	6224.000
12961	6229.200
12941	6230.300
14125	6230.900
12857	6232.100
13801	6234.500
14177	6235.900
13825	6236.700
14525	6237.200
13413	6237.900
12245	6238.100
12337	6239.600
14505	6240.100
14693	6240.700
12825	6241.000
13033	6241.100
12285	6241.700
14545	6242.400
14653	6243.700
12789	6244.100
13685	6244.500
13417	6246.500
12005	6247.200
14413	6251.900
12301	6253.500
12309	6254.500
13681	6255.700
13653	6257.400
13909	6258.200
13213	6259.900
12045	6261.200
12249	6265.000
14493	6267.000
12981	6267.400
14081	6267.700
12461	6270.300
12229	6271.100
12961	6271.200
13701	6272.100
13901	6273.100
12973	6274.200
13357	6274.300
13557	6274.600
13069	6279.000
13125	6281.900
13469	6283.000
13601	6283.500
13853	6283.600
12769	6284.200
13413	6285.000
13089	6285.300
14761	6288.000
13429	6288.800
12813	6292.800
14149	6296.100
14093	6297.400
11989	6299.600
13165	6300.600
14709	6301.200
14845	6301.200
14565	6301.600
13493	6302.100
12017	6304.100
12053	6305.300
12109	6305.600
12657	6309.000
13801	6311.600
13377	6316.200
14565	6318.100
12693	6322.500
12121	6323.100
13169	6326.800
14441	6328.100
14081	6330.300
12769	6333.100
12157	6335.300
14709	6335.700
13225	6338.700
14409	6341.700
13569	6342.100
14177	6346.500
13625	6346.600
12221	6348.200
13737	6355.100
14301	6356.800
13601	6357.100
13557	6357.400
12129	6357.800
14545	6358.100
13749	6358.600
12933	6359.000
13413	6360.800
13457	6367.500
12453	6369.600
13045	6371.500
12905	6373.800
12097	6374.400
13641	6375.200
13225	6375.500
14817	6375.700
12221	6376.300
12737	6376.300
13361	6376.300
13545	6376.500
12681	6376.900
14021	6377.300
12609	6377.900
14477	6378.200
12541	6387.400
12777	6387.700
14653	6389.600
13429	6390.400
14505	6390.700
13233	6391.300
12137	6391.500
12741	6392.900
12221	6394.400
14277	6395.400
13013	6395.900
12973	6396.600
13973	6397.800
12173	6398.400
14805	6398.700
12133	6399.900
12769	6402.200
12525	6402.300
12129	6409.200
12453	6412.200
14737	6412.700
12037	6413.100
13857	6413.400
12589	6413.700
13017	6414.000
13789	6414.100
12789	6414.600
12813	6414.700
12349	6416.000
13749	6416.100
13217	6416.700
11969	6416.800
14105	6416.900
12857	6417.000
14509	6417.100
12329	6417.200
13065	6417.300
13229	6421.900
12829	6425.200
13533	6425.400
12693	6428.600
14421	6434.500
13413	6440.800
13113	6441.100
12309	6441.600
14505	6441.800
13345	6442.900
13557	6444.800
13513	6445.300
12329	6446.100
13857	6447.000
12657	6447.700
12229	6447.800
13009	6449.700
12485	6452.800
13121	6454.900
12465	6457.600
13557	6457.600
12037	6457.900
13065	6458.400
13837	6459.500
12137	6468.400
13433	6469.500
12769	6471.600
14525	6472.800
12245	6474.500
12425	6475.600
14309	6475.900
14157	6476.500
12121	6476.800
13641	6476.900
13329	6478.600
14337	6479.600
13037	6480.700
14221	6480.800
12053	6481.800
12961	6487.000
14265	6487.800
13161	6488.400
14117	6489.600
14301	6494.200
13429	6498.800
14505	6499.100
13217	6500.000
12821	6500.800
13229	6500.900
12869	6505.000
13021	6505.700
14317	6509.000
13685	6510.100
14565	6510.900
13361	6511.700
12441	6511.800
14705	6513.200
12321	6513.600
13789	6513.800
14669	6519.900
12841	6524.800
13477	6525.600
13513	6526.200
13901	6527.100
13733	6527.800
12141	6528.400
14109	6528.400
14505	6528.900
13213	6529.700
12425	6531.800
14277	6534.300
12721	6534.400
11993	6535.400
13393	6535.600
12429	6535.800
14285	6536.000
13385	6537.500
14597	6538.000
12437	6544.600
12657	6545.300
13469	6545.400
14125	6545.900
13617	6551.900
14577	6553.300
13685	6558.800
13669	6564.900
12369	6565.800
14737	6566.100
12809	6566.600
11989	6569.500
12377	6570.600
13013	6570.700
14561	6570.900
13661	6571.400
12429	6571.500
14693	6571.600
12173	6571.700
13461	6571.900
13281	6572.200
14545	6575.600
13465	6584.000
14749	6585.300
12285	6586.900
13533	6588.600
14081	6588.700
12525	6591.700
13081	6592.100
13869	6601.500
14421	6601.800
13313	6606.600
13429	6607.500
12961	6607.600
14301	6607.700
12637	6607.800
13261	6607.800
12933	6607.900
12105	6608.100
13957	6608.300
13857	6608.600
14109	6611.000
14269	6613.900
14653	6618.500
12021	6622.200
13669	6623.300
12137	6624.700
12453	6627.000
12973	6627.900
13681	6628.000
14393	6628.200
14737	6628.200
13689	6628.300
12481	6629.500
13485	6629.600
13089	6630.100
13477	6630.100
12077	6640.700
14817	6641.400
13793	6641.600
12769	6641.800
13229	6642.200
13601	6642.300
12721	6642.800
14277	6643.200
13013	6643.300
14033	6643.300
12189	6643.400
13233	6643.400
12065	6643.700
14645	6643.700
14509	6643.800
12281	6643.900
12813	6643.900
13217	6644.100
12601	6644.200
13857	6652.100
13389	6653.000
13073	6653.800
14721	6655.800
12697	6656.300
14049	6658.300
13461	6663.500
13413	6664.800
14609	6665.600
13737	6670.100
13577	6672.400
14505	6672.400
13229	6674.900
13045	6678.000
14441	6679.900
12225	6683.300
14053	6689.300
14693	6690.200
12857	6690.500
12753	6690.600
13601	6690.900
14081	6691.300
12569	6691.400
13409	6691.700
13013	6691.900
13965	6694.700
14125	6696.200
12281	6698.600
12865	6701.900
12577	6706.000
13557	6706.000
14357	6706.900
12657	6707.300
13069	6707.700
14493	6708.000
13313	6708.800
13685	6709.100
13661	6709.800
12941	6710.000
12557	6710.200
12869	6711.600
14845	6712.200
12961	6713.200
14385	6713.700
13961	6716.300
13365	6721.200
14353	6721.500
12017	6723.700
12953	6729.100
13685	6729.800
14705	6730.400
12993	6731.800
14413	6732.300
12413	6733.100
14621	6734.500
14505	6734.900
14689	6736.300
13737	6737.400
13469	6737.900
12329	6738.800
13089	6745.400
13857	6746.400
14441	6747.800
12601	6748.400
12245	6749.500
12389	6749.500
12109	6749.700
14081	6749.900
14669	6751.400
12173	6752.700
13461	6753.200
13541	6754.300
12769	6756.100
12657	6758.100
14001	6758.300
14109	6758.600
14605	6761.100
12889	6761.400
13069	6762.400
13413	6762.500
13229	6763.300
13245	6763.900
12129	6764.600
12629	6766.500
13361	6773.300
12229	6775.000
13613	6778.300
14657	6779.400
13901	6779.700
14721	6780.900
14177	6781.200
13513	6781.800
13053	6783.600
13401	6783.900
11993	6784.500
13501	6787.000
12953	6792.200
13685	6793.800
14525	6796.800
13857	6797.000
12365	6797.800
14101	6800.800
12933	6801.800
12517	6802.300
13045	6805.700
14337	6806.800
12281	6809.700
12081	6809.800
12377	6810.400
14653	6811.200
13373	6813.000
12661	6815.200
14753	6815.300
13229	6816.000
12225	6820.900
13413	6821.900
12317	6823.300
14621	6824.300
13853	6827.700
12221	6829.100
14129	6830.000
13493	6830.200
12333	6830.300
12005	6830.700
12233	6832.800
13685	6834.000
12105	6834.400
13861	6835.400
13165	6835.600
12301	6838.600
14597	6840.800
14301	6843.200
13641	6843.400
12893	6845.200
13021	6845.500
12253	6845.800
12057	6846.200
12761	6846.800
13513	6848.300
12137	6848.700
13997	6849.000
14241	6849.100
13277	6849.400
13313	6852.200
12229	6859.000
14045	6859.500
12541	6862.100
13793	6863.500
12645	6863.700
13685	6865.700
13417	6866.500
12537	6868.000
13517	6868.800
14841	6878.700
12037	6879.100
12777	6881.200
13973	6881.600
14049	6883.100
13581	6889.500
13413	6892.900
12265	6893.300
13165	6893.500
13461	6894.500
13789	6894.700
13633	6895.300
14505	6900.700
14773	6901.000
14573	6905.500
14105	6907.500
13089	6911.400
12981	6912.400
12141	6913.500
13045	6914.000
14081	6914.400
12065	6914.800
13533	6914.900
13597	6915.000
12053	6920.300
12657	6922.200
13361	6929.500
13857	6937.700
13513	6938.700
14277	6939.100
13509	6939.300
12229	6940.200
12389	6941.000
13089	6945.100
12741	6949.800
13069	6950.400
13661	6950.500
13525	6951.800
13861	6953.000
12769	6953.600
12413	6953.900
12321	6954.100
12453	6954.800
14505	6955.900
13601	6956.700
12017	6958.500
11993	6960.200
12221	6962.700
13737	6965.000
13025	6966.900
13225	6967.400
12205	6971.500
14685	6972.900
12773	6973.600
14745	6974.000
12189	6974.100
12637	6975.700
13469	6979.200
14545	6979.700
13269	6979.800
12473	6985.900
13973	6987.100
12789	6988.800
12865	6991.400
13857	6991.800
13045	6992.800
12485	6993.700
13105	6994.300
12133	7005.900
12389	7008.700
14845	7011.000
14109	7014.200
12977	7021.300
13709	7021.400
13513	7021.700
12245	7022.300
13281	7022.500
13805	7022.800
14501	7022.800
14605	7023.000
13509	7023.100
12741	7025.700
12517	7025.900
12769	7026.400
12401	7026.500
13089	7026.800
14449	7027.000
14673	7032.000
13661	7033.000
14081	7033.700
13045	7034.600
13533	7037.600
14265	7038.500
12889	7039.300
14593	7039.700
14769	7042.300
12437	7043.400
13513	7045.300
14773	7049.100
14209	7051.700
13485	7052.900
13305	7055.500
12321	7056.600
14369	7056.600
14653	7060.200
13133	7060.300
13941	7060.900
13033	7062.200
14817	7063.000
12349	7063.300
12129	7063.500
13089	7066.600
14545	7066.800
14093	7068.000
13393	7068.300
14177	7071.700
14233	7076.900
12633	7078.200
13705	7079.000
13413	7079.200
13805	7079.400
13073	7080.200
13561	7081.000
13125	7083.000
12369	7086.000
13541	7090.400
14001	7092.500
12441	7092.900
12053	7093.300
14737	7093.800
14549	7093.900
14613	7093.900
13729	7094.200
12873	7094.300
12017	7099.500
12941	7100.900
14333	7106.700
14781	7106.700
13389	7106.900
14693	7107.000
12525	7107.400
13737	7107.500
13173	7108.000
13857	7109.300
12609	7109.700
14045	7110.000
14005	7111.500
13873	7113.400
13413	7114.600
14277	7123.300
14301	7128.500
13229	7128.700
14065	7129.300
13765	7129.400
13557	7129.800
14333	7130.600
13045	7132.400
13433	7132.500
13373	7132.800
14673	7134.300
13021	7135.000
13101	7135.200
12229	7142.600
14017	7144.400
13533	7145.200
13113	7146.300
12769	7147.400
12233	7149.800
14677	7150.400
14773	7154.700
14157	7154.900
12949	7157.500
14517	7157.800
13737	7158.000
14605	7159.600
12065	7166.400
14513	7167.700
13013	7168.900
13461	7169.800
14565	7170.700
13429	7171.400
13869	7175.400
12585	7179.500
14337	7179.600
12129	7181.900
12317	7182.100
13513	7185.400
12261	7185.600
13561	7185.700
12437	7185.800
12609	7185.800
12097	7185.900
14109	7186.100
13685	7189.900
12237	7190.700
14545	7190.700
12761	7191.200
14265	7191.900
13433	7200.100
13857	7201.000
14069	7203.000
13613	7203.900
14693	7204.900
13877	7206.200
14269	7206.800
14677	7214.200
13469	7214.600
14249	7215.200
14505	7221.000
13021	7221.100
12569	7222.500
12741	7223.400
13501	7223.700
14149	7224.500
14301	7224.700
13493	7225.000
14565	7227.700
14549	7231.600
14545	7231.700
12657	7240.300
12981	7241.400
13029	7242.300
14525	7242.300
14349	7242.900
14601	7242.900
12905	7243.200
13213	7243.300
13221	7243.400
13849	7243.400
13513	7243.900
13069	7244.000
13725	7244.200
13325	7246.500
12629	7248.200
13581	7248.500
14845	7250.100
12053	7250.200
14505	7252.600
14125	7252.800
13865	7255.700
12777	7257.700
12021	7258.900
12693	7260.100
14173	7260.600
14081	7261.500
14709	7261.500
11989	7261.900
12229	7263.200
12973	7265.500
13413	7266.000
14049	7267.400
12857	7270.500
12045	7271.100
12681	7271.800
14621	7271.900
13229	7281.700
12349	7283.000
12949	7284.600
12137	7286.000
12689	7287.200
12877	7288.800
13533	7292.700
12657	7293.600
14081	7297.800
14505	7299.800
13293	7302.000
12885	7302.200
14149	7302.700
13785	7303.200
12741	7304.500
12629	7305.100
12141	7305.600
13681	7306.600
13493	7307.000
12609	7310.800
12993	7315.900
14241	7318.800
13901	7320.000
12905	7325.000
14517	7326.700
12869	7327.600
12453	7333.400
14257	7333.700
12005	7336.400
12449	7337.600
12721	7339.400
13781	7348.700
14017	7348.700
13013	7348.900
12021	7349.200
12333	7351.200
14561	7353.300
12737	7355.700
13429	7355.700
13989	7355.800
13229	7356.200
12785	7360.400
12905	7362.400
13793	7366.100
14509	7366.200
12121	7367.100
14069	7367.300
13601	7369.100
12585	7370.000
13533	7370.400
12153	7376.000
14149	7377.300
14269	7377.500
13857	7378.100
13869	7378.200
14529	7382.000
12525	7383.600
14721	7383.900
14181	7384.600
13641	7387.100
14713	7387.100
12009	7397.900
12365	7399.100
14769	7399.300
14757	7400.800
12953	7404.100
13485	7408.600
13413	7409.100
12733	7412.300
13361	7412.300
12285	7413.700
13853	7416.300
12137	7416.900
13229	7417.500
13773	7423.200
13429	7423.400
12221	7424.300
13045	7425.400
13961	7425.600
12977	7427.100
12213	7427.300
14153	7428.700
12453	7430.400
14737	7430.400
13601	7430.600
14653	7431.200
12905	7434.000
13469	7434.300
14505	7435.200
14845	7436.800
13445	7439.900
12949	7441.300
14177	7443.500
14161	7443.700
13785	7444.300
13625	7444.800
13857	7445.400
12829	7448.000
13557	7451.200
12093	7452.500
13089	7454.600
14733	7457.200
14041	7457.900
12769	7458.700
14517	7464.800
12065	7465.100
13513	7466.000
13045	7466.200
13901	7469.500
12149	7469.800
14613	7470.200
14181	7470.500
12337	7472.600
14581	7473.000
13445	7474.600
13685	7476.400
12853	7481.000
13689	7482.700
14413	7483.500
14077	7487.000
12693	7487.100
12321	7487.200
13269	7488.000
12249	7488.300
12309	7488.800
13433	7489.800
13213	7489.900
14177	7490.200
14545	7490.900
12109	7491.100
13045	7491.800
14009	7491.800
13049	7492.000
13413	7492.500
14673	7494.300
13801	7499.200
13461	7500.500
13429	7502.100
13509	7502.900
14045	7506.000
12993	7508.000
14277	7508.100
13557	7508.200
14561	7508.200
13385	7509.000
11993	7509.100
14109	7509.300
14653	7510.000
12229	7513.800
12905	7514.000
12657	7514.500
13601	7524.300
14709	7525.000
12265	7525.400
12865	7526.100
14125	7526.100
13545	7526.800
12677	7526.900
12081	7527.700
13941	7528.800
13749	7529.700
13877	7539.000
14049	7541.500
13377	7542.100
14157	7542.200
13857	7542.900
13709	7543.500
14545	7543.700
13369	7544.300
14365	7544.300
13793	7544.400
12205	7545.000
13113	7545.400
14141	7545.800
12973	7546.500
12961	7546.600
13737	7546.600
12281	7548.400
12657	7549.800
14737	7555.100
12769	7555.400
14317	7555.700
13765	7555.800
12661	7555.900
14493	7559.900
14265	7562.400
14561	7564.400
13513	7567.500
13601	7570.400
14673	7572.500
13045	7576.700
14557	7577.900
13781	7578.400
12657	7578.700
12821	7578.800
14545	7581.400
11989	7586.400
12633	7587.000
14445	7590.800
14733	7591.600
12017	7592.800
12337	7592.900
13525	7593.000
13053	7595.800
12229	7596.000
12249	7596.200
12225	7598.000
12961	7599.300
14409	7599.700
13993	7600.400
13441	7600.700
14773	7601.200
12581	7603.600
13361	7605.400
13833	7605.700
12481	7609.800
14141	7611.900
12361	7612.300
14613	7612.400
12757	7615.800
14817	7618.300
12389	7620.000
12613	7623.900
13021	7625.200
14757	7626.600
12585	7628.500
13101	7631.900
13581	7633.600
14365	7636.700
12337	7638.800
13217	7639.700
12669	7642.000
13413	7642.900
13361	7643.200
13685	7645.000
12413	7645.900
12849	7650.000
13121	7659.200
13869	7659.400
13937	7661.100
14709	7661.700
14269	7662.100
13013	7669.900
14301	7672.000
13857	7672.900
12281	7674.100
14813	7676.100
14621	7676.400
14793	7677.300
14093	7678.200
12609	7678.600
12225	7678.900
13593	7679.200
13545	7679.700
14665	7680.000
11989	7686.500
13121	7691.500
13045	7692.100
12657	7692.400
14081	7693.000
13849	7693.300
12481	7694.100
14557	7696.800
12165	7701.000
13413	7703.200
13689	7703.800
13485	7704.000
12357	7713.500
12045	7713.600
12113	7714.400
13613	7716.600
12629	7716.700
13653	7717.600
14605	7717.800
12449	7718.000
12753	7718.000
13101	7718.000
12005	7718.100
14517	7718.100
14737	7718.300
12057	7718.600
13089	7719.000
13273	7719.100
13533	7719.200
12173	7719.300
14081	7720.100
14441	7723.700
13749	7724.400
13073	7725.800
12389	7728.300
12789	7729.900
12849	7734.800
14653	7737.300
13601	7738.200
13465	7741.300
14817	7741.800
14641	7746.000
13045	7747.300
14081	7758.000
13533	7760.800
12777	7762.700
13461	7762.700
14405	7763.400
14737	7765.300
12081	7767.500
13513	7768.900
12065	7772.600
12657	7776.200
14505	7777.100
13429	7781.900
12333	7782.200
13361	7784.100
13357	7785.100
13909	7789.100
12589	7790.800
13021	7794.000
12057	7795.100
12805	7795.800
12545	7796.700
12609	7798.300
14413	7800.000
13601	7802.100
12041	7802.500
12453	7803.100
13857	7803.200
13397	7804.500
13045	7808.800
14457	7812.500
14773	7812.600
12821	7813.600
12421	7814.200
13625	7818.100
13493	7820.700
14337	7821.400
14081	7821.800
12737	7839.400
12133	7839.800
13857	7841.400
12961	7844.500
12545	7845.200
13117	7845.400
13549	7845.500
13013	7848.600
14513	7853.100
13581	7854.500
14593	7856.100
13361	7856.400
12285	7857.700
14045	7858.200
12905	7860.200
12229	7860.400
12141	7867.900
13557	7868.100
13429	7869.200
14413	7869.900
12849	7870.100
13941	7870.100
14017	7870.200
14109	7870.500
12045	7870.700
14385	7872.300
14233	7872.600
13685	7874.600
13961	7875.700
12017	7876.600
12789	7877.400
14021	7879.000
13089	7879.500
13121	7879.800
12245	7884.200
14565	7884.600
14001	7886.500
13585	7889.800
12429	7890.700
13141	7893.700
14733	7894.600
14669	7896.200
14157	7897.800
14457	7898.000
14773	7898.200
12481	7900.600
13525	7902.200
14545	7902.400
12053	7902.700
14241	7904.400
12625	7905.200
12153	7908.000
13373	7910.300
13361	7912.800
13553	7912.800
13901	7915.200
12589	7915.700
12541	7917.900
12865	7919.300
13217	7920.200
14677	7926.100
13421	7926.700
14621	7926.900
12657	7928.000
14573	7928.800
13857	7930.600
13513	7931.300
14245	7931.400
12425	7933.800
14509	7934.600
13429	7935.600
14845	7936.100
13065	7937.900
14301	7942.100
12941	7942.700
12473	7944.400
13117	7945.000
12225	7948.200
14269	7950.900
12909	7953.900
12997	7954.500
13481	7956.800
14201	7957.000
14721	7957.000
12877	7957.200
14545	7957.800
13213	7957.900
12321	7958.400
12769	7958.700
12649	7958.800
13737	7960.400
14705	7960.900
14265	7961.700
13089	7962.100
13557	7963.000
14341	7963.300
12705	7963.500
14737	7964.100
12865	7965.200
13045	7965.200
12045	7967.200
12857	7967.600
14045	7973.000
14505	7977.800
12741	7978.800
13441	7979.000
12961	7979.600
12453	7979.800
14189	7981.100
13429	7986.100
13557	7989.100
14385	7989.300
12205	7992.300
14241	7994.100
14545	7996.700
14081	7996.800
14637	7997.000
14149	7997.900
12437	7998.600
13285	7998.900
12657	7999.400
13653	7999.400
12441	8002.200
13513	8004.100
12869	8005.000
13257	8006.800
12525	8008.300
13701	8009.100
12777	8012.000
12905	8013.100
14549	8013.100
12521	8013.200
12721	8014.500
12021	8014.900
12689	8014.900
14177	8018.000
13861	8023.100
14069	8023.700
13045	8026.200
13557	8027.000
13769	8027.100
12997	8027.200
13461	8030.800
14197	8031.400
12961	8032.100
13561	8032.200
13613	8032.900
13781	8034.400
12589	8035.300
13641	8036.500
13601	8037.700
14709	8040.600
13509	8041.100
12221	8045.300
14177	8045.400
14241	8046.300
12349	8047.000
13373	8047.200
12413	8047.400
12245	8047.900
13589	8047.900
12065	8048.100
12121	8048.900
13105	8054.400
12097	8054.700
14693	8055.800
13429	8057.800
12877	8057.900
12689	8059.400
13433	8059.700
14741	8059.800
12769	8060.100
13857	8063.100
13901	8065.800
12013	8065.900
14505	8066.000
13885	8066.200
14457	8066.400
14241	8066.600
14093	8076.300
12557	8077.300
13513	8079.600
12657	8081.400
13669	8081.600
14845	8082.600
13089	8091.200
14833	8091.400
14561	8095.300
12185	8097.700
14001	8099.400
14605	8099.600
13713	8100.400
13037	8100.800
14493	8101.500
14773	8106.700
13009	8107.200
12221	8107.900
14509	8110.200
14033	8111.200
14453	8112.900
13141	8114.200
13857	8117.900
14177	8119.100
12821	8121.300
13429	8122.100
12517	8122.200
14505	8122.400
14081	8122.500
13405	8122.600
12629	8123.100
13641	8123.100
12961	8123.400
12285	8125.400
13057	8133.000
13481	8133.500
13685	8134.300
14349	8136.700
11993	8136.800
13361	8138.800
12885	8139.200
12481	8139.300
13909	8141.200
14289	8143.900
13309	8146.200
14701	8154.000
12525	8154.300
13869	8154.600
12721	8155.200
12737	8155.300
12949	8155.700
12697	8156.100
14829	8156.500
12441	8156.800
12529	8156.900
12017	8157.300
12617	8169.400
12765	8178.300
13601	8178.600
13013	8179.900
13709	8179.900
12525	8186.800
12821	8188.800
13513	8192.800
13101	8193.800
14161	8194.000
14241	8194.700
13737	8196.500
13941	8196.700
14517	8196.800
13385	8196.900
13901	8196.900
12921	8197.700
12941	8200.300
13665	8200.600
13701	8201.100
13345	8206.600
12349	8206.700
12133	8209.200
14709	8209.900
13469	8210.000
14485	8213.900
12485	8215.300
13725	8215.400
14069	8215.400
14621	8216.000
12429	8216.200
13045	8218.800
13141	8219.900
12137	8224.300
12525	8228.900
13225	8229.900
14669	8232.000
12389	8232.100
12037	8232.900
13429	8233.000
13413	8233.800
12705	8234.200
14417	8243.900
13377	8245.800
12753	8246.400
12225	8246.700
11989	8248.200
12865	8249.800
13533	8250.400
14709	8251.200
13293	8254.300
14517	8257.900
12929	8258.000
14441	8267.700
13857	8267.900
14301	8268.100
14097	8268.300
14017	8272.500
13601	8274.600
12145	8276.700
12221	8278.100
13417	8278.100
14661	8279.700
14545	8280.900
13737	8282.100
14093	8282.500
12657	8282.900
13045	8284.200
14613	8284.700
12109	8284.800
13105	8288.800
13613	8290.700
12541	8291.200
14045	8291.500
11989	8292.800
14485	8298.300
12017	8298.700
13513	8299.800
12045	8300.900
12813	8301.100
13233	8301.500
14653	8302.600
13289	8302.900
13237	8304.900
13361	8308.900
13613	8309.500
13441	8310.500
12389	8311.200
12693	8312.500
13685	8313.000
13445	8314.700
12469	8315.000
13069	8315.600
12609	8318.900
14341	8319.200
14621	8319.500
13417	8320.300
14545	8320.300
12649	8321.200
13557	8322.600
13285	8323.100
12681	8323.900
13545	8324.300
12245	8325.200
12441	8327.900
12257	8328.900
14693	8329.200
14069	8331.000
14629	8332.100
13877	8332.500
13601	8333.100
14365	8333.400
12277	8334.500
13861	8334.500
14845	8334.600
12349	8336.200
13461	8346.200
11993	8346.800
12481	8348.900
12333	8349.000
12389	8349.600
13113	8351.700
14773	8353.500
13361	8353.900
12437	8359.500
12137	8361.700
13089	8363.800
12077	8364.800
13337	8365.000
14561	8366.600
12249	8368.900
13625	8371.100
12121	8371.300
12537	8371.500
13301	8371.500
13709	8372.500
12429	8373.400
14505	8373.400
13577	8373.500
13429	8374.200
14525	8375.100
13509	8375.200
14421	8376.800
13469	8377.200
13593	8378.500
13101	8381.700
14341	8383.100
13853	8386.000
14721	8386.500
13661	8388.000
13161	8390.900
13533	8392.300
12629	8393.500
12001	8398.900
12109	8399.000
13909	8405.300
14673	8405.900
14053	8407.200
12469	8409.300
13141	8409.600
14657	8411.400
12561	8411.500
12453	8413.300
14733	8413.400
13785	8416.600
12205	8420.100
12437	8421.200
14109	8421.700
13813	8429.400
13361	8430.000
13269	8431.300
12349	8431.400
14113	8431.700
13973	8432.400
13861	8435.900
13601	8438.800
12221	8442.000
14365	8444.600
12057	8445.400
14385	8445.800
12441	8446.100
13557	8446.300
12717	8446.900
14653	8446.900
13749	8447.300
14669	8447.700
12545	8448.100
13165	8449.800
14505	8451.500
13857	8459.100
12229	8464.500
12333	8467.300
14521	8469.900
13441	8473.000
13305	8475.400
13737	8477.300
12529	8478.500
14661	8478.500
12221	8479.400
12789	8480.400
13485	8483.700
14445	8484.100
12281	8484.200
13841	8484.400
13429	8484.800
12341	8485.200
14177	8485.300
14365	8486.600
13681	8487.800
12881	8491.400
13601	8497.000
13449	8505.700
13613	8505.800
12021	8505.900
13161	8506.200
13153	8506.900
13237	8507.300
13761	8507.800
12749	8508.000
12769	8508.500
14505	8513.100
12453	8514.200
14693	8514.800
14697	8514.800
13745	8517.300
12349	8517.600
12225	8518.000
13357	8518.600
12761	8518.700
13557	8520.900
12545	8522.000
13581	8522.200
13857	8524.500
12113	8526.000
14105	8526.400
13913	8528.200
14309	8529.700
12693	8531.700
13045	8532.900
13069	8537.500
12773	8539.300
12245	8542.200
13353	8542.500
13733	8543.200
13593	8543.400
12649	8543.500
14505	8544.000
14257	8544.800
13009	8544.900
14297	8545.000
13037	8545.500
14545	8545.500
14605	8546.400
12657	8546.500
13601	8546.600
13405	8548.400
13225	8549.200
12133	8550.500
11989	8554.600
13433	8556.100
14109	8559.600
12341	8561.900
13137	8562.200
12173	8562.600
13877	8563.000
13045	8563.500
12769	8563.800
12545	8564.400
14081	8564.800
11981	8566.500
13493	8566.600
14669	8571.900
12517	8582.200
14545	8582.800
13361	8583.300
12381	8583.800
13589	8584.100
12337	8584.200
13685	8584.800
14549	8585.400
12405	8586.500
13025	8590.500
13545	8590.800
13433	8591.400
14385	8593.700
12977	8596.100
12661	8596.300
12205	8596.400
14621	8597.500
14125	8597.900
12521	8598.600
14437	8599.300
12141	8601.900
13105	8604.000
13241	8606.300
13173	8607.900
13045	8610.100
12961	8611.700
13165	8613.600
14745	8614.500
14177	8616.100
12941	8616.700
13929	8618.600
13469	8619.000
14689	8619.600
14557	8619.800
14613	8620.100
12821	8622.400
13429	8624.400
13473	8624.500
12901	8626.300
13533	8627.700
12529	8628.400
12113	8628.600
13857	8628.600
14409	8628.600
14781	8629.500
13121	8630.000
14505	8630.000
13545	8631.000
13513	8633.800
14093	8634.500
13361	8634.600
14693	8635.700
12629	8636.500
12153	8637.400
13629	8640.500
14441	8642.300
12221	8643.400
13045	8643.400
12389	8645.000
14361	8648.400
14773	8650.200
13817	8652.900
11993	8653.100
11989	8653.800
12437	8654.400
12961	8654.700
14385	8662.200
13089	8663.100
12505	8663.600
12773	8666.100
12077	8666.500
12769	8670.200
14525	8671.700
14305	8675.600
13417	8679.100
12381	8680.700
13853	8681.300
12021	8681.600
14709	8681.600
14365	8681.700
13061	8681.800
12577	8682.500
12697	8685.200
13737	8691.100
13361	8692.700
12389	8695.700
12613	8696.300
14341	8696.400
12337	8697.300
12141	8699.000
13689	8699.400
12245	8700.200
13749	8700.900
11993	8702.000
13273	8703.100
13013	8706.300
13501	8708.100
13485	8708.800
14125	8709.000
13145	8713.500
14517	8713.800
12317	8716.800
13509	8719.700
13413	8720.100
12057	8720.300
12221	8720.400
13857	8729.400
12769	8731.000
13901	8735.900
14417	8736.700
14085	8736.800
13601	8737.200
12333	8737.500
12229	8738.800
12137	8740.200
12941	8741.100
13225	8742.400
13101	8743.200
13065	8743.300
13013	8743.400
13353	8743.500
12481	8744.000
13089	8745.100
13533	8747.100
14813	8749.200
14545	8751.000
13529	8751.800
13429	8753.200
14561	8753.300
14049	8754.200
13209	8754.500
14653	8754.800
13661	8756.000
14597	8758.200
13909	8758.300
13513	8764.200
14665	8764.200
14677	8764.300
13365	8765.300
12649	8766.100
14301	8772.000
14729	8774.300
12629	8774.500
14413	8775.200
14417	8775.300
14513	8775.300
13461	8775.500
14721	8777.100
12201	8777.300
12805	8777.600
14365	8778.000
12761	8779.300
13601	8786.200
14069	8794.500
14169	8795.100
14773	8795.400
12545	8795.600
14581	8795.600
13413	8797.400
12453	8797.600
13857	8797.800
12109	8803.000
14737	8803.400
12361	8804.200
12437	8804.200
14673	8804.400
14661	8807.400
14285	8810.000
13685	8810.100
12041	8810.800
12121	8815.000
13429	8815.000
12137	8816.200
14341	8816.500
14841	8816.500
13961	8817.000
13705	8817.200
13769	8817.400
14709	8817.600
14613	8821.900
12309	8822.400
14421	8823.000
14005	8823.600
14605	8824.700
13641	8833.900
14505	8834.000
14093	8834.700
13973	8837.500
12285	8838.900
14365	8839.000
12657	8840.400
13305	8840.500
14081	8841.600
12189	8847.100
13769	8850.400
12297	8851.000
14441	8852.700
14825	8853.100
14737	8856.200
12809	8857.200
13685	8857.200
13105	8859.300
12905	8860.000
13617	8862.700
12669	8862.800
12789	8863.300
12613	8866.300
12401	8866.400
13345	8868.300
12389	8871.200
12281	8876.700
13877	8878.700
14081	8879.300
13957	8879.500
13545	8880.300
12517	8880.700
13429	8881.800
14693	8881.900
14529	8885.200
13993	8887.000
14385	8888.700
12137	8892.900
12317	8893.000
14521	8895.100
14025	8896.400
12173	8899.900
14353	8901.100
12313	8902.700
13045	8903.100
13481	8906.800
14265	8909.300
13837	8909.800
11993	8911.300
12721	8911.600
14021	8915.200
12221	8917.400
13641	8918.500
12881	8919.400
12413	8921.000
13409	8921.900
12769	8922.500
12993	8923.000
12869	8923.300
13121	8930.800
14557	8933.000
13429	8934.700
12697	8938.200
14125	8938.400
12613	8942.400
12205	8942.600
14685	8943.200
13513	8944.100
14693	8945.700
14505	8946.300
14289	8946.600
12865	8948.300
14177	8951.300
14045	8955.400
12429	8955.900
12813	8961.100
12829	8961.500
14777	8970.400
12453	8971.500
13857	8972.800
12281	8973.000
13305	8975.300
13901	8977.300
14485	8978.300
13761	8978.500
14269	8980.100
13957	8981.500
14745	8982.300
12545	8983.700
13045	8984.100
12401	8985.200
13429	8986.000
14081	8989.400
12941	8992.100
12205	8993.100
12521	8994.500
12273	8997.300
13557	8998.900
12245	8999.200
12321	8999.800
12525	9001.500
12857	9001.700
12137	9002.700
13737	9006.100
14301	9008.400
12769	9009.800
13101	9010.000
13113	9010.900
14845	9011.500
13617	9015.300
12045	9015.400
13533	9015.600
14305	9015.600
12657	9016.200
14561	9016.300
13361	9016.500
13857	9018.000
12005	9019.700
14385	9020.000
13229	9021.800
12493	9025.200
14049	9028.700
12861	9029.100
14557	9030.600
13941	9031.000
12221	9032.000
14673	9032.900
12569	9034.200
14729	9034.300
13045	9034.500
12821	9035.200
13733	9035.400
14449	9035.600
13793	9036.000
14021	9036.400
12129	9037.400
12113	9039.700
12609	9045.200
13461	9047.700
12649	9049.300
13413	9050.100
13865	9052.400
12065	9052.800
12777	9052.800
12197	9056.800
12453	9060.500
14125	9061.200
12917	9063.000
12921	9064.300
13217	9067.500
13477	9068.400
12045	9070.500
12141	9070.700
14385	9071.900
14545	9072.000
14149	9072.600
14145	9076.400
13545	9079.400
12865	9080.200
12153	9081.000
12657	9082.200
13229	9083.800
13237	9086.100
14477	9088.200
14357	9092.900
14081	9095.400
14573	9095.800
14545	9095.900
14053	9096.500
14561	9099.700
13217	9100.800
12429	9101.000
12481	9101.300
13601	9101.600
13333	9102.600
12637	9105.500
13089	9106.000
13729	9106.200
13113	9108.100
14421	9108.100
14409	9112.500
14081	9113.500
14741	9113.900
13361	9114.100
12657	9114.300
12661	9116.700
14109	9116.700
13773	9118.900
14745	9118.900
14621	9119.400
13709	9119.900
14081	9130.100
13625	9131.100
14693	9131.500
12889	9131.900
13533	9132.400
12609	9143.500
13373	9148.400
12741	9149.000
13249	9150.200
12677	9155.700
12697	9156.400
13413	9156.600
14793	9158.800
14261	9163.500
13705	9163.600
12273	9164.500
13737	9164.600
13277	9165.000
12453	9166.500
13857	9167.600
12557	9168.600
13601	9169.000
14401	9169.000
13021	9169.400
14713	9169.500
14069	9170.800
13469	9171.200
13045	9176.500
14289	9179.300
12065	9179.500
14669	9181.200
13533	9181.600
12045	9181.800
14545	9181.900
13869	9182.500
14269	9183.100
12789	9183.300
12877	9186.300
13361	9187.400
14749	9188.300
14737	9191.600
14485	9194.000
12109	9196.000
14173	9196.000
13385	9196.400
13801	9198.100
13069	9199.700
14093	9199.900
13633	9201.700
14829	9201.700
13557	9201.800
13413	9201.900
13233	9202.400
14049	9202.700
12637	9202.900
12697	9204.600
13209	9210.100
14081	9211.500
13769	9214.200
13061	9216.600
12865	9222.400
12329	9222.900
12997	9224.900
14021	9225.300
14673	9225.500
13477	9226.900
14385	9228.000
13857	9229.200
14193	9231.700
13877	9232.000
14693	9232.500
12421	9233.100
13685	9233.600
13901	9234.400
13461	9234.700
13013	9235.500
12453	9238.800
12629	9240.000
13369	9242.000
13705	9242.500
11997	9242.600
14105	9243.400
12873	9244.000
13045	9244.000
14581	9248.300
12221	9248.600
12649	9252.800
14645	9253.100
13241	9253.600
13861	9254.500
12369	9255.900
14449	9257.300
13345	9258.500
14037	9259.500
13073	9263.600
13909	9264.500
12045	9267.100
14757	9267.100
12141	9267.500
14697	9268.300
14337	9268.400
14773	9270.300
13413	9270.500
14517	9270.600
13085	9271.400
12173	9271.900
13825	9272.000
14769	9272.200
13737	9274.400
14341	9274.500
14001	9275.800
12765	9276.300
14157	9285.300
14605	9287.500
13361	9288.800
13141	9289.200
14573	9290.200
13041	9291.500
13449	9291.600
14725	9292.300
12017	9293.900
14621	9296.500
13533	9296.700
14561	9299.400
14545	9303.700
13057	9305.700
12513	9308.300
12525	9309.600
14081	9312.400
12721	9315.700
13685	9316.900
12769	9319.000
14709	9319.400
12961	9320.900
13013	9321.000
14177	9322.300
12437	9323.800
12321	9328.100
12453	9329.600
12569	9329.700
14769	9333.200
13869	9333.400
13481	9334.400
14817	9334.900
14329	9335.100
14613	9335.100
12017	9335.700
12521	9337.200
13221	9338.300
14845	9338.400
12481	9339.200
12173	9341.800
14653	9342.200
12081	9343.400
13213	9343.400
14421	9343.400
13429	9344.100
12873	9344.800
13857	9346.200
13145	9346.900
13469	9347.800
12221	9349.700
13641	9350.000
14561	9350.800
13853	9356.300
12785	9356.900
12961	9357.900
12421	9358.500
12057	9359.200
12385	9359.200
13229	9360.400
14545	9361.000
13789	9364.300
14285	9367.000
13901	9370.900
13413	9373.800
14509	9374.700
12217	9374.800
12761	9375.200
14101	9375.800
13469	9376.000
14337	9377.000
14517	9377.200
14265	9381.600
12821	9386.700
14113	9386.800
12185	9387.100
12669	9387.300
14301	9389.000
14081	9393.200
14817	9393.900
14505	9394.100
14321	9394.600
13465	9395.300
14457	9396.100
11981	9396.800
12877	9396.800
12137	9401.800
13089	9401.900
14045	9402.700
13113	9407.200
13861	9409.800
14693	9412.200
12877	9414.100
13993	9416.500
14093	9416.600
12237	9417.400
13461	9418.500
13797	9418.700
12789	9421.000
14105	9422.400
14517	9423.200
13269	9423.300
12633	9424.200
12881	9425.200
12897	9425.300
12349	9426.100
12321	9433.000
13513	9434.100
12017	9434.800
12893	9435.000
14385	9435.500
13433	9435.600
13557	9435.600
14769	9435.600
14545	9439.600
13105	9444.300
12525	9445.000
13233	9445.700
14241	9445.800
14721	9445.900
14421	9446.100
13417	9446.500
12137	9450.100
14673	9450.600
14265	9450.800
12529	9453.500
13857	9455.100
13685	9456.500
14081	9457.500
14573	9457.500
14565	9458.100
12005	9458.600
14041	9458.700
12577	9458.900
13477	9459.400
12225	9464.100
13593	9465.200
12065	9466.500
12961	9469.200
13961	9470.400
13601	9470.700
12705	9471.100
14689	9471.100
12409	9471.300
14833	9471.400
13229	9471.700
13045	9485.200
11993	9485.900
12637	9486.400
12589	9487.400
11989	9487.500
13105	9487.800
13985	9488.100
14505	9488.300
12993	9489.300
12777	9490.200
14517	9490.500
13393	9491.000
12525	9491.200
13013	9491.300
13861	9491.300
12185	9491.400
13513	9492.000
14693	9493.300
12389	9493.900
14701	9497.000
14401	9499.000
13001	9500.000
12137	9501.000
14065	9501.800
13557	9502.600
12245	9503.400
13681	9504.600
13617	9505.500
13857	9506.400
13725	9507.100
12661	9509.800
12873	9511.200
14677	9512.500
14809	9513.300
13661	9513.900
12545	9514.700
12365	9515.100
14613	9515.400
12609	9515.700
12941	9516.200
13429	9516.200
12657	9516.400
13957	9522.200
14525	9523.700
13309	9526.000
13737	9526.000
14545	9526.300
14757	9526.700
14277	9528.000
13685	9529.300
13213	9532.200
13545	9536.700
14621	9536.800
14305	9537.700
12765	9538.000
11993	9538.100
14233	9538.800
13225	9540.000
12737	9540.300
14773	9541.500
12217	9541.900
13045	9542.400
12137	9544.100
14049	9553.100
13477	9553.400
12225	9554.000
12453	9554.700
13449	9557.000
13797	9557.400
12349	9559.300
14493	9560.000
13121	9561.000
12129	9561.100
13429	9561.400
14177	9561.900
13857	9563.800
13285	9569.200
14573	9570.400
14545	9571.600
12821	9573.400
14357	9573.400
14693	9573.900
13469	9574.800
13641	9575.500
12245	9575.600
12141	9576.900
14045	9577.100
13229	9577.900
14517	9578.800
13289	9580.100
14709	9580.500
13365	9582.500
14141	9584.500
11981	9588.900
13669	9589.000
13089	9589.800
13145	9591.200
13485	9591.200
14721	9592.300
12569	9593.100
13117	9598.900
13213	9602.200
12229	9603.400
12001	9610.400
12377	9612.900
14217	9622.500
13089	9623.900
12785	9625.000
12917	9625.400
13661	9625.600
13869	9625.800
13413	9626.600
12865	9628.100
13681	9631.300
14469	9631.500
14081	9632.600
14737	9639.500
13429	9645.700
12789	9646.700
12669	9647.200
14385	9651.600
12129	9651.900
14793	9654.500
12001	9657.400
13601	9659.900
12769	9660.600
13581	9663.500
13429	9665.600
14517	9665.900
12141	9666.800
13857	9667.000
13533	9668.300
14845	9668.400
13269	9668.900
14817	9670.000
12221	9673.300
14149	9676.200
13641	9676.300
14689	9677.400
14409	9677.600
14049	9679.900
13069	9680.800
12773	9682.100
12245	9682.400
13057	9682.600
12017	9682.900
13541	9683.000
13669	9683.800
13689	9684.400
14653	9685.500
12037	9689.600
13361	9690.400
12553	9693.200
12697	9694.200
12577	9696.800
12389	9697.200
12681	9697.700
13533	9697.800
12949	9699.600
13297	9700.400
12657	9700.500
13269	9700.700
13793	9701.200
14561	9701.200
13461	9702.800
12421	9703.400
14817	9705.600
14505	9713.900
13709	9716.200
13429	9718.500
13105	9718.600
14737	9719.600
14021	9720.700
13321	9721.300
14709	9721.500
13641	9722.300
13557	9727.100
14397	9728.300
13469	9730.600
12045	9730.700
13021	9733.400
14509	9733.500
12065	9733.900
12153	9735.000
13089	9736.200
14081	9740.100
13561	9743.900
12001	9744.100
14421	9745.000
13045	9745.400
12029	9746.900
11989	9747.700
13293	9748.700
12329	9750.900
12977	9751.300
12773	9751.600
14065	9751.900
12485	9753.000
14545	9759.000
12905	9762.500
13417	9762.700
12873	9763.200
13269	9763.300
14773	9764.700
14109	9765.600
12657	9772.000
12321	9772.500
12137	9779.300
13225	9779.800
13601	9782.000
13857	9782.200
12789	9782.300
14485	9782.400
13089	9782.500
13921	9783.300
12865	9783.500
13013	9783.800
14081	9784.200
14193	9785.000
14817	9785.000
13181	9785.700
13789	9787.300
13217	9792.500
12637	9795.100
14621	9795.900
12349	9797.000
13961	9797.000
12421	9798.800
13653	9799.100
14453	9799.800
13953	9800.000
13161	9802.200
13993	9802.200
12633	9804.100
13661	9804.800
13857	9808.300
13257	9810.000
12293	9810.900
14505	9812.000
12313	9812.700
12285	9812.800
13957	9813.300
13021	9813.500
14721	9815.600
12645	9817.400
11977	9817.800
14149	9820.200
14425	9820.500
14485	9821.100
14493	9828.300
13769	9831.200
13789	9831.300
12137	9831.600
12429	9834.800
13345	9834.900
13685	9839.800
12349	9848.300
13429	9848.900
13601	9849.000
13641	9849.000
14793	9849.700
14653	9852.400
13557	9852.800
14161	9853.500
14477	9854.400
13021	9857.400
13901	9858.000
12321	9858.500
13733	9860.300
12657	9864.500
13857	9865.300
12873	9866.800
13361	9869.200
13661	9871.000
12137	9871.700
14845	9872.700
14069	9873.900
13701	9874.000
13517	9875.500
12769	9876.000
12733	9876.300
12817	9877.400
13413	9882.300
13893	9884.000
13685	9884.800
13429	9885.400
14509	9889.300
12349	9889.500
14549	9890.100
12285	9893.500
12801	9895.000
14845	9900.900
12245	9901.100
13857	9903.400
13613	9905.300
14573	9905.700
14693	9906.400
12453	9906.600
14037	9906.800
14737	9906.800
13233	9908.600
13689	9908.900
12321	9911.500
12121	9912.600
14705	9915.300
13213	9918.400
14561	9919.700
13853	9919.800
14149	9920.000
12393	9921.000
13985	9922.600
12581	9922.700
12661	9922.800
14669	9925.800
14493	9929.200
12657	9929.600
12885	9933.200
14729	9933.400
13653	9933.500
12185	9935.700
11989	9935.800
12053	9936.700
13805	9938.500
12333	9942.900
13073	9943.000
13357	9943.100
14545	9943.100
13045	9945.800
12789	9948.600
13957	9950.500
14285	9954.000
13269	9954.100
13793	9954.700
13413	9955.200
13533	9955.500
13425	9956.000
12869	9956.500
14413	9958.100
12313	9962.900
13165	9962.900
14177	9964.000
14377	9965.500
12421	9965.900
14081	9967.900
12221	9968.500
14265	9969.100
13617	9971.000
13233	9972.800
14505	9972.800
13941	9976.300
12209	9977.400
14769	9978.500
12309	9984.100
13833	9985.600
13045	9986.900
14129	9987.200
13441	9987.700
14613	9988.800
13229	9989.700
13973	9989.700
12413	9991.300
13061	9996.200
13545	10003.600
13013	10004.100
12857	10004.700
12445	10005.700
13105	10006.400
12953	10007.400
13469	10008.400
13641	10008.400
13045	10008.900
13753	10017.400
14749	10022.100
14241	10022.400
14709	10027.700
13361	10029.100
13165	10029.500
13661	10032.400
12885	10033.200
13429	10034.000
14693	10039.200
13137	10041.300
13445	10043.400
13761	10043.900
13625	10045.600
14125	10050.700
13089	10053.600
13065	10054.600
13849	10056.200
14653	10056.600
12609	10057.400
12857	10058.100
13857	10058.100
13229	10061.300
13069	10063.400
12453	10070.300
14701	10072.200
13429	10072.400
12829	10073.100
12541	10074.600
13857	10074.800
13285	10075.300
14021	10075.800
13989	10076.200
13205	10084.300
14301	10084.600
13101	10091.600
13865	10093.900
12633	10094.400
13033	10094.600
12229	10095.400
14805	10096.000
12661	10096.500
12001	10103.100
13105	10104.300
12233	10104.600
13713	10109.600
13165	10110.000
12589	10110.500
14073	10110.500
12609	10110.600
14237	10110.600
13001	10110.700
13837	10110.700
12021	10110.800
13073	10110.800
14585	10110.800
14693	10110.900
14677	10111.400
13461	10111.500
13089	10111.900
11989	10112.800
14049	10116.100
13641	10119.500
14505	10125.300
14249	10126.000
13789	10127.000
12481	10127.400
14653	10127.700
14709	10128.600
13141	10129.400
12245	10129.500
13513	10129.700
12149	10130.000
13617	10131.500
14277	10137.100
13793	10138.000
12141	10141.600
13801	10142.200
14805	10143.000
13069	10143.900
12277	10144.100
12861	10145.500
12777	10151.000
14045	10154.100
13073	10156.500
14105	10157.000
12869	10160.800
12389	10161.600
13557	10161.900
14769	10163.800
13857	10164.300
14597	10164.300
13045	10165.000
12525	10165.600
14653	10166.200
12349	10178.900
13413	10180.100
13481	10181.000
14353	10182.200
14749	10182.200
13493	10182.300
12973	10182.400
12661	10182.800
14545	10183.400
13461	10186.000
14001	10189.700
12053	10194.100
12413	10194.100
12425	10195.100
13769	10195.100
12057	10195.400
13601	10195.800
12401	10196.000
13625	10196.200
12213	10197.200
14845	10197.600
12081	10197.700
13681	10198.200
14705	10198.700
12321	10200.700
13641	10200.900
13685	10205.800
14737	10210.400
11997	10211.700
14473	10211.700
13909	10212.100
13113	10216.400
12389	10219.000
14817	10220.300
12453	10220.500
13985	10221.300
12333	10223.600
14693	10224.300
13485	10225.400
13037	10226.500
13793	10232.200
13765	10232.600
13069	10234.000
14665	10234.300
13365	10234.600
13961	10235.900
14125	10239.400
14177	10243.400
12405	10251.200
11989	10252.300
12173	10252.700
13681	10252.800
13045	10253.200
14545	10253.300
12657	10253.400
14565	10253.600
13237	10253.900
14505	10255.100
14301	10265.800
13441	10266.400
13513	10267.100
13225	10268.300
12897	10269.000
14701	10269.700
12917	10270.300
13533	10270.300
13113	10270.800
12869	10271.600
12141	10271.900
14009	10272.300
13089	10278.200
13045	10279.000
12525	10279.100
13357	10279.500
12065	10280.200
13413	10280.300
13141	10280.800
12777	10282.200
14341	10288.700
12369	10291.000
12025	10291.900
14545	10293.300
12785	10293.400
12865	10297.900
14265	10298.700
12981	10301.500
13069	10302.200
13581	10303.600
14493	10305.800
13345	10307.000
14793	10310.000
13469	10310.500
12717	10311.000
13361	10312.400
13601	10314.000
13377	10315.900
14289	10316.800
14549	10319.400
13777	10326.900
13865	10327.100
14517	10327.600
13429	10327.700
11993	10328.400
14441	10328.500
12329	10328.800
12053	10329.600
14017	10332.400
13305	10333.900
13269	10339.700
12001	10344.200
12525	10345.300
13073	10345.700
14845	10346.000
12453	10346.600
14693	10347.200
14097	10347.800
14437	10348.000
13089	10348.100
12081	10348.500
12437	10350.200
13413	10350.200
14349	10351.500
12409	10354.200
12885	10362.900
12777	10364.900
14401	10366.900
14365	10367.400
13365	10372.700
12905	10374.100
13533	10376.200
13045	10378.000
12281	10379.000
14177	10379.600
14545	10380.500
13225	10380.600
14621	10381.700
12481	10382.200
13081	10382.300
14737	10382.300
13601	10382.700
13613	10382.700
14561	10383.400
14125	10384.000
12917	10389.100
13393	10390.100
13953	10391.000
12889	10395.300
14653	10396.800
14045	10398.100
14081	10398.500
13685	10402.400
14141	10402.800
12609	10402.900
13105	10403.400
12133	10403.600
12329	10403.600
14617	10403.800
12789	10407.500
11989	10409.200
14673	10410.200
12409	10418.400
14677	10418.500
12885	10419.700
13513	10420.100
12625	10420.400
12013	10421.100
12677	10427.000
13281	10429.400
12773	10434.300
13357	10434.500
12057	10435.400
14169	10435.700
14109	10436.600
14285	10436.600
12205	10437.900
13613	10438.500
13045	10438.700
12753	10439.600
14065	10446.800
14177	10447.100
12057	10447.500
13985	10448.300
12245	10449.100
13089	10449.900
13557	10452.700
13513	10454.300
12877	10454.800
14493	10454.800
12333	10454.900
12769	10457.900
12221	10459.700
13641	10460.500
13045	10460.600
13973	10460.600
14545	10461.000
12649	10461.100
13761	10463.300
12701	10467.800
14645	10469.200
14509	10469.600
13461	10469.700
12141	10473.800
14449	10474.600
12741	10475.400
12789	10475.400
13509	10475.400
14301	10476.200
12657	10476.300
14713	10476.300
12017	10476.500
14265	10477.000
12413	10478.000
14525	10478.100
13473	10480.200
14285	10482.300
12577	10483.900
13429	10487.600
11993	10492.000
14737	10492.200
13857	10492.300
12221	10492.800
13261	10492.800
12865	10493.000
13853	10493.400
14541	10493.600
12245	10493.800
12329	10496.600
