# NEST version: 3.9.0-post0.dev0
# RecordingBackendASCII version: 2
sender	time_ms
5235	502.600
4539	503.000
4335	504.300
4399	504.700
4779	504.800
4767	504.900
4947	505.000
5171	505.200
4739	505.300
4907	505.300
5291	506.500
4699	510.100
4643	516.800
4463	519.400
4771	519.400
4859	519.400
4639	521.400
4623	522.900
4855	525.000
4787	534.400
5043	535.800
4975	539.900
5235	539.900
4651	540.400
5103	540.900
4511	543.600
4595	552.100
4555	552.900
4839	557.800
4211	558.100
4643	558.500
4619	558.800
4315	559.300
4943	559.300
4831	559.500
4879	559.800
5019	560.100
5031	565.100
4139	571.800
4443	574.800
5255	575.100
4771	575.800
4391	576.100
4563	576.400
4179	576.800
4547	577.900
5159	579.600
5291	579.700
5175	585.700
4187	590.000
5223	590.900
4471	593.000
5087	593.500
4403	595.600
4711	597.000
5079	597.300
4439	598.400
4219	599.000
5207	599.100
4167	605.300
5159	606.000
4771	609.600
4631	610.200
4259	612.200
4899	616.300
5243	616.300
5227	618.300
5043	618.600
4915	621.100
5047	623.300
4995	624.400
4559	624.600
4567	626.200
4691	626.600
4687	627.800
4523	627.900
4859	628.300
4507	628.600
4851	628.600
4847	629.600
4611	630.700
4891	631.200
4591	631.500
4195	634.900
4507	646.900
4239	647.600
4211	650.000
4831	650.600
4907	651.600
4483	651.800
4599	652.000
5167	652.200
4547	652.400
4699	653.500
4767	653.700
4151	654.700
4759	654.800
4243	656.500
4363	669.500
4251	669.700
4203	669.900
4631	669.900
4739	669.900
4659	670.100
5291	670.200
4183	670.800
4215	671.000
4607	687.200
5235	688.500
5215	688.800
4211	688.900
4979	688.900
5175	688.900
4495	689.100
4479	689.200
4711	689.200
4771	689.700
4139	689.900
5295	690.400
5207	690.900
5091	691.700
4219	694.000
4515	703.200
5043	706.000
4787	707.500
4859	707.600
5231	709.200
4839	709.300
5107	710.400
4699	723.000
5267	723.700
4287	724.100
5131	724.100
4679	724.300
4827	725.000
5031	725.300
4183	725.500
4223	726.300
4671	726.400
4711	729.600
4235	729.800
4171	730.400
4251	741.000
4903	741.500
5303	741.600
4363	742.100
5179	742.400
4967	742.500
4731	743.400
4539	743.500
4747	743.600
4439	743.700
5251	744.500
4935	762.000
4147	762.500
4919	763.000
4887	763.200
4927	763.400
4739	763.500
5231	763.800
4335	764.200
4839	764.400
4163	764.500
4763	764.500
4851	764.900
4543	765.000
4527	765.100
4391	773.400
4563	775.400
4899	776.200
4331	776.300
4487	776.700
5223	781.300
5175	781.700
4707	782.500
4895	782.800
4711	782.900
5303	783.200
4191	783.400
5099	785.200
4887	795.700
4867	796.500
4851	801.800
5091	809.700
4443	810.900
4839	811.200
5155	811.200
4239	811.400
4779	811.400
4723	811.600
5139	811.800
4503	812.200
4907	812.400
4515	813.000
4579	813.500
4919	813.800
5147	814.000
5159	814.200
4163	814.300
5135	814.800
5223	814.900
4643	829.500
4979	830.300
4223	830.900
4179	831.400
4831	831.500
4915	831.500
4751	831.900
4263	832.400
4139	834.400
4511	835.200
4363	835.500
5247	835.700
5291	837.300
4479	837.700
4515	847.200
4395	847.700
5275	848.500
4235	848.800
5099	848.800
4939	849.300
4679	849.500
4927	849.700
5127	850.400
4583	850.700
4155	851.500
4603	852.000
4623	861.000
5015	864.600
4767	866.800
4975	867.100
4383	867.300
4571	868.700
4631	869.500
5071	877.100
4439	877.400
4719	880.500
4415	882.500
4951	882.900
4227	883.900
4947	883.900
4331	884.700
4591	884.700
4619	885.500
4467	887.400
4791	887.500
4887	887.900
5295	887.900
5123	889.200
5079	902.100
5047	904.500
5235	905.000
5155	905.300
4911	910.500
4511	910.600
4539	915.400
5195	915.700
4907	916.800
4355	921.500
4555	930.000
4503	930.200
4651	930.500
4547	931.700
4187	931.900
4147	932.600
4271	932.600
5067	932.600
4631	932.700
4947	932.700
4639	933.100
5159	933.100
4791	933.500
4855	942.800
4899	942.900
4407	943.500
4891	944.700
5027	944.800
5011	944.900
4619	945.400
5215	946.200
4355	946.300
5303	948.100
4771	953.600
4427	955.800
5255	958.100
4923	958.800
5283	959.700
4227	960.000
4139	960.100
4747	960.200
5263	960.200
4175	960.400
4631	960.400
4903	960.400
4215	976.900
4767	977.700
5223	985.400
4315	986.700
5079	988.900
5155	989.200
4399	989.300
4831	992.600
4643	992.900
5103	993.300
5071	995.000
4339	995.100
5043	996.300
5291	996.700
4407	1006.900
4887	1007.400
4619	1007.500
4623	1008.300
4439	1008.800
4595	1009.100
4539	1010.900
4491	1011.500
4779	1011.500
5279	1011.500
5175	1011.700
4327	1011.900
4775	1012.300
4435	1024.700
4783	1024.700
4719	1025.600
4215	1026.400
5043	1027.200
5011	1027.300
4219	1027.400
5283	1027.400
4419	1028.000
5235	1028.000
5231	1028.300
5015	1028.500
4167	1028.600
4531	1028.700
4691	1028.800
4463	1031.800
5203	1043.800
4887	1044.600
4515	1045.500
4187	1045.700
4907	1045.700
4643	1046.900
4923	1051.000
4463	1055.500
5235	1057.700
4603	1059.800
4607	1060.300
4227	1061.300
5131	1064.400
4555	1064.600
5247	1065.000
5283	1066.100
4223	1066.400
4155	1067.900
4315	1068.000
4851	1068.000
4775	1070.100
5211	1080.800
5111	1081.400
5019	1081.500
5003	1083.400
4639	1084.300
4979	1084.400
4279	1084.500
4251	1086.700
4139	1094.300
4619	1094.300
4479	1094.700
4495	1095.500
4503	1096.200
4771	1096.600
4991	1103.000
4179	1110.200
5051	1110.700
5159	1111.000
4319	1111.100
4347	1111.300
4219	1111.600
4767	1111.900
4979	1112.800
4711	1113.100
5227	1113.200
4891	1113.500
4839	1114.100
4787	1114.400
5103	1121.000
5263	1124.700
4227	1125.400
4887	1125.900
4203	1128.100
5139	1128.600
4739	1128.900
5087	1129.500
5247	1129.600
4791	1130.100
5243	1130.300
4603	1130.500
4751	1130.900
4679	1144.000
4395	1145.500
4651	1145.700
4531	1146.800
5199	1147.100
4323	1147.600
4339	1147.800
5143	1147.900
4223	1148.100
4515	1148.100
4631	1148.200
4187	1149.100
4363	1149.200
5223	1162.000
4267	1162.200
4743	1163.300
4263	1163.400
4227	1163.900
4751	1164.300
5239	1164.600
5267	1164.600
4779	1164.900
4851	1164.900
4243	1165.000
4563	1166.300
4271	1167.100
4831	1167.100
5111	1168.800
5015	1177.500
4767	1179.000
4619	1192.500
5147	1195.200
4691	1200.200
4287	1205.600
5291	1206.200
5127	1206.300
4719	1206.900
4967	1207.700
4803	1214.400
4359	1214.900
4219	1215.100
4851	1215.400
5155	1215.600
5087	1218.000
4599	1218.100
4367	1220.000
4847	1221.400
4667	1223.200
5059	1239.500
5015	1240.100
4539	1241.400
4439	1247.500
4487	1248.800
5107	1249.500
4223	1249.800
4807	1250.500
4179	1250.800
4347	1251.000
4395	1251.500
4791	1251.800
5159	1251.800
4551	1254.000
4363	1262.500
4239	1265.000
4495	1265.800
5283	1266.700
4887	1268.200
4823	1277.400
4715	1280.000
4643	1280.500
4171	1282.300
5159	1283.600
4891	1284.200
5271	1285.100
5071	1285.300
5199	1285.600
4167	1285.700
4803	1286.900
4447	1287.400
4463	1288.100
4955	1291.800
4311	1293.500
4995	1298.700
4479	1299.600
5263	1299.600
4631	1301.000
4751	1301.100
4683	1301.400
4947	1302.000
5043	1302.000
4943	1302.600
4623	1302.900
5231	1305.700
4795	1307.300
4583	1317.600
5247	1318.200
4831	1319.500
4155	1319.600
4559	1320.800
4767	1321.700
4431	1322.500
4271	1323.600
4607	1323.800
5043	1324.200
4339	1325.400
5071	1325.700
4999	1330.600
5199	1333.000
4787	1335.400
4287	1335.900
4979	1339.900
4947	1349.700
4643	1351.600
5051	1353.300
4831	1353.700
4439	1354.000
4791	1357.200
4183	1363.100
4887	1364.000
5223	1364.800
5299	1365.500
4907	1365.700
5239	1365.700
4751	1365.800
4935	1368.100
4279	1368.200
5039	1369.000
4875	1369.500
4511	1369.600
4247	1369.700
4499	1369.800
5079	1370.300
5127	1380.800
4759	1383.600
4767	1384.400
4543	1385.100
5215	1385.100
4851	1385.400
5087	1386.900
4743	1387.700
5275	1388.700
5283	1389.000
4831	1393.000
4947	1400.500
4575	1401.400
4563	1402.700
4299	1403.200
4711	1403.200
4171	1403.300
4679	1403.400
4751	1403.600
4479	1403.800
5111	1403.800
4747	1404.000
4991	1408.400
4219	1418.800
4731	1420.200
5291	1420.800
5051	1421.000
5295	1421.400
4791	1422.300
5223	1422.400
4779	1422.500
4863	1422.500
4943	1422.500
4839	1438.500
4651	1438.700
5167	1439.000
4211	1440.900
4899	1442.600
4847	1445.400
4763	1452.700
5123	1455.400
4183	1456.100
4387	1456.200
4775	1457.200
5083	1457.300
4591	1459.600
5115	1460.400
4391	1470.400
4767	1470.400
4263	1471.500
4743	1472.000
4611	1472.600
4779	1472.800
4875	1472.800
4751	1473.700
5011	1474.200
4831	1474.400
4267	1481.600
4191	1483.400
4603	1487.800
4287	1488.200
4731	1488.500
4915	1488.900
4395	1490.400
4439	1490.500
4619	1492.200
4315	1492.600
4779	1494.300
5291	1503.400
4963	1503.900
4331	1504.300
4239	1504.500
4207	1507.300
4647	1517.700
4767	1521.400
5007	1521.700
4471	1521.800
4771	1521.900
4143	1522.000
4399	1522.300
5087	1522.600
5247	1522.700
4251	1523.100
5011	1523.300
4891	1523.400
4863	1523.600
4683	1524.700
4911	1525.000
4987	1525.300
4315	1525.500
5179	1525.700
4819	1527.000
4871	1527.300
4391	1537.100
4507	1539.400
5015	1539.800
4179	1540.400
4779	1540.400
5099	1541.000
4619	1542.600
4183	1543.400
4947	1543.400
4979	1544.000
4631	1545.100
5051	1550.500
5291	1558.400
5071	1559.100
4747	1559.800
4899	1560.600
5011	1560.800
4283	1560.900
4563	1561.400
4167	1561.600
4943	1561.900
4911	1562.100
4359	1562.300
4871	1562.300
4951	1562.600
4427	1562.700
4859	1562.900
4179	1563.500
4215	1563.700
4711	1564.400
5043	1578.400
4191	1578.900
4591	1580.300
4363	1580.700
4311	1582.600
4803	1583.100
5295	1583.300
5283	1583.500
4851	1588.000
4435	1593.700
4771	1594.500
4495	1594.900
4859	1595.200
4251	1597.300
4779	1597.700
4775	1597.800
4895	1598.600
4511	1598.700
5235	1599.100
4323	1599.800
5291	1600.500
4283	1605.800
4719	1607.500
5175	1610.700
4795	1618.100
4979	1619.000
4779	1619.900
4331	1621.500
4143	1622.600
4751	1622.800
4731	1622.900
5079	1623.600
5051	1624.000
4479	1624.100
4451	1624.600
4887	1624.900
5059	1624.900
4147	1625.000
4991	1628.000
4191	1636.900
4139	1638.800
4963	1639.000
4463	1639.300
4303	1640.500
4791	1640.500
4583	1644.300
4227	1645.700
5019	1646.500
4699	1647.100
4515	1653.900
4339	1657.200
4587	1657.300
4727	1659.200
4935	1660.000
4751	1660.300
4563	1666.900
4187	1670.100
5223	1670.500
5283	1671.900
4775	1672.000
4395	1672.400
5175	1672.600
4363	1672.700
4943	1672.800
4999	1673.000
4219	1673.800
5135	1674.000
4939	1674.500
4407	1674.800
5295	1679.200
5239	1690.500
4491	1690.900
4815	1691.300
5235	1691.600
5223	1691.700
4767	1691.800
4603	1691.900
4499	1692.000
5163	1692.000
4367	1692.300
4871	1692.500
4207	1692.700
4215	1692.700
4563	1692.900
4147	1694.400
4283	1696.900
4795	1706.400
4247	1707.800
4747	1708.500
4615	1710.700
5083	1712.500
4311	1712.700
4751	1713.000
4347	1714.100
4699	1714.900
4367	1717.500
5027	1718.400
5003	1721.300
4775	1723.800
4439	1726.000
4195	1726.300
4259	1726.300
4863	1726.300
5051	1726.300
5067	1726.700
4143	1727.200
5155	1727.500
5071	1727.600
4771	1727.700
4875	1741.100
4767	1741.200
4315	1741.400
5011	1741.800
4347	1742.000
4415	1743.000
4779	1743.000
4223	1743.200
4871	1743.900
5047	1744.300
4571	1746.000
4179	1755.300
5027	1756.000
4691	1757.300
5191	1766.800
4147	1767.400
4839	1772.700
4603	1774.600
4511	1776.100
4883	1776.200
4299	1776.500
4767	1776.900
5243	1777.000
4247	1777.100
4167	1777.200
4251	1777.600
4771	1778.700
5003	1779.200
4927	1780.000
4943	1791.600
4219	1792.200
4979	1793.500
5247	1794.500
4711	1795.000
4827	1797.200
5287	1797.200
4791	1797.300
5255	1798.200
4183	1802.400
5167	1806.000
4591	1806.800
4679	1806.800
5295	1806.800
5087	1807.800
4987	1808.100
4447	1809.800
5043	1809.800
4831	1810.400
4307	1811.400
4751	1812.500
5119	1812.800
4619	1824.300
4607	1824.600
5159	1824.700
4539	1825.400
4167	1826.700
4907	1826.800
4603	1827.900
4895	1827.900
4399	1828.000
5223	1828.500
5295	1830.100
5111	1830.900
4323	1837.100
4239	1837.500
4851	1842.000
5283	1843.100
4739	1843.400
5179	1843.900
4439	1845.300
4643	1856.800
4523	1857.500
5275	1858.100
4711	1858.200
4731	1858.300
4767	1858.300
4771	1858.500
4819	1858.500
4775	1858.900
4879	1858.900
4315	1860.800
4963	1862.100
4899	1864.100
4619	1866.000
4279	1867.000
4747	1875.600
4699	1876.500
4251	1879.100
4875	1879.100
5235	1879.300
4219	1881.000
4663	1881.300
5115	1881.300
4475	1882.500
4467	1883.200
5223	1894.300
4851	1895.700
4831	1898.000
4227	1898.300
4591	1900.800
4415	1901.600
4915	1901.600
4515	1902.100
4447	1902.600
4543	1902.600
4783	1903.000
4979	1903.000
4791	1912.200
4711	1912.400
4631	1916.600
4395	1921.200
4219	1921.400
5131	1921.500
5243	1922.300
4287	1926.100
5051	1926.400
4471	1933.400
4183	1933.500
4563	1933.500
4551	1934.000
5159	1934.900
4371	1935.400
5071	1936.000
4715	1937.200
5039	1938.400
4767	1940.900
4615	1947.500
5107	1952.200
5223	1952.500
4139	1953.000
4199	1953.400
4779	1953.500
4495	1953.700
4979	1954.400
4439	1954.500
4587	1955.300
4455	1955.400
4563	1955.500
4695	1973.300
4787	1976.700
4583	1979.900
4299	1982.500
4219	1986.600
4775	1986.600
4827	1988.400
5211	1989.000
4875	1990.300
5059	1990.700
4267	1992.300
5011	1992.300
4187	1999.900
4223	2000.300
5091	2000.600
4979	2000.800
4743	2003.600
4999	2004.400
4251	2005.200
4887	2005.300
4507	2005.600
4943	2008.100
4791	2010.200
4903	2011.700
5231	2017.200
5087	2017.600
4599	2019.200
4523	2019.400
4439	2019.900
4711	2020.100
5127	2020.100
4591	2020.400
4851	2020.900
4499	2021.100
4771	2021.500
4887	2023.800
4383	2028.600
5175	2028.800
5103	2029.000
4763	2029.500
5159	2033.800
4751	2036.000
5043	2037.900
5095	2040.500
5015	2040.700
5203	2041.100
4399	2041.400
4651	2041.500
5139	2041.500
5115	2041.900
4271	2042.100
4863	2042.300
5291	2042.300
4671	2042.700
5223	2051.800
5247	2054.400
4167	2058.600
4475	2058.800
4799	2059.000
4515	2060.500
4159	2064.200
4855	2066.900
4619	2068.200
4603	2071.900
4495	2075.200
4859	2075.500
4571	2076.500
4543	2078.700
4499	2079.600
4295	2085.100
4315	2089.500
4967	2089.800
4463	2090.800
4139	2090.900
4251	2092.000
4699	2094.500
4739	2096.100
4339	2096.900
4711	2099.300
4771	2100.900
4163	2102.400
4507	2105.600
4491	2105.900
4847	2106.200
4787	2106.400
5055	2107.300
5255	2107.300
4215	2107.500
5143	2108.800
4691	2109.300
5175	2110.600
4231	2121.500
4895	2121.500
4227	2123.600
4283	2124.300
4619	2124.800
4239	2125.000
4907	2125.100
5223	2125.400
4435	2129.900
5071	2131.700
5107	2134.800
4763	2139.500
4563	2139.800
4747	2140.200
4475	2140.400
5275	2142.100
4967	2142.300
4255	2142.600
5083	2142.600
5027	2143.500
4379	2150.300
4843	2151.700
5143	2152.300
4711	2153.600
4967	2155.800
4839	2158.000
4731	2159.500
4603	2161.700
4643	2161.900
5079	2169.300
5003	2169.800
4439	2170.500
4751	2170.500
4275	2170.700
4155	2171.000
4395	2171.400
4211	2171.800
4719	2172.100
4767	2172.100
5087	2172.200
5011	2172.600
5299	2172.900
4739	2174.800
5023	2184.200
5147	2187.600
4987	2191.400
5127	2191.400
4483	2191.900
5255	2192.300
4251	2194.000
4643	2194.300
4631	2194.600
5079	2196.200
5247	2200.200
5155	2201.300
4779	2201.900
4863	2202.100
4467	2204.300
5235	2204.600
4203	2206.400
5111	2207.300
4999	2212.300
5071	2212.800
4783	2213.800
4891	2214.400
4259	2221.800
4279	2223.800
4247	2223.900
4399	2225.100
4659	2225.600
4727	2227.900
5231	2228.400
5043	2228.500
4143	2228.800
4587	2228.800
4175	2229.100
5159	2229.700
4163	2230.300
5019	2232.700
5215	2240.400
4299	2241.800
4663	2243.100
4335	2243.300
4203	2243.400
4927	2244.100
4831	2244.300
5223	2244.500
4719	2244.600
4259	2245.200
5155	2245.500
5247	2245.800
5087	2246.600
4671	2246.900
5103	2252.000
4859	2252.400
4643	2257.400
4423	2260.600
4991	2261.000
4907	2262.900
4495	2263.600
4899	2265.900
4867	2267.000
4323	2267.800
5099	2267.900
4947	2268.900
4183	2284.400
5179	2284.800
5051	2284.900
4767	2285.000
4207	2285.200
4943	2285.200
4511	2285.500
4711	2286.000
4439	2286.200
4403	2286.400
4575	2286.400
5223	2286.400
4199	2286.500
5055	2286.600
5027	2286.800
4955	2286.900
4203	2287.000
4327	2287.300
4831	2287.500
4747	2287.700
5235	2288.100
5295	2288.300
4675	2289.900
5087	2304.700
5079	2307.500
4679	2308.800
4859	2311.400
4311	2312.100
4323	2312.200
4875	2312.400
4363	2313.500
4603	2314.400
4871	2315.100
4463	2315.600
5111	2316.200
4639	2318.400
4991	2318.400
4887	2318.700
4659	2319.600
5291	2319.700
4475	2321.000
5159	2321.600
4191	2323.500
4439	2324.700
4495	2324.800
5031	2325.200
4831	2325.500
5059	2325.900
5207	2325.900
5215	2338.100
4771	2339.300
4983	2339.400
4607	2339.700
5047	2339.700
5087	2340.300
4647	2340.400
5131	2341.100
5223	2341.300
5075	2342.100
4879	2348.200
4823	2354.400
4643	2355.800
4855	2355.800
4547	2356.100
4415	2356.500
5175	2357.100
4515	2357.700
4891	2357.700
4875	2359.800
4487	2371.100
4171	2371.400
4767	2371.400
4743	2371.800
4363	2371.900
4399	2371.900
4619	2371.900
5015	2372.000
4635	2372.100
5043	2372.100
4691	2372.200
4531	2372.300
4611	2372.300
4183	2372.400
4675	2372.400
5283	2372.400
4215	2372.900
5215	2373.000
4279	2373.200
5231	2373.900
4219	2391.500
4795	2392.400
5079	2392.500
4295	2392.700
4187	2392.800
4775	2393.100
5071	2393.200
5031	2393.500
4767	2393.700
4603	2394.600
5235	2404.800
4711	2408.200
4415	2408.900
5027	2410.700
4707	2411.300
5159	2412.100
4751	2412.400
5251	2414.800
5179	2421.900
4851	2422.900
4459	2423.500
4951	2423.600
4779	2424.000
4155	2425.000
5099	2425.200
4395	2425.300
4967	2426.100
4947	2426.300
5295	2426.500
4263	2427.200
4243	2427.400
5231	2428.100
4463	2428.500
5291	2428.900
4691	2439.700
5051	2441.000
4571	2441.500
5167	2441.700
5195	2441.800
4607	2443.900
4871	2444.800
4591	2450.300
4303	2451.600
4339	2455.100
4919	2455.200
4723	2455.600
4143	2458.200
5291	2461.600
4979	2462.300
4863	2462.600
4987	2463.400
4603	2463.600
5159	2464.500
5223	2472.100
4711	2476.600
5027	2478.300
4943	2478.400
5139	2478.900
5251	2480.600
4723	2480.700
4691	2481.100
4459	2484.600
4251	2485.900
5123	2487.900
4659	2491.600
4267	2491.800
5087	2492.100
4195	2493.500
5119	2493.500
4987	2494.100
5247	2494.200
4639	2494.300
4911	2495.300
5235	2497.200
4719	2497.800
4611	2502.300
4219	2504.700
4763	2505.700
4751	2508.000
4907	2508.000
5103	2508.100
4823	2509.300
4851	2509.700
5159	2513.500
4771	2514.900
4911	2524.400
4511	2524.500
5211	2525.100
4255	2525.600
4399	2525.600
4707	2525.700
4991	2525.800
4515	2526.100
4191	2526.200
4875	2526.300
4711	2527.400
5055	2528.300
4983	2528.400
4663	2530.400
5159	2541.400
5123	2543.400
4483	2544.700
4887	2545.000
5019	2545.500
5163	2545.700
4891	2545.800
4779	2546.400
4167	2546.500
4931	2547.100
5299	2547.600
4299	2547.700
4863	2547.700
5079	2550.100
4187	2550.500
4979	2559.800
4895	2561.600
4347	2562.200
4759	2562.300
4711	2562.700
4507	2562.800
5255	2563.500
4967	2564.000
5263	2570.400
4471	2573.400
5151	2578.200
4271	2579.100
5015	2582.100
5207	2586.800
4691	2591.100
4511	2592.800
4883	2592.900
4299	2593.700
4679	2594.300
4871	2598.100
4767	2599.800
4999	2603.600
4467	2607.200
5071	2613.900
4491	2615.600
4935	2616.300
4987	2616.500
4471	2617.200
4643	2617.600
4951	2619.700
4499	2620.900
4347	2621.900
4571	2623.400
4311	2624.700
4435	2631.600
5011	2631.700
4763	2632.800
5235	2632.900
4223	2633.000
4267	2633.100
5115	2633.100
4803	2633.400
4359	2633.600
4539	2640.800
5291	2645.000
5255	2645.300
5131	2646.800
5027	2647.100
4683	2648.700
4295	2649.000
5295	2649.100
4203	2649.400
4639	2649.400
4739	2649.600
5275	2649.900
5115	2659.200
4703	2660.700
4487	2664.400
4287	2666.100
4747	2666.300
5187	2666.700
5239	2666.900
4615	2667.400
5227	2667.900
4283	2668.200
4619	2668.300
4727	2669.000
4323	2669.300
4187	2669.400
4467	2669.500
5235	2669.500
5011	2669.700
4891	2687.300
4219	2688.100
5071	2688.300
4875	2688.800
4471	2689.000
4299	2689.300
4831	2689.300
4979	2689.500
4439	2689.600
4931	2689.700
4499	2690.000
4607	2690.100
5135	2690.800
4575	2692.400
4267	2693.900
4631	2694.000
4887	2695.000
4751	2705.900
4775	2706.100
4303	2707.000
4507	2707.900
4319	2708.200
4187	2708.400
4967	2710.100
4407	2710.800
4139	2719.900
4603	2721.100
5079	2722.700
5059	2724.300
5211	2725.300
4255	2729.500
4595	2729.600
5119	2736.800
5235	2737.400
5279	2737.800
5295	2738.400
4207	2743.600
4631	2745.000
4891	2745.400
4875	2746.100
4563	2751.100
4779	2755.300
4967	2755.700
4791	2756.300
4155	2756.400
4431	2756.600
4987	2756.600
4711	2756.700
4539	2756.900
4715	2757.300
4751	2757.400
4579	2758.500
4763	2758.600
5247	2759.100
4187	2759.700
4955	2761.200
5099	2762.100
5227	2763.000
4979	2763.400
5011	2765.800
4259	2771.400
4775	2772.300
4583	2773.000
4335	2775.500
4207	2779.100
4907	2780.200
4587	2780.900
4435	2783.700
5027	2790.700
4771	2791.000
4515	2791.400
4251	2791.500
4639	2793.500
4747	2793.500
4691	2793.900
5043	2796.100
4287	2805.400
4439	2805.800
4495	2808.300
5283	2808.500
4839	2809.200
4979	2809.300
4691	2810.000
4631	2810.100
5071	2810.800
4539	2811.000
4163	2821.000
5115	2822.400
4859	2823.400
4347	2823.700
4279	2823.900
4467	2824.100
4619	2824.600
4563	2825.200
4255	2826.200
4203	2827.200
4791	2828.000
4179	2829.700
4811	2829.800
4643	2830.200
4215	2830.300
4479	2831.000
4183	2838.000
4679	2841.200
5295	2842.200
5199	2843.800
4607	2844.700
5227	2844.900
4447	2845.200
4659	2846.100
4471	2847.400
5223	2858.300
5159	2859.400
5179	2859.800
4863	2859.900
4559	2860.000
4887	2860.000
4435	2860.500
4823	2860.500
4951	2861.500
4507	2861.900
4583	2862.600
4959	2862.700
4779	2864.200
4251	2865.200
4979	2866.600
4219	2867.200
4299	2878.200
4767	2878.400
4699	2878.500
5027	2878.600
4731	2879.000
5047	2879.100
4443	2880.400
5211	2880.500
5295	2880.700
4943	2881.500
4563	2884.000
4303	2887.900
4711	2888.300
5263	2892.300
5123	2893.600
4147	2894.300
4315	2894.700
5087	2894.700
5295	2894.900
4879	2895.100
4439	2895.300
4323	2895.700
5223	2895.700
4203	2895.800
4259	2896.300
4223	2897.300
4215	2897.400
4631	2897.900
4255	2898.700
4607	2900.400
5071	2912.000
4471	2912.500
5271	2912.700
4483	2913.600
4783	2914.200
4867	2914.400
4859	2914.800
4179	2914.900
4911	2915.700
4583	2916.400
4643	2916.700
5031	2921.500
4267	2925.300
5115	2925.900
5159	2931.000
4443	2931.800
4871	2932.100
4691	2932.400
4815	2939.100
4227	2941.100
4767	2942.400
4711	2943.600
4763	2943.800
4567	2943.900
4451	2947.300
4231	2947.700
4287	2949.800
5215	2950.300
4563	2951.700
4295	2953.800
4751	2960.800
4399	2964.400
5015	2967.200
5223	2971.400
4643	2972.200
4395	2972.300
5291	2974.300
4815	2976.500
4475	2977.100
5299	2977.400
5159	2981.500
5279	2982.600
4359	2987.500
4767	2988.600
4423	2990.900
4599	2990.900
4159	2991.000
4167	2991.100
4859	2991.100
5031	2991.300
5239	2991.600
4207	2993.800
4191	2994.000
4751	2996.300
4499	3007.000
4511	3007.200
4419	3007.500
5035	3007.500
5175	3007.500
4947	3008.200
4247	3008.600
4255	3008.700
4391	3009.400
4539	3009.800
5043	3010.400
4775	3010.700
4415	3012.200
5159	3012.400
4747	3012.600
4831	3023.700
4979	3023.800
5115	3026.200
4907	3026.500
4219	3026.800
4487	3027.000
4699	3027.100
4711	3028.900
5227	3029.800
4851	3030.100
5223	3030.100
4431	3041.200
5295	3041.200
4355	3042.000
4223	3042.100
4871	3042.500
4767	3044.000
4775	3044.500
4439	3047.100
4263	3049.000
4479	3051.700
4167	3054.800
5255	3056.900
4483	3058.400
5111	3058.800
4979	3059.800
4495	3061.500
5091	3064.000
4927	3070.100
4499	3073.000
5071	3073.800
4367	3076.900
5159	3078.000
4487	3078.200
4663	3079.600
4779	3082.900
5239	3083.400
5223	3085.000
4219	3087.100
4531	3087.200
4751	3088.200
5211	3089.900
4155	3092.200
5123	3093.100
5011	3095.100
4511	3096.900
4699	3097.500
4863	3097.800
4363	3098.500
4739	3098.500
4191	3100.200
5175	3100.300
4591	3101.200
4603	3101.200
4211	3101.500
4743	3102.200
4719	3102.400
4207	3112.900
5071	3113.700
4523	3114.200
5159	3116.500
4483	3116.800
4943	3117.400
4443	3117.500
4623	3117.500
4779	3117.600
4663	3118.800
4323	3119.100
4699	3119.500
5135	3120.100
4283	3120.300
4491	3120.300
4971	3124.100
5291	3132.000
4459	3133.400
5151	3135.900
4775	3136.400
5079	3136.400
4675	3137.600
4219	3138.100
4415	3138.300
4515	3139.800
4251	3153.600
5043	3153.600
4791	3154.500
4691	3154.700
5207	3154.900
4555	3155.300
5263	3156.300
5019	3158.800
5295	3160.000
4763	3161.200
4939	3162.700
4831	3163.500
4919	3164.800
5227	3166.400
4979	3168.700
4199	3170.300
4827	3170.400
4187	3170.900
4227	3174.200
4887	3176.600
4343	3180.300
4815	3180.900
4851	3181.000
4891	3181.300
4783	3181.400
4395	3185.100
4847	3188.500
5035	3188.800
4347	3189.000
4903	3192.400
4727	3198.000
4739	3198.400
4779	3198.600
5043	3199.100
4439	3199.300
5071	3199.500
5147	3200.300
4215	3201.500
4379	3202.600
4683	3203.400
4251	3203.700
5247	3203.800
4807	3204.200
4203	3204.400
4927	3204.600
4923	3204.800
4327	3206.400
5187	3209.000
4775	3214.400
4183	3215.000
4591	3216.800
4219	3217.500
4223	3217.600
4263	3219.200
4883	3219.200
5235	3219.400
5239	3219.500
4599	3219.600
4583	3219.700
5255	3220.500
4663	3220.700
4515	3221.000
4831	3224.000
4383	3224.200
4339	3226.100
5131	3230.500
5231	3231.000
4747	3231.400
4287	3231.900
4331	3231.900
4803	3233.600
5199	3233.700
4431	3236.600
5007	3237.500
5071	3238.100
4911	3238.600
4639	3239.200
4187	3247.100
4443	3247.300
4531	3247.300
4191	3248.000
4891	3250.800
4535	3251.000
5003	3251.200
4511	3252.000
5079	3262.700
4947	3263.100
4399	3263.600
4351	3264.100
4467	3264.800
4803	3266.000
4619	3267.200
4831	3268.000
4339	3269.200
4227	3270.300
5075	3281.700
4823	3281.900
4143	3282.100
4159	3282.400
4495	3284.400
4779	3284.400
4463	3284.500
4599	3284.800
4163	3286.200
4847	3287.100
4151	3287.700
4827	3288.100
4579	3288.500
4439	3298.800
4299	3299.000
4815	3299.000
4939	3299.600
4571	3303.000
5191	3303.000
5131	3303.100
4559	3304.200
4287	3304.500
4995	3305.000
4427	3305.400
4775	3312.100
4887	3312.500
5215	3313.100
4751	3313.800
4691	3314.800
4823	3319.200
4683	3319.400
4207	3319.500
5279	3319.700
4603	3320.300
4219	3321.000
5295	3321.100
4515	3324.200
5227	3331.100
4439	3332.400
4251	3336.800
4843	3337.100
4767	3337.700
5247	3339.900
4347	3347.000
4143	3347.200
5255	3349.400
4167	3349.900
4487	3350.300
4463	3353.700
5127	3357.800
5235	3358.600
5231	3359.300
4415	3359.400
4203	3360.900
4507	3361.600
5159	3364.900
4399	3367.500
4171	3368.800
4219	3369.400
5071	3369.500
5047	3371.300
4547	3373.800
4823	3374.100
4815	3376.000
4799	3377.300
5051	3377.400
5295	3377.900
4767	3378.300
5243	3378.900
4531	3380.800
4643	3392.600
5291	3392.900
4315	3393.100
5251	3393.900
5079	3394.100
5187	3394.100
4775	3394.400
5223	3395.300
4255	3395.400
4527	3395.400
4971	3395.600
4247	3395.700
4147	3396.100
4699	3396.900
4439	3410.600
5087	3410.800
4143	3411.400
5127	3411.600
4995	3411.700
4187	3411.900
4603	3411.900
4511	3412.200
5235	3412.200
5179	3412.300
5227	3412.400
4607	3412.600
4903	3412.600
4739	3412.900
4711	3413.900
4507	3414.300
4639	3414.500
4643	3414.500
4847	3414.500
4715	3414.700
4559	3414.800
4647	3414.900
4831	3415.100
4619	3416.900
4979	3431.100
4191	3434.800
4859	3438.500
4775	3439.700
4303	3441.700
4551	3441.900
4863	3443.200
5223	3443.200
4395	3445.000
4439	3445.300
4967	3445.400
4575	3449.500
5235	3452.500
4803	3455.500
4391	3455.700
4887	3455.700
4571	3456.600
5111	3457.800
4715	3458.500
5159	3461.100
4847	3472.000
5175	3476.000
5011	3476.300
4335	3476.500
4643	3476.500
5087	3477.500
4767	3477.600
5291	3478.300
4675	3478.500
4539	3479.200
5079	3491.800
5247	3492.200
5267	3493.500
4427	3495.000
4691	3495.000
5043	3495.000
4839	3495.400
4395	3495.500
4655	3495.800
4399	3497.800
4191	3506.200
5251	3506.800
4831	3509.700
4679	3510.500
5259	3510.700
4859	3514.400
5211	3519.500
4775	3520.200
5011	3524.500
4923	3526.400
5047	3526.500
4587	3527.200
4563	3528.900
4139	3530.700
4691	3536.600
4643	3538.100
4507	3540.200
5247	3540.200
4911	3540.300
5087	3542.000
4439	3542.400
4891	3542.700
4147	3542.800
4399	3543.700
4899	3546.700
4171	3551.000
4619	3555.100
4583	3555.200
4539	3556.000
4255	3557.000
4663	3557.200
5283	3557.200
4311	3557.400
4435	3557.500
5271	3557.500
5199	3557.700
5175	3558.100
4679	3567.600
4219	3568.600
4367	3569.100
4327	3569.400
4299	3569.800
4531	3570.300
4283	3570.800
4479	3574.100
5087	3575.300
4287	3581.200
4571	3583.300
4819	3583.500
5295	3584.200
4779	3591.800
4739	3592.000
5155	3592.700
4139	3596.000
5171	3596.100
4895	3596.300
5187	3596.500
4699	3596.800
4643	3597.000
4155	3597.600
5167	3598.800
4899	3600.300
4531	3602.100
5111	3606.500
4187	3608.700
4943	3611.500
5159	3614.200
4383	3614.300
5107	3614.800
5203	3615.200
4927	3615.500
5223	3616.800
4791	3618.400
4483	3620.900
4167	3622.500
4219	3626.100
4431	3628.500
4399	3629.800
4547	3632.000
4695	3632.000
4147	3633.300
5003	3633.800
4571	3634.300
4839	3636.500
5159	3644.200
4767	3646.700
4631	3648.900
5167	3652.600
4583	3655.800
4223	3656.200
4143	3656.500
5059	3657.100
5151	3662.100
4691	3664.100
4579	3664.800
4571	3665.000
4811	3668.200
4695	3668.600
4559	3668.900
4775	3669.900
4251	3670.100
4439	3672.900
4271	3674.800
4179	3684.100
4979	3684.900
5043	3687.300
5175	3687.700
5163	3688.100
5019	3688.700
4139	3689.300
4643	3695.100
4491	3701.500
5159	3702.800
4571	3703.200
5299	3703.900
5019	3704.300
4631	3707.300
4227	3709.300
5223	3709.300
4875	3719.800
5071	3721.400
5263	3721.600
5087	3722.500
4511	3722.700
5047	3723.100
5059	3723.300
4619	3723.500
5303	3723.900
4219	3724.200
4783	3724.300
4187	3735.300
4223	3737.300
4959	3739.100
5159	3739.200
4499	3739.700
5235	3740.200
4979	3742.100
4723	3743.200
4479	3746.200
5179	3748.500
4779	3751.900
5003	3752.400
5291	3753.600
4515	3753.800
5011	3754.000
4751	3754.600
4631	3759.600
5111	3760.700
4547	3762.700
5107	3763.000
5071	3763.100
5087	3763.100
4487	3764.100
4691	3775.900
5039	3777.100
4323	3777.500
4511	3777.500
4991	3777.900
4551	3780.300
4207	3781.400
4767	3783.200
4219	3783.500
5235	3788.200
5291	3791.000
4799	3792.000
4891	3792.300
4951	3792.600
5043	3794.200
4327	3794.300
5155	3794.300
4939	3794.400
5143	3794.500
4191	3794.800
5303	3794.800
4747	3794.900
5083	3795.500
5199	3798.300
4439	3811.300
4471	3811.400
4355	3813.700
4851	3814.700
4163	3815.800
4907	3816.000
5195	3816.500
4203	3816.600
4599	3817.800
4607	3817.900
4299	3829.700
5283	3829.800
4259	3830.700
4511	3830.700
4559	3832.000
4879	3832.100
4707	3833.000
4683	3833.300
4999	3833.800
4283	3834.200
4587	3834.300
5303	3839.400
4619	3840.200
5263	3846.200
4147	3847.200
5243	3847.300
4955	3848.200
5223	3848.900
4347	3849.400
4815	3851.900
4223	3852.000
5003	3852.300
4439	3853.000
4643	3853.200
4191	3853.300
4927	3855.200
4899	3855.300
5287	3862.000
5027	3864.600
4943	3866.100
4791	3866.300
5187	3866.700
4851	3870.900
4619	3871.300
4439	3871.900
4747	3878.300
5263	3884.000
4219	3887.600
5067	3888.100
5223	3888.500
5087	3889.000
4759	3890.000
5139	3902.300
4583	3903.200
5199	3904.200
4435	3905.300
4775	3905.700
4491	3905.800
5247	3906.000
4299	3906.300
4707	3906.500
4711	3906.500
4719	3906.900
4875	3907.200
5283	3907.400
5167	3907.900
4203	3908.500
4479	3908.700
5011	3908.900
4967	3909.000
4607	3909.100
4643	3909.200
4447	3909.400
4603	3910.600
4303	3925.400
4779	3925.800
4539	3926.100
4835	3926.100
5051	3926.100
4299	3927.300
4599	3929.300
4951	3929.400
4507	3929.500
5083	3929.600
5115	3944.400
4747	3945.000
4955	3945.000
4415	3945.100
4623	3945.400
5127	3945.600
4683	3945.800
5027	3946.400
4171	3947.200
4443	3950.800
4479	3951.100
5231	3952.100
5087	3962.900
4139	3964.000
4239	3964.000
4599	3965.800
4383	3966.800
4555	3967.900
4511	3968.700
4979	3971.900
4219	3978.200
4947	3979.300
5255	3980.900
5071	3982.100
4183	3982.200
4735	3982.200
5291	3982.200
4287	3982.800
4623	3982.800
4227	3983.200
4663	3983.400
4271	3983.500
4427	3983.900
4631	3984.900
4187	3996.600
5043	3998.600
4583	3999.300
4347	3999.800
4763	4000.900
4775	4002.100
4563	4002.200
4791	4002.300
4255	4003.800
5235	4004.300
5127	4005.000
4643	4006.300
4639	4007.400
4219	4016.400
5211	4017.700
4787	4019.400
4375	4020.100
4719	4020.700
4171	4021.100
4655	4021.300
4263	4021.500
4599	4022.800
4691	4022.900
4311	4023.200
4267	4023.300
4831	4023.400
4475	4024.300
5123	4024.500
5295	4036.500
4219	4037.500
5079	4037.800
5151	4038.100
4715	4038.400
5107	4038.500
4871	4038.700
4851	4039.600
4383	4041.200
4159	4042.700
4907	4043.000
5235	4043.200
4735	4044.200
4859	4045.400
5231	4046.000
4739	4053.600
5047	4059.300
5099	4059.400
4891	4061.200
4219	4061.500
5163	4062.000
4887	4062.300
4559	4067.200
4643	4068.100
4947	4074.800
5223	4075.300
4251	4076.300
4399	4076.800
4583	4076.800
4299	4077.500
4967	4078.000
4315	4078.100
4491	4078.100
4347	4078.300
4711	4078.600
5255	4078.700
4771	4078.900
4287	4079.100
4667	4079.200
4775	4079.300
4151	4080.000
4255	4082.200
4763	4091.300
4635	4091.800
4283	4092.600
4851	4093.800
4927	4096.400
5071	4097.500
5271	4108.600
4571	4108.700
4483	4109.100
4439	4109.300
4559	4109.600
4223	4110.000
5223	4112.400
4747	4121.300
4607	4121.800
5139	4123.400
4863	4123.500
4911	4124.300
4739	4126.000
4871	4128.800
4359	4129.800
4323	4130.400
4771	4130.800
4923	4141.000
4767	4143.200
4847	4143.400
4999	4145.000
5215	4147.300
4223	4148.100
5071	4159.700
4779	4161.400
5223	4161.900
4203	4164.700
4919	4165.900
4763	4166.500
4759	4167.600
4315	4168.000
4711	4168.200
4179	4169.000
4739	4171.600
4231	4175.800
4791	4177.100
4227	4182.500
4911	4182.800
5115	4182.800
5175	4183.300
4871	4183.900
4443	4191.900
4483	4193.000
5223	4198.400
5071	4199.600
4303	4200.500
4775	4203.800
4643	4204.300
5123	4204.300
4255	4204.400
4219	4204.500
4511	4207.600
4559	4212.700
4215	4214.200
4711	4214.900
5115	4215.500
4891	4220.200
4947	4221.500
5079	4224.700
4747	4224.800
5179	4225.000
5047	4225.100
4871	4225.200
4251	4225.500
5031	4225.700
4875	4225.800
4847	4236.600
5011	4236.900
5159	4238.000
4687	4238.500
4779	4238.500
4283	4239.500
4639	4240.200
4631	4240.800
4599	4249.400
4823	4251.500
5127	4253.100
4767	4253.200
4791	4253.300
4543	4253.500
5255	4254.600
5099	4255.400
5167	4256.000
4443	4262.200
4815	4270.000
4683	4270.100
4559	4270.400
4871	4270.400
4607	4271.000
4387	4272.500
4399	4273.700
4591	4274.100
4631	4274.400
4619	4289.300
5223	4289.300
4763	4290.100
5243	4291.300
5251	4291.300
5115	4292.000
5087	4292.400
5163	4293.200
4327	4294.100
5139	4297.500
4539	4305.500
4355	4306.000
5015	4307.400
4491	4307.500
4315	4307.900
4619	4308.100
5247	4310.000
4495	4320.300
4239	4320.400
4211	4322.000
5011	4323.600
5255	4324.500
4255	4325.000
4715	4325.000
4875	4338.600
4467	4338.700
5087	4341.000
4563	4341.800
4643	4342.400
4479	4342.500
4283	4342.900
5075	4342.900
4287	4344.000
4239	4345.300
4719	4347.000
5047	4348.000
4539	4348.800
5295	4355.500
4543	4355.900
4839	4357.300
4511	4357.700
4927	4358.000
4591	4358.100
4883	4358.200
4887	4358.200
4767	4358.300
4483	4358.400
4619	4358.500
4639	4358.500
4327	4358.600
4931	4358.600
4935	4358.800
4831	4359.500
4603	4360.700
4227	4361.200
4163	4362.300
5043	4373.400
5027	4374.400
5291	4374.500
4223	4375.000
4907	4375.400
5091	4376.300
4191	4376.400
4283	4378.100
4215	4380.200
4475	4380.300
5131	4381.700
4787	4383.500
4383	4385.100
4887	4385.300
4591	4387.700
4911	4388.200
4267	4388.400
4779	4392.500
4751	4399.700
4775	4400.200
4315	4400.300
4443	4401.600
4843	4401.700
4323	4402.700
5215	4403.000
5223	4403.400
5019	4406.300
5239	4406.400
4243	4406.600
5295	4407.600
4239	4408.800
4415	4411.600
4299	4416.700
4511	4418.500
4751	4419.100
4799	4419.700
4979	4420.200
4211	4420.300
4451	4420.500
4711	4420.600
4395	4421.400
4767	4421.600
5235	4423.500
5291	4425.700
4775	4435.300
4283	4436.500
4599	4436.900
5051	4438.100
4867	4438.300
4591	4438.500
4835	4439.000
4479	4447.100
5263	4447.300
4427	4447.700
5011	4449.700
5139	4449.900
4535	4451.300
5291	4453.300
4683	4458.000
5015	4458.700
4303	4473.600
5207	4474.600
4187	4474.900
4587	4474.900
5203	4475.300
4259	4475.500
4551	4475.600
4851	4475.700
5247	4475.800
4675	4475.900
4951	4476.000
4783	4476.100
4323	4476.300
4815	4476.300
4191	4476.500
5043	4476.700
4999	4477.000
4723	4477.200
4299	4477.300
4831	4490.200
4751	4492.300
5131	4493.100
4727	4493.400
4547	4493.700
4979	4494.000
4827	4496.800
4563	4497.900
4223	4498.700
4139	4505.800
5163	4508.100
4819	4509.100
4495	4509.800
4179	4512.300
4987	4513.500
4503	4513.900
4691	4525.200
5159	4526.200
5139	4526.600
4891	4526.700
4271	4527.000
4483	4527.300
4971	4527.500
4159	4527.600
4795	4527.600
5043	4527.700
5143	4527.800
5087	4528.000
5223	4528.000
4299	4528.600
5123	4528.600
4251	4529.600
4791	4532.300
4875	4545.200
5079	4545.600
5075	4546.700
4263	4548.300
4223	4549.000
4371	4550.000
5199	4550.100
4771	4550.700
5131	4551.000
4459	4551.200
4319	4551.800
4203	4552.100
5283	4552.100
4719	4552.600
4647	4553.300
5175	4553.800
4731	4555.800
5159	4567.900
5067	4568.100
4867	4569.400
4567	4570.100
4763	4570.900
4643	4571.300
5223	4571.300
4919	4571.900
4707	4572.600
4875	4573.100
4587	4573.800
4591	4573.900
4511	4574.400
5019	4574.500
5071	4575.100
5087	4586.600
4711	4587.300
4939	4587.300
4823	4587.400
4895	4587.800
4175	4587.900
4907	4588.900
4283	4589.600
5219	4592.100
5291	4594.800
4799	4602.800
4287	4603.100
4179	4604.000
5083	4604.000
4223	4604.100
4383	4604.200
5079	4604.500
4887	4604.700
4563	4606.600
4791	4606.900
4263	4607.500
4363	4607.600
5215	4608.500
4779	4609.100
4971	4621.600
4735	4622.200
5047	4622.300
4331	4632.100
4555	4632.800
5187	4632.900
4723	4633.900
4279	4634.700
4887	4637.100
4607	4637.800
4203	4637.900
4643	4638.700
4935	4639.900
5091	4639.900
4763	4640.800
4143	4653.300
4387	4653.600
4303	4654.000
4255	4654.100
5071	4654.100
4227	4654.400
4279	4654.400
4479	4654.900
4631	4655.700
4967	4655.800
5275	4655.800
4347	4656.100
5231	4656.300
4803	4657.200
4591	4670.300
4951	4671.000
4775	4671.200
5159	4672.400
4771	4673.700
4891	4674.100
4567	4675.300
5103	4676.400
5087	4686.700
5111	4686.900
4767	4689.000
4707	4689.200
4267	4689.400
4211	4689.600
4247	4690.300
5135	4691.300
4839	4704.000
4191	4705.800
4383	4706.000
5215	4707.500
5031	4708.100
4535	4708.400
4327	4709.900
4223	4719.800
5059	4721.800
4167	4722.100
4719	4722.100
4875	4722.400
5027	4722.700
5263	4723.500
5179	4724.500
5019	4725.100
5087	4725.700
4551	4733.700
4443	4736.500
5083	4738.600
4327	4739.200
4743	4739.200
4347	4740.000
5127	4741.300
4555	4741.600
4727	4749.700
4759	4752.000
4143	4752.100
5231	4752.600
4747	4752.700
4679	4753.500
4439	4756.100
4851	4756.300
5203	4758.800
4591	4758.900
5299	4759.000
5303	4764.200
4227	4765.700
4771	4767.400
4887	4769.400
4767	4769.500
4163	4769.900
5223	4769.900
4751	4772.300
4739	4775.300
4975	4777.000
4147	4782.200
5051	4783.800
4567	4784.000
4659	4784.500
5071	4788.200
4979	4789.200
4451	4789.400
5299	4789.500
4987	4790.000
5159	4790.000
4555	4790.200
4415	4790.800
4875	4791.000
5235	4791.300
5247	4791.400
4891	4803.900
5151	4804.100
4683	4804.200
4691	4805.300
4311	4805.600
4443	4806.000
4767	4806.000
4303	4806.100
4263	4806.500
5043	4806.500
4531	4806.800
4227	4807.700
4515	4813.900
4707	4816.900
4799	4818.300
4751	4819.900
5163	4820.600
5295	4820.800
4711	4821.700
4907	4822.600
5159	4822.600
5051	4823.600
4275	4828.600
5043	4830.400
5019	4830.600
4163	4839.200
4511	4839.600
5027	4839.700
5099	4840.000
5263	4840.700
4979	4840.800
4631	4842.400
4875	4842.700
5291	4843.200
4711	4851.000
5035	4851.300
5043	4856.600
4967	4856.700
5275	4856.700
5187	4856.900
4803	4857.100
5127	4857.200
4211	4862.000
4995	4862.300
4591	4862.800
4763	4862.800
5067	4862.800
5303	4863.200
4719	4869.900
4919	4872.900
4743	4881.100
5175	4881.600
4287	4881.900
4887	4886.300
5047	4887.500
4871	4893.800
5019	4895.400
5171	4895.500
4747	4896.800
4951	4898.600
4511	4900.000
4751	4900.700
4283	4902.200
4467	4902.400
4155	4902.900
4719	4903.600
4591	4907.100
5295	4908.000
5071	4911.500
5223	4914.500
5283	4914.700
4295	4914.800
4731	4917.400
4803	4917.400
5299	4918.200
4879	4918.300
4747	4919.100
4643	4919.200
4347	4920.800
4147	4921.400
4267	4922.700
4227	4930.800
4239	4936.100
5159	4936.600
4563	4936.700
4691	4937.700
5087	4937.900
5187	4937.900
4255	4938.000
4859	4942.200
4751	4944.900
5283	4949.500
4363	4951.100
4283	4952.800
5051	4953.400
4791	4953.800
4327	4953.900
4971	4954.400
5131	4954.400
4359	4954.500
4423	4956.000
4831	4956.400
5079	4964.100
4775	4965.700
4383	4967.500
4435	4969.000
4223	4969.800
4339	4969.900
5103	4971.000
4267	4971.100
4299	4971.600
4251	4971.800
4563	4972.300
4207	4972.600
5291	4981.900
4359	4983.300
4815	4983.400
4515	4983.500
4239	4983.700
4871	4985.400
4599	4985.800
4491	4986.000
4415	4986.300
4587	4986.700
5027	4986.900
5071	4987.200
5295	4987.300
4887	4987.500
4607	4987.600
4907	4987.900
4579	4988.400
4731	4988.800
4959	4989.300
4287	4991.100
4655	5002.500
4219	5003.000
4683	5004.100
4363	5004.700
5223	5005.400
5075	5005.700
4463	5006.500
4163	5014.900
4183	5016.400
4571	5017.000
4699	5017.400
4875	5019.700
4691	5021.800
4887	5021.900
5051	5022.300
4675	5022.500
4979	5023.300
4719	5032.000
4827	5032.000
4487	5032.100
5107	5034.000
4779	5035.000
5243	5035.000
4771	5035.100
4567	5035.800
4703	5037.600
4723	5037.600
4287	5037.700
5091	5038.000
5199	5039.300
4459	5040.500
4643	5045.500
5087	5045.800
5079	5046.800
4947	5047.000
4971	5048.900
5071	5051.500
5235	5054.000
4583	5054.200
4387	5054.400
4715	5057.200
4615	5057.600
4831	5057.700
4547	5059.500
4911	5060.700
4555	5064.500
4711	5065.500
4795	5070.000
5043	5070.200
4475	5071.100
4767	5073.100
4187	5073.300
5299	5080.200
4515	5083.000
4899	5084.000
4979	5084.000
5199	5084.700
5147	5085.100
4683	5087.400
5247	5087.800
4283	5093.300
4839	5093.500
5087	5094.900
4423	5096.500
4691	5098.700
5059	5100.800
5139	5100.900
4343	5102.500
4583	5104.700
5239	5107.200
4543	5109.100
4923	5112.400
5195	5115.000
4683	5115.600
4603	5116.700
4279	5118.500
4163	5118.800
4723	5119.100
5135	5119.100
4887	5120.300
5051	5130.500
5247	5133.600
4863	5135.500
4559	5136.900
4687	5137.100
5011	5137.300
4859	5138.500
4659	5140.000
5255	5149.300
4383	5150.000
4539	5150.900
4587	5151.000
4635	5151.200
4903	5151.200
4767	5151.300
4491	5151.400
4727	5151.400
4895	5151.500
5259	5151.500
4487	5151.600
4471	5151.700
4911	5151.700
4179	5151.900
4515	5152.000
5279	5152.000
4271	5152.200
5295	5152.600
4323	5164.500
5231	5167.900
4283	5168.800
4855	5174.300
4751	5176.000
4959	5182.700
4935	5183.000
4871	5185.000
4219	5185.500
4543	5186.600
5215	5196.700
4991	5197.100
5027	5198.200
4395	5200.300
4499	5201.300
4851	5203.800
5291	5204.100
4691	5204.600
4591	5207.300
4451	5207.600
4347	5209.300
4711	5215.100
5251	5215.900
4239	5216.200
4435	5219.400
4299	5219.600
5043	5219.800
5295	5220.700
4619	5221.400
4171	5221.600
4703	5221.700
4511	5221.800
4771	5221.800
5019	5222.000
4531	5222.200
5271	5222.200
4295	5222.500
5223	5222.600
4571	5222.700
5115	5223.400
4847	5227.800
4415	5232.300
4283	5235.900
4815	5236.100
4483	5238.200
4751	5238.200
5291	5238.600
5087	5239.000
4643	5239.100
4539	5251.900
4895	5252.700
4583	5254.500
4679	5255.600
5159	5255.600
4339	5256.800
4819	5258.300
4511	5258.400
4335	5258.800
4699	5258.800
5215	5258.900
4923	5261.700
4979	5271.300
5171	5274.100
5151	5274.300
4211	5274.600
4567	5275.000
5155	5275.200
4775	5275.700
4887	5277.300
4827	5285.300
4555	5288.900
4751	5289.300
4219	5293.500
4939	5294.100
4479	5294.900
4871	5296.200
5223	5296.500
4779	5297.100
4591	5297.200
5283	5297.500
4943	5298.000
4979	5304.200
4967	5307.000
5235	5308.300
5247	5308.400
5027	5309.100
5243	5309.100
4259	5309.300
4887	5309.900
5231	5309.900
4163	5310.000
5083	5310.200
5091	5310.200
5255	5310.200
4783	5310.400
4227	5311.600
4851	5311.600
4255	5312.700
5043	5313.200
4527	5313.500
4775	5315.000
5267	5315.900
4367	5323.000
4327	5324.300
5175	5324.500
4251	5324.800
4763	5325.700
4903	5325.800
5079	5326.700
4511	5326.900
5187	5327.300
5227	5327.300
5051	5327.400
5131	5327.800
4639	5328.300
4227	5328.700
4383	5328.800
4859	5329.500
4311	5332.300
4691	5340.200
4215	5342.800
5299	5342.800
4255	5342.900
4891	5343.600
4643	5345.200
4239	5357.600
4767	5358.000
4907	5358.000
4591	5358.600
5087	5359.100
5055	5360.600
4303	5361.700
4435	5362.500
4899	5362.900
4579	5363.900
4339	5368.600
4599	5373.900
4515	5374.600
4775	5376.600
4943	5378.100
4543	5380.200
5135	5380.400
4531	5381.000
5131	5384.700
5043	5394.400
4711	5394.500
4891	5395.100
4831	5395.300
4419	5395.700
4767	5395.700
4511	5395.800
5263	5396.000
5295	5397.300
4415	5397.800
4631	5411.300
4147	5411.600
5283	5411.900
4947	5412.800
4735	5413.300
4987	5413.500
4283	5423.300
4911	5424.200
5135	5424.700
4567	5424.800
5211	5425.400
4967	5430.400
4611	5436.000
4787	5436.200
5151	5436.200
5051	5436.400
4863	5437.800
5291	5437.800
4631	5438.500
4367	5439.000
4751	5439.600
4319	5440.400
4503	5440.400
4387	5440.900
4903	5448.700
5079	5451.000
5223	5453.400
4947	5455.000
5071	5455.000
4199	5455.200
4815	5455.400
5131	5455.900
4643	5456.800
4635	5457.700
5163	5461.800
4559	5468.100
4747	5469.000
4139	5470.200
4175	5470.200
4843	5470.600
4827	5474.300
4299	5476.000
5059	5476.300
4571	5476.500
4511	5477.600
5071	5477.700
4251	5478.200
5051	5480.000
5171	5481.500
4531	5482.000
4263	5482.100
4439	5489.200
5167	5490.300
4751	5491.100
4963	5491.100
4987	5491.800
4887	5492.600
4947	5493.200
4691	5493.800
5087	5493.800
4315	5495.500
4563	5495.800
4583	5496.700
4411	5498.500
5083	5502.700
4879	5507.500
4595	5508.700
4203	5509.300
4183	5510.000
4667	5510.300
4799	5510.600
4467	5511.900
5291	5512.000
4187	5512.300
4687	5512.300
4363	5512.700
4815	5512.900
4635	5525.500
5003	5526.100
4779	5526.400
4655	5526.500
4219	5527.000
5151	5533.500
5011	5535.000
5111	5539.000
4263	5539.800
4727	5540.900
4203	5543.200
4235	5552.400
5291	5553.000
4187	5554.900
5079	5555.500
4811	5555.600
4475	5556.400
4459	5556.600
4271	5557.300
4751	5557.300
5227	5557.700
5223	5557.800
4515	5558.100
4643	5559.600
5087	5561.500
4247	5562.800
5107	5563.200
4783	5563.300
5071	5563.300
4483	5568.900
5115	5572.100
5235	5575.300
5031	5575.900
4711	5576.000
4399	5577.100
4899	5578.500
5199	5579.100
4611	5580.700
5207	5580.700
4747	5591.100
4771	5591.100
4687	5591.600
4511	5591.700
4767	5592.100
5023	5592.600
4787	5592.700
4947	5593.000
4851	5593.400
4439	5593.500
4651	5606.700
4831	5607.000
4139	5607.100
4607	5607.100
4983	5607.600
4207	5608.300
4219	5608.300
4643	5608.300
4579	5608.600
4347	5608.800
4427	5608.900
5291	5609.700
4443	5609.900
4495	5609.900
5175	5610.100
4287	5610.600
5087	5610.700
5071	5610.900
5059	5611.600
4299	5613.300
5043	5625.500
4311	5626.600
4151	5627.500
4291	5628.500
4947	5628.600
5231	5628.900
5279	5629.000
4711	5629.400
4863	5629.400
4167	5630.200
4211	5631.600
4563	5632.300
5295	5632.800
5091	5633.100
5099	5633.200
4675	5645.000
5235	5645.700
4639	5645.900
4219	5646.000
4691	5646.000
5079	5646.000
4827	5646.100
4399	5646.400
4891	5646.500
4415	5646.600
4491	5646.700
5019	5648.700
5071	5648.900
4867	5650.200
5291	5650.200
5075	5650.300
4791	5662.400
4475	5666.600
5011	5667.000
4651	5668.100
4559	5677.900
4483	5678.000
4583	5679.700
4655	5680.100
5115	5681.800
5175	5683.500
5243	5690.200
4971	5694.000
4515	5694.300
4819	5695.300
5043	5695.400
4943	5698.600
5239	5699.700
4155	5700.500
4671	5700.600
4831	5700.700
4851	5702.000
5299	5702.000
4219	5702.400
5179	5703.100
4775	5704.100
4435	5704.200
4555	5705.600
4607	5706.600
4419	5707.600
4959	5709.800
4603	5715.600
4711	5716.100
4211	5716.300
4511	5716.500
4923	5717.200
4759	5717.800
4375	5719.900
4139	5721.200
4655	5731.700
5159	5731.900
4443	5732.800
4819	5733.300
4535	5734.100
4291	5734.900
4411	5735.000
4619	5735.500
4227	5736.200
5123	5736.200
4503	5736.800
4947	5747.400
5223	5750.500
4779	5750.700
4971	5750.700
4595	5751.100
5011	5752.200
4719	5752.700
4943	5753.000
4555	5753.200
4875	5753.400
5071	5753.400
4263	5754.000
4859	5754.500
5167	5754.700
5179	5755.100
5283	5755.200
4475	5755.600
5107	5756.500
4603	5756.900
4863	5757.000
4195	5757.700
4315	5770.000
4363	5770.800
4215	5773.000
4511	5773.300
4155	5780.700
4547	5780.700
4559	5780.900
5027	5781.000
4791	5781.100
4179	5781.400
4603	5781.800
5239	5781.900
4891	5784.200
5223	5796.500
4903	5799.300
4911	5800.500
4467	5805.500
4775	5805.900
4827	5807.900
4499	5809.200
5003	5809.500
4679	5809.600
5179	5811.100
4399	5811.900
4247	5814.800
4219	5822.200
4847	5824.400
4339	5826.100
4891	5826.100
4867	5826.300
4863	5826.600
5071	5833.300
4191	5836.100
4947	5836.100
5047	5836.500
4963	5838.300
4447	5838.500
4315	5838.700
4915	5843.600
4427	5843.700
4987	5844.600
4751	5844.700
5207	5846.200
4811	5847.200
4607	5849.900
4279	5852.800
4631	5859.800
4831	5860.500
4227	5861.400
4171	5861.800
4767	5862.000
4875	5862.800
4211	5863.600
4223	5863.700
4979	5864.200
4763	5865.900
4491	5868.200
4287	5870.300
5019	5876.000
5199	5876.400
4183	5876.500
4871	5876.800
4575	5877.300
4139	5877.600
4715	5879.000
4627	5879.500
5223	5879.500
4779	5879.700
4803	5879.900
4583	5880.700
4959	5881.300
5055	5882.800
5255	5883.100
4699	5883.400
4591	5883.800
4963	5883.900
4195	5884.800
4859	5895.200
4679	5896.400
5207	5896.800
4563	5896.900
4179	5898.100
4207	5898.700
4163	5907.000
4575	5909.400
4831	5910.500
4711	5910.700
4299	5911.700
4387	5912.000
4779	5913.300
5051	5913.500
4767	5922.800
4979	5924.400
5039	5925.900
4827	5927.200
4483	5928.000
4531	5928.000
4559	5928.600
4747	5928.700
5083	5928.700
4139	5928.800
4679	5929.100
5295	5929.500
4367	5929.900
4583	5942.800
4771	5942.900
4179	5943.000
4515	5943.900
4555	5944.500
4815	5945.400
5131	5945.700
4491	5948.100
5291	5948.800
5087	5949.700
4735	5950.900
4979	5951.300
4439	5951.400
5255	5952.100
4643	5954.200
5079	5954.900
4683	5956.900
4691	5958.900
5035	5962.300
4711	5965.800
4299	5966.400
4947	5966.700
4999	5968.100
5159	5969.700
4183	5970.300
4399	5971.900
4895	5972.100
4367	5972.700
4779	5979.600
4471	5980.700
5043	5981.400
4851	5982.300
5107	5983.100
4539	5983.600
4171	5986.000
4619	5986.200
5051	5986.200
5179	5998.400
4611	6000.300
4607	6000.700
4919	6001.100
5187	6001.500
5027	6001.600
5055	6001.700
4691	6002.500
4407	6004.400
4223	6006.500
4423	6015.200
4547	6015.200
4659	6016.200
4655	6017.000
5071	6017.300
4243	6018.000
4383	6018.200
5059	6019.000
4599	6026.200
5075	6033.000
4303	6033.500
5035	6034.500
5099	6034.500
4775	6034.800
4863	6036.400
4607	6038.100
4287	6040.100
5239	6045.100
4851	6049.100
4779	6055.500
4555	6057.600
4699	6058.000
5235	6058.000
4803	6058.800
4139	6059.800
4515	6060.300
4679	6060.400
4535	6060.500
4747	6060.800
4187	6061.100
4963	6061.500
4947	6062.300
4399	6073.000
5071	6073.900
4347	6074.700
4471	6074.900
4499	6075.400
4991	6076.300
4767	6076.500
4711	6076.900
4571	6077.100
4943	6078.000
4911	6078.800
4515	6079.000
4335	6079.200
4379	6080.100
5235	6089.200
5291	6092.600
5043	6096.100
4711	6097.900
4439	6099.000
4847	6099.600
4539	6100.300
5227	6100.500
4155	6107.300
4779	6119.200
4607	6119.400
4863	6119.800
4719	6121.700
4727	6122.000
5071	6122.200
4923	6124.000
5159	6124.600
4247	6135.500
4739	6136.400
4723	6136.900
4751	6136.900
4831	6137.000
5011	6137.000
5099	6137.100
4191	6137.300
5231	6140.200
4583	6142.400
5047	6142.700
4263	6143.600
4303	6151.400
4667	6154.600
4603	6155.900
5135	6156.400
4255	6156.500
4479	6156.600
4779	6156.600
5263	6156.700
4775	6156.900
4731	6157.100
4163	6157.300
4311	6157.400
4439	6159.100
4643	6159.700
4447	6159.800
4711	6163.100
4615	6168.500
4655	6170.500
4951	6170.600
4723	6171.100
4251	6173.300
4227	6173.800
4859	6174.000
5043	6174.000
5295	6174.000
4283	6174.100
5223	6174.300
4387	6174.600
4887	6174.700
4591	6175.000
4911	6175.000
5299	6175.700
5183	6186.500
4871	6188.300
4779	6188.800
4899	6188.800
4731	6189.100
4875	6189.500
4395	6191.900
4619	6192.400
4827	6198.700
4887	6201.800
5255	6201.800
4783	6203.400
4855	6204.200
5115	6213.300
4739	6213.800
4139	6218.100
4779	6219.300
4947	6220.700
4791	6220.800
4251	6221.300
4611	6222.700
5127	6223.900
4167	6224.300
4367	6236.300
4575	6238.700
5043	6239.100
5231	6239.400
5211	6239.600
4767	6239.700
4679	6239.800
4751	6240.100
4587	6241.300
5051	6242.500
4479	6242.600
5255	6242.600
4427	6242.800
4851	6243.600
4515	6256.700
4827	6257.700
5267	6258.900
4699	6263.100
5235	6265.400
4155	6267.800
4231	6267.900
4251	6269.500
4899	6269.900
5239	6270.100
5155	6270.700
4639	6271.700
4903	6271.800
4947	6271.800
4183	6272.200
4219	6272.400
4739	6272.400
5163	6274.000
4291	6275.300
4479	6285.800
4911	6285.800
4659	6285.900
4851	6286.200
4779	6286.300
5043	6286.300
5039	6287.700
5107	6289.600
4891	6289.900
5275	6299.200
4979	6299.300
4411	6301.700
4195	6304.100
4991	6306.000
4967	6306.400
4559	6306.600
5071	6307.000
5159	6307.200
4831	6308.300
4911	6318.100
4391	6322.600
4507	6322.600
4215	6322.800
4207	6327.200
4455	6327.500
4643	6328.800
4863	6329.500
5159	6330.400
4875	6330.700
4483	6339.200
5263	6340.100
5283	6342.900
5071	6345.100
4239	6345.400
4275	6347.100
4287	6347.800
4639	6348.300
4831	6352.000
5051	6357.100
5147	6357.300
4263	6357.500
4515	6357.500
4563	6357.700
5255	6357.800
5223	6358.000
4787	6359.000
4367	6359.100
4475	6359.200
5123	6359.600
4767	6364.100
4439	6366.800
4435	6367.900
4315	6368.900
4979	6371.900
4279	6373.300
5215	6374.300
4323	6374.500
5247	6375.200
4399	6375.600
4863	6375.600
4427	6376.400
4999	6377.700
5027	6377.800
4543	6389.600
5047	6391.700
5231	6391.800
5071	6392.600
4203	6392.700
4879	6394.200
5199	6394.800
4511	6395.400
4555	6396.500
4791	6396.800
4227	6397.200
5131	6398.400
4855	6414.400
4619	6416.000
4771	6416.000
5151	6416.600
4675	6416.800
4763	6416.800
4283	6416.900
4851	6417.200
4223	6417.400
5247	6418.100
4295	6418.200
4207	6418.300
4751	6419.200
4787	6419.800
4967	6421.200
4183	6421.600
4863	6430.300
5243	6433.800
5023	6436.900
4859	6443.800
5247	6443.900
5179	6444.400
4631	6445.200
4195	6445.400
5259	6445.900
4403	6446.900
4315	6447.000
5231	6451.600
5123	6453.000
4391	6457.100
4407	6458.300
4439	6459.200
5003	6460.300
4327	6460.400
4623	6460.600
4963	6460.700
4903	6461.300
4223	6462.500
5127	6462.800
5227	6474.400
5111	6476.200
5247	6476.400
5163	6477.500
4523	6478.300
5043	6478.700
5027	6479.100
4619	6479.900
4315	6482.000
4179	6491.500
4283	6492.900
4279	6493.500
4931	6493.600
4367	6493.900
4587	6494.200
5175	6501.700
5223	6503.200
4819	6510.600
4943	6511.000
4811	6511.500
4887	6511.900
5291	6512.100
4791	6512.400
5147	6513.900
4979	6517.700
4339	6518.000
4555	6521.000
4515	6522.100
5231	6525.900
4247	6527.700
4587	6527.800
4167	6528.000
5071	6534.900
4899	6535.200
4991	6536.800
4523	6542.000
5131	6549.000
4655	6549.300
4187	6549.600
4683	6549.600
4443	6553.100
5019	6559.600
5059	6566.400
4803	6567.600
4615	6569.800
4183	6570.200
4611	6570.200
4511	6570.300
4771	6570.800
4859	6571.000
4631	6571.300
4407	6571.700
4495	6572.800
4779	6573.000
4879	6573.300
5103	6573.300
5211	6574.100
4591	6574.200
4643	6574.200
4751	6587.500
4851	6587.500
4823	6588.000
4679	6588.300
4967	6588.500
4219	6589.000
4223	6589.200
5139	6589.200
5295	6592.100
4587	6594.400
4251	6594.600
4791	6596.200
5179	6605.600
5087	6606.400
5175	6606.500
4339	6609.900
4187	6610.600
5231	6612.900
4947	6625.600
4211	6625.900
4679	6625.900
4831	6625.900
5155	6626.000
4779	6626.100
4879	6626.100
5167	6626.100
4711	6626.300
4383	6626.500
4887	6626.500
4311	6626.600
5007	6626.800
5015	6626.900
4739	6643.000
4203	6643.100
4891	6643.300
4867	6643.500
5283	6643.700
5119	6644.000
5063	6644.400
5195	6644.900
4227	6645.100
4399	6645.900
4563	6647.700
5215	6647.700
5275	6659.300
5027	6660.400
4775	6661.700
5043	6661.800
4907	6661.900
4423	6662.800
4419	6663.000
4871	6664.100
4795	6667.000
4475	6674.000
5091	6675.000
4339	6675.100
5087	6677.500
5163	6680.100
4211	6686.700
5263	6686.700
5159	6688.800
4683	6689.400
4327	6689.600
4583	6691.100
4551	6691.200
4387	6691.300
5235	6691.600
5295	6693.100
4251	6694.000
5191	6694.100
4739	6695.000
5179	6706.400
4255	6706.800
4883	6707.200
4343	6707.300
4591	6707.600
4571	6710.000
4471	6711.600
4283	6712.100
4847	6720.100
4179	6720.500
5043	6720.600
5291	6722.200
4767	6725.300
4579	6726.400
4559	6727.700
5239	6729.300
4295	6729.700
4943	6733.800
4991	6734.200
4831	6734.900
4887	6736.100
4419	6738.500
5071	6738.500
4699	6738.900
5235	6742.400
4631	6744.600
4383	6746.900
4511	6747.100
5019	6747.300
4779	6748.700
4555	6749.200
5251	6751.100
4183	6751.500
4647	6751.500
4191	6752.600
5211	6756.800
4947	6761.700
4775	6762.300
4287	6764.400
4871	6764.400
5059	6764.800
5275	6765.000
4827	6765.400
4163	6765.500
4403	6766.200
4771	6766.500
5239	6766.800
4219	6768.100
4851	6768.700
4747	6773.500
5207	6776.700
5231	6780.600
4439	6784.200
4999	6784.600
5223	6786.600
5091	6790.500
5011	6791.300
4863	6792.700
5295	6793.100
5123	6794.400
5155	6794.700
4767	6807.800
4511	6809.000
4779	6809.800
4539	6810.300
4279	6811.500
4559	6814.900
4287	6818.700
4707	6829.600
4439	6829.800
4415	6830.000
5235	6830.000
4431	6831.200
4703	6831.700
4599	6832.500
4319	6843.700
4911	6844.400
5115	6844.900
4947	6845.500
4751	6845.600
4875	6845.900
4987	6847.300
4183	6848.800
5059	6850.700
4299	6852.600
5211	6855.200
4791	6855.500
4775	6862.000
4811	6862.100
4999	6862.500
4343	6863.400
4619	6863.800
4691	6865.000
5199	6865.000
4219	6865.900
5167	6866.600
4315	6866.700
4607	6872.700
4707	6877.200
4227	6878.000
5275	6878.800
4711	6880.700
4183	6881.800
4479	6882.800
5131	6883.000
4871	6884.100
5067	6897.100
4883	6899.500
5159	6900.500
5291	6902.600
4299	6902.900
4219	6903.600
4507	6907.700
4555	6910.400
4475	6913.900
4751	6914.400
4571	6914.700
4623	6924.800
4675	6926.200
4495	6927.500
4239	6929.700
4567	6930.400
4547	6931.900
4699	6932.100
4335	6933.700
5059	6938.200
4939	6939.700
4847	6940.500
5035	6942.500
4751	6947.700
4315	6948.700
4255	6951.400
4227	6952.400
5071	6953.400
4767	6955.200
4439	6958.000
4707	6958.700
5119	6959.300
5295	6960.200
4615	6962.600
4151	6963.100
4435	6963.200
5291	6964.300
5011	6965.000
5127	6965.600
5235	6972.900
4943	6974.000
4699	6974.600
4711	6976.300
4395	6977.900
4691	6980.100
5175	6981.100
4623	6981.500
5159	6983.100
5295	6988.300
4255	6992.900
5127	6993.500
4571	6993.900
5055	6993.900
5223	6994.500
4959	6994.800
4139	6994.900
5015	6994.900
4751	6995.000
4987	6996.000
4211	6997.400
4251	6997.800
4911	7003.500
4947	7006.500
5079	7007.300
4287	7009.000
5187	7010.200
4515	7011.200
5239	7012.600
5295	7013.600
5071	7024.100
4415	7025.500
5087	7025.600
5275	7025.600
4351	7025.700
4767	7026.000
5199	7026.700
4439	7028.200
4743	7040.300
4263	7040.600
4887	7041.200
4591	7041.300
4543	7042.300
4927	7043.000
5087	7046.900
4559	7051.700
4391	7052.100
4659	7052.600
5167	7052.800
5139	7053.600
4279	7058.100
4731	7058.900
5291	7059.100
4447	7059.700
5051	7059.800
4855	7061.000
4507	7061.200
4863	7063.100
4475	7068.100
4907	7074.000
4971	7074.500
5079	7074.900
5179	7075.100
4383	7075.700
4363	7076.800
5043	7077.600
4515	7077.700
4251	7078.700
4651	7078.800
5291	7080.400
4699	7080.800
4435	7089.000
4963	7091.800
4691	7092.100
4759	7092.900
4571	7093.200
4799	7094.400
4771	7095.800
5047	7096.900
5167	7108.900
4699	7109.500
4631	7110.000
4555	7110.600
5043	7111.800
5179	7112.500
4199	7115.100
4215	7115.800
5071	7124.000
4643	7124.800
4911	7127.000
5243	7127.000
4683	7127.200
5275	7127.300
4635	7127.400
4779	7127.600
4775	7127.700
5295	7130.100
4783	7133.100
5103	7134.000
4707	7139.900
5159	7140.300
5223	7141.100
5115	7149.900
4679	7151.100
4643	7151.300
4691	7152.500
4239	7153.400
4323	7153.900
5071	7154.000
4767	7154.500
4571	7164.800
4167	7166.400
4439	7166.600
4631	7167.000
5027	7167.700
4787	7168.500
4211	7169.500
4219	7169.500
4407	7170.100
4223	7176.700
4231	7185.300
4443	7185.700
4787	7187.400
4863	7187.500
5175	7189.300
4979	7191.300
4367	7191.600
4871	7199.700
4691	7200.300
4599	7202.300
4751	7202.900
5071	7203.200
4771	7203.400
4491	7203.600
4415	7205.400
4591	7205.600
4399	7206.800
4775	7208.700
4791	7218.600
4259	7218.800
4703	7220.000
4919	7220.700
5043	7220.700
4783	7221.100
4335	7221.400
5011	7222.700
4891	7223.900
4331	7224.300
4959	7224.900
4311	7225.800
4619	7225.900
5191	7227.200
4819	7227.300
4831	7227.500
5123	7227.500
4643	7227.700
5159	7227.700
4711	7228.100
4899	7240.500
4247	7241.700
4751	7242.800
5087	7242.800
4507	7243.600
4279	7245.300
4719	7245.300
4659	7246.600
4767	7247.000
4211	7247.100
4887	7247.100
5195	7249.500
4963	7253.500
5275	7258.000
4799	7258.600
4947	7260.200
5067	7261.600
4227	7261.700
4367	7265.700
4459	7268.000
4851	7270.500
5135	7271.500
5019	7271.600
4299	7273.100
4563	7282.000
5187	7286.300
4619	7287.100
5235	7287.200
4279	7287.300
4907	7288.100
4515	7288.200
4711	7289.300
4579	7289.600
4599	7289.600
4691	7289.800
5231	7290.100
4851	7290.200
4499	7301.000
4847	7301.200
5015	7301.200
4799	7301.700
4471	7302.200
4903	7304.900
4943	7305.500
4959	7306.800
4507	7307.300
4539	7308.000
4947	7308.500
4363	7308.600
4287	7309.100
4263	7310.500
4767	7310.900
4655	7320.600
4611	7320.700
4435	7321.400
5239	7321.400
5279	7321.600
4603	7322.700
4383	7323.800
5275	7324.500
4511	7327.800
4859	7332.600
4667	7333.100
4771	7335.100
4423	7336.000
5103	7336.900
4851	7337.000
5143	7340.300
5159	7347.400
5079	7349.400
4887	7349.700
4863	7352.100
4367	7353.600
4923	7353.600
5203	7353.900
5043	7354.800
4495	7355.300
5271	7355.300
5223	7355.600
5155	7355.700
4511	7356.700
5211	7362.600
4227	7366.500
4607	7367.000
4575	7367.200
4419	7367.300
4779	7367.500
4223	7369.700
4619	7370.000
4875	7370.800
4879	7370.900
4427	7382.500
5019	7384.500
5131	7384.900
5003	7386.200
4215	7386.600
4839	7388.200
4315	7388.800
4451	7400.900
4747	7402.000
5235	7405.800
4311	7406.100
4483	7406.400
4383	7406.500
4139	7407.400
4219	7409.200
5279	7413.200
5071	7416.700
4599	7417.700
4723	7418.900
4299	7420.700
5231	7420.800
4263	7425.500
5163	7426.300
4923	7426.400
5043	7427.200
4767	7427.300
4227	7432.000
4251	7433.200
4711	7433.200
4779	7434.800
4803	7438.700
4719	7438.800
4735	7441.500
4495	7442.400
5231	7443.300
4979	7443.900
4315	7444.400
4383	7445.100
4691	7445.700
5291	7448.500
4247	7450.800
4987	7459.100
4947	7460.300
4775	7460.700
5175	7460.700
4303	7461.200
4311	7461.600
4575	7465.600
5103	7469.200
5159	7469.400
4379	7469.600
4511	7469.600
4407	7469.900
4771	7472.600
4915	7474.200
4751	7475.100
4263	7477.900
5043	7484.400
4563	7484.500
4779	7486.800
4579	7489.000
4251	7491.700
4951	7491.800
4283	7491.900
5167	7492.200
4859	7492.600
4775	7494.200
4259	7495.000
4315	7504.800
4363	7506.800
5075	7507.200
4395	7507.500
4771	7507.500
5215	7507.600
5255	7507.900
4827	7508.000
4899	7508.200
4979	7508.500
4399	7508.700
4567	7508.800
4815	7510.000
4587	7510.400
4919	7510.900
4791	7513.700
4347	7526.200
4679	7526.800
4775	7527.000
4171	7527.300
4439	7527.600
5103	7528.100
5051	7528.400
5191	7528.400
4223	7529.100
5223	7529.500
4619	7530.100
4239	7531.900
5243	7538.900
5247	7540.100
4515	7542.100
4431	7543.100
4819	7543.500
4511	7544.700
5159	7545.400
4767	7546.800
5167	7547.400
4267	7553.800
4383	7554.200
4615	7562.300
4187	7563.700
4783	7564.600
5067	7565.100
4947	7565.700
4895	7566.000
4991	7566.100
5127	7566.300
5039	7566.400
4771	7566.600
4391	7566.800
4219	7570.100
5223	7578.100
4855	7579.100
4963	7579.500
5015	7579.800
4999	7580.400
5091	7580.500
4607	7581.700
5071	7582.000
4163	7589.200
4903	7591.500
4323	7591.600
4415	7592.200
5283	7592.300
4707	7592.500
4835	7592.900
5131	7593.500
5159	7594.800
4655	7595.300
4167	7596.900
5099	7596.900
4399	7599.600
4283	7601.000
4643	7602.600
5215	7604.200
4891	7604.300
4899	7605.500
4427	7606.300
5275	7613.500
5027	7617.200
4791	7617.800
4463	7618.300
4911	7618.400
4771	7622.700
5299	7623.200
4507	7625.500
4711	7627.500
4951	7631.000
5043	7631.500
4707	7633.700
5291	7639.200
4743	7643.800
4287	7644.000
4475	7645.800
5231	7646.200
4971	7646.500
5071	7646.500
4767	7647.200
4563	7647.400
4911	7648.100
4315	7648.800
5015	7649.200
4987	7660.700
4675	7660.900
5011	7660.900
4643	7661.500
4515	7661.700
4907	7661.700
5211	7662.500
4803	7662.600
4467	7662.900
4183	7663.500
4623	7663.600
4539	7663.700
4603	7664.000
4819	7674.800
5159	7677.800
5015	7678.100
4583	7678.200
5299	7678.700
4863	7678.900
4747	7681.400
4691	7682.000
4483	7682.400
4959	7682.600
5047	7684.800
4555	7693.400
4187	7693.700
4791	7694.400
4859	7694.800
5147	7695.600
4911	7696.800
5159	7697.000
4515	7697.800
5127	7700.100
5115	7701.400
4679	7701.900
4639	7702.600
4483	7703.000
4775	7703.100
4271	7703.200
4255	7703.300
4635	7705.200
4399	7709.100
5223	7717.200
5239	7717.700
4475	7718.200
5291	7718.800
4771	7719.000
5087	7720.200
5091	7720.600
4815	7720.800
4203	7721.000
4611	7721.000
4919	7721.100
4751	7721.200
4315	7721.700
4987	7722.300
4511	7724.000
4583	7738.600
4971	7742.400
4607	7743.000
5235	7744.300
5071	7744.700
5123	7746.700
4719	7747.000
4191	7748.900
5263	7753.400
5159	7754.800
5283	7755.700
4459	7757.400
4747	7759.000
5039	7759.200
4215	7761.100
4851	7764.000
5067	7764.500
4679	7764.800
4903	7764.800
4383	7765.000
4827	7766.500
4227	7766.800
4431	7766.800
4815	7774.100
5231	7774.100
4311	7780.100
4219	7780.400
4775	7781.000
5131	7783.800
4235	7784.000
4783	7784.000
4863	7786.000
4659	7794.300
5247	7797.300
4727	7797.900
4239	7798.100
4387	7799.300
4687	7799.500
4563	7799.700
4787	7800.200
4287	7800.700
4487	7800.800
4419	7813.200
4719	7825.200
4439	7825.900
5179	7825.900
4851	7826.400
5087	7826.500
4771	7826.600
5059	7827.100
4447	7827.200
5283	7827.300
5227	7827.400
5231	7827.400
4187	7827.700
4911	7828.000
4267	7828.400
4599	7828.600
4711	7829.400
5247	7830.000
4511	7830.400
5003	7832.100
5103	7844.900
4779	7845.200
4899	7845.200
4507	7846.700
4639	7847.000
4815	7847.300
4623	7850.200
4167	7858.100
5159	7868.500
4867	7868.700
5255	7869.300
4567	7872.200
4723	7875.300
4619	7875.500
4295	7875.800
4735	7875.800
4763	7877.200
5223	7878.300
4947	7879.400
5143	7882.800
5299	7887.100
4775	7888.300
4283	7895.000
4223	7895.300
4747	7895.500
4739	7895.900
4579	7896.100
4791	7896.700
5235	7896.900
4783	7897.000
5231	7897.100
4299	7897.800
4631	7897.800
4315	7898.800
5275	7899.500
5071	7909.400
4367	7910.500
5159	7912.300
4179	7913.000
4875	7913.800
4459	7914.200
4511	7915.300
4655	7916.300
4147	7919.400
4863	7924.800
4599	7929.300
5211	7929.300
4827	7930.200
5135	7930.500
4507	7931.800
4987	7932.000
4495	7932.300
4631	7932.500
4775	7932.700
4855	7933.100
5011	7933.500
4251	7933.700
4999	7934.200
5039	7935.400
4139	7935.600
4515	7936.700
5103	7948.800
4263	7949.100
4791	7949.700
4707	7950.000
5043	7950.100
4591	7952.000
4227	7952.300
4391	7952.300
4159	7952.700
4887	7953.100
4187	7956.800
4599	7957.200
5159	7960.100
4783	7960.500
4255	7962.100
4827	7962.200
4699	7964.600
4947	7965.200
4779	7970.700
5211	7977.600
5203	7977.900
4439	7978.100
4815	7978.100
5275	7978.100
5091	7978.400
4831	7978.900
4415	7979.300
4703	7979.300
4775	7979.800
4339	7981.000
4879	7981.900
4607	7983.600
4611	7984.200
5271	7997.200
5159	7997.300
5131	7997.500
4739	7998.500
4575	7999.300
4323	8000.000
4227	8000.900
4979	8002.900
4335	8003.000
4203	8003.100
5231	8010.600
4699	8010.700
5211	8010.700
4563	8011.500
4887	8012.300
5075	8012.700
4631	8013.800
4847	8014.400
4831	8016.600
5143	8016.900
4751	8017.000
4643	8020.100
4183	8023.700
5159	8029.900
4907	8030.600
5015	8031.600
4279	8032.100
5111	8032.500
5247	8032.900
5055	8034.000
5131	8035.200
4751	8036.900
4511	8048.700
5051	8049.400
4363	8050.100
4967	8050.100
4763	8052.100
5155	8052.900
4139	8053.400
4591	8064.900
5199	8065.200
5215	8065.300
4399	8065.700
4223	8066.200
5299	8066.300
4567	8066.500
4531	8066.600
4187	8066.700
4851	8067.200
4903	8067.200
4539	8068.000
4219	8070.400
4239	8080.100
4499	8080.200
4347	8080.900
5075	8081.100
4767	8081.600
4871	8082.900
4259	8086.400
5223	8086.400
4623	8087.000
4339	8088.100
5015	8091.800
5291	8092.200
4219	8093.300
4475	8093.700
4631	8097.300
4691	8100.200
4607	8100.400
4167	8102.300
5155	8102.400
4175	8103.600
4751	8108.200
5059	8108.700
4299	8109.000
4399	8109.400
4571	8112.800
4343	8113.300
5199	8114.000
5071	8115.400
5191	8121.600
5031	8122.700
4483	8122.800
4763	8123.500
5007	8124.100
4247	8125.100
4599	8126.300
4655	8126.300
5235	8127.000
5231	8127.700
5179	8128.500
5103	8133.100
4155	8134.300
5043	8138.800
4975	8140.400
5215	8142.800
4907	8143.000
4623	8143.300
4139	8144.700
4751	8147.100
4779	8156.100
4211	8156.300
4919	8156.600
4231	8157.200
5155	8157.300
5179	8159.000
5203	8159.500
5211	8159.600
5167	8159.800
4639	8160.600
4331	8161.100
5227	8161.200
5019	8161.400
4995	8167.400
5235	8175.700
5291	8176.600
4859	8176.900
5123	8177.400
4691	8177.900
5243	8178.600
4795	8179.600
4303	8183.000
4759	8185.000
4539	8189.100
4619	8192.400
4775	8197.600
4663	8198.200
5179	8198.800
5231	8198.900
4495	8209.100
4679	8211.100
4863	8211.900
4147	8212.400
4747	8212.500
5115	8212.500
4155	8213.300
4815	8213.500
4915	8213.500
4423	8214.700
5275	8214.900
5027	8215.100
4239	8228.900
5247	8229.100
5051	8229.200
4891	8231.100
5295	8231.500
4327	8232.500
5091	8233.700
5291	8235.300
4779	8235.600
5283	8236.400
5011	8236.700
4979	8237.200
5243	8237.300
4435	8238.200
4907	8246.000
4315	8247.000
4171	8247.400
4215	8247.600
5079	8247.900
4591	8249.900
4415	8260.700
5231	8264.500
4923	8266.300
4583	8266.500
5151	8267.000
4491	8267.300
5007	8267.400
4511	8269.600
4203	8269.800
5115	8269.800
4779	8270.600
5099	8271.200
4287	8271.700
4663	8271.700
4315	8271.900
4191	8272.000
4167	8272.600
4907	8283.400
4559	8283.700
4875	8284.600
4139	8284.900
4935	8285.200
5071	8285.600
4643	8286.200
4355	8286.400
4691	8287.700
5159	8288.400
4803	8288.700
4891	8298.200
4311	8299.400
5087	8301.700
4683	8303.700
4323	8306.100
5047	8306.200
5155	8306.300
4711	8309.000
5223	8310.900
4767	8314.700
4735	8315.500
4579	8315.800
5051	8316.900
4395	8319.000
4791	8319.500
4899	8320.600
4467	8320.900
4871	8322.900
4723	8323.100
4383	8326.500
4943	8326.500
4583	8328.300
4183	8328.900
4875	8340.200
4439	8343.000
5071	8343.400
4779	8345.000
5267	8346.700
4987	8347.900
4299	8348.400
4711	8350.500
4743	8351.000
4867	8351.000
4395	8359.900
5051	8361.500
4583	8363.700
4619	8363.900
4255	8364.200
5115	8364.800
4903	8370.500
4599	8377.200
4511	8382.900
4643	8383.100
4691	8386.200
5071	8386.900
4571	8387.500
4767	8387.500
4591	8388.400
4547	8389.200
4363	8389.400
5159	8395.400
4219	8396.500
5211	8396.600
4467	8399.000
4791	8403.800
4871	8405.000
4859	8406.300
4679	8406.700
4779	8406.700
5215	8407.100
4555	8407.200
4411	8409.500
4635	8412.000
4563	8416.100
5235	8422.900
5123	8423.100
5075	8425.300
4891	8425.600
4355	8429.000
4251	8429.500
5027	8429.700
4607	8430.100
4935	8430.400
4347	8430.600
4507	8431.000
4847	8432.000
5239	8432.000
5087	8432.200
5159	8432.800
4663	8433.600
5223	8446.300
4479	8446.500
4739	8446.700
5275	8448.000
4199	8448.400
5247	8448.600
4831	8448.800
4679	8449.100
5203	8449.100
4759	8449.300
5235	8449.700
4623	8449.800
4935	8449.800
5015	8449.800
5167	8449.800
4183	8450.700
4299	8467.800
4591	8468.300
5099	8468.800
4415	8469.100
5215	8469.600
5175	8470.300
5151	8470.600
4775	8471.100
5155	8472.300
4475	8484.000
4871	8484.800
4619	8485.100
5223	8485.300
4283	8485.900
4247	8488.200
4767	8490.100
5103	8492.200
4931	8492.800
4859	8504.800
5051	8505.700
5147	8505.800
5015	8506.100
5243	8506.200
4847	8506.400
4623	8507.000
4843	8507.200
5187	8508.400
4903	8509.000
4775	8512.400
4375	8517.300
4439	8522.400
4463	8528.100
4511	8529.000
4695	8529.000
4699	8529.600
4991	8529.700
5119	8529.700
5187	8531.300
4259	8531.800
4807	8531.800
4779	8539.200
4719	8540.000
4943	8541.200
4219	8542.600
5223	8543.800
4679	8545.300
4827	8546.900
4595	8547.000
5255	8548.000
4655	8553.200
5051	8556.200
4415	8557.400
4863	8561.000
4583	8561.400
4495	8561.500
4147	8561.900
5115	8562.100
4299	8562.500
4819	8564.200
4219	8564.400
4615	8564.400
5087	8564.400
4511	8564.800
4507	8567.700
4707	8580.300
4599	8582.200
4795	8583.500
4395	8584.000
4791	8584.000
4167	8584.100
4775	8584.100
4939	8584.100
5159	8584.200
5235	8584.200
4603	8585.300
4247	8585.800
4903	8591.800
4239	8592.400
5043	8593.500
4643	8593.700
4783	8594.300
4559	8594.900
4475	8597.500
4979	8598.600
4383	8599.700
4771	8599.800
5163	8600.600
4767	8605.900
4311	8606.800
5155	8607.600
4863	8607.700
4619	8608.000
4591	8608.800
4711	8610.500
4439	8610.800
4511	8611.300
5295	8620.900
4391	8622.300
5103	8622.900
4911	8623.300
4999	8624.800
5003	8632.500
4775	8632.800
4187	8634.900
5131	8635.100
4423	8636.900
4763	8637.700
5159	8637.900
4475	8640.200
4743	8640.400
5239	8640.900
5059	8642.000
4987	8643.800
4851	8647.400
5155	8648.000
4967	8649.600
4215	8652.900
4315	8653.300
4915	8653.400
4139	8657.000
4455	8664.300
4883	8664.500
4635	8664.900
4791	8665.200
5115	8665.300
5255	8665.300
4235	8665.600
4687	8666.700
4579	8667.100
5263	8667.200
4643	8667.900
5227	8667.900
4203	8669.500
4639	8670.300
4319	8670.600
5039	8673.300
4339	8674.600
4659	8679.700
4259	8681.700
5087	8682.300
5275	8682.300
4439	8682.800
5283	8683.200
4227	8683.400
4603	8683.500
4711	8683.800
4191	8683.900
4239	8684.000
4903	8684.700
5051	8685.100
4599	8686.400
4611	8687.000
4399	8697.500
5071	8698.300
4775	8699.100
4479	8699.400
5027	8699.500
4771	8700.400
5247	8700.400
4171	8700.700
4247	8700.800
4991	8701.000
5043	8702.400
4751	8710.100
4683	8714.200
4831	8714.800
4299	8717.700
4555	8719.000
4571	8719.400
4711	8719.500
4219	8719.800
4967	8719.900
5139	8720.100
4439	8720.200
4799	8721.400
4835	8721.400
4627	8721.600
5167	8721.600
4583	8722.700
5263	8722.800
4199	8723.100
4979	8736.400
5135	8737.400
4859	8738.500
4887	8738.600
4187	8738.800
5047	8739.200
5207	8739.700
5159	8740.300
4831	8741.800
4287	8744.600
4511	8747.600
4539	8747.700
4623	8755.400
4415	8756.100
4655	8757.500
4191	8759.000
5123	8759.200
4491	8759.300
4503	8761.200
4723	8761.300
4775	8761.600
4699	8762.000
4863	8773.100
4719	8774.400
4851	8775.000
4979	8775.100
4779	8775.600
4219	8775.700
4179	8775.900
4555	8776.000
4603	8776.300
4311	8780.400
5235	8781.200
5043	8782.300
4315	8782.600
5019	8782.800
4231	8782.900
5291	8783.000
5011	8783.700
4599	8785.800
4407	8789.200
4439	8792.000
4251	8792.300
4139	8792.700
4747	8794.400
4787	8794.700
4931	8795.100
4271	8795.400
4187	8805.400
4767	8806.900
4359	8811.000
4143	8811.600
4183	8812.100
5215	8814.200
4483	8818.600
4239	8819.600
4479	8819.700
5179	8820.600
4803	8821.400
4891	8821.900
4655	8822.400
4279	8822.500
5199	8822.700
4751	8822.900
4707	8830.700
4895	8832.100
5031	8832.800
4723	8836.500
5291	8837.200
5135	8837.700
4899	8838.800
4399	8841.600
4167	8841.700
4315	8842.400
5007	8845.000
4711	8845.900
4907	8846.300
4563	8849.900
4607	8851.200
5231	8852.500
4987	8852.800
4935	8853.300
4383	8854.400
4227	8854.600
5295	8854.800
5187	8856.300
4947	8858.500
4203	8858.900
4539	8858.900
4455	8859.500
4767	8859.900
5131	8860.000
4743	8860.400
5195	8860.500
4487	8861.100
5263	8861.100
4431	8862.600
4643	8873.500
4887	8874.400
5215	8875.600
4255	8876.600
4619	8877.100
4967	8877.500
5175	8877.700
5091	8877.800
4959	8877.900
4475	8879.000
4231	8881.200
4815	8881.900
5075	8883.000
4143	8890.300
4219	8891.500
4691	8892.100
4635	8892.700
4487	8895.000
5087	8899.700
4415	8904.300
5167	8905.800
5071	8907.600
4263	8908.700
4599	8911.300
4299	8911.700
4707	8911.800
4751	8911.900
4955	8912.000
4511	8913.100
4139	8920.200
4391	8923.100
4767	8926.800
4599	8928.800
5155	8929.200
4503	8929.300
4927	8930.500
4227	8930.600
4555	8931.900
5031	8934.200
4979	8935.600
4819	8939.600
4715	8941.500
4835	8941.700
4911	8942.400
4603	8946.100
4395	8947.400
5043	8949.900
5179	8950.200
4663	8951.000
4691	8951.200
4707	8951.500
4583	8955.700
5099	8958.900
4491	8959.200
4923	8961.200
4623	8962.900
5291	8963.600
5135	8965.400
4235	8974.400
4759	8977.300
4667	8977.900
4619	8979.300
4535	8979.500
4515	8982.700
4851	8983.300
4831	8983.600
5075	8983.800
5227	8984.500
4779	8989.000
4511	8989.500
4543	8993.100
5247	8993.300
4299	8994.400
5051	8994.700
5195	8995.200
4787	8996.500
4539	8997.200
5131	8998.200
4847	9002.300
4859	9002.400
5187	9004.300
4643	9011.100
4771	9013.000
4631	9013.400
4319	9014.700
5199	9015.700
4779	9017.100
4911	9017.300
4315	9017.500
5159	9017.600
4519	9017.700
4535	9018.300
4959	9018.700
5011	9018.900
4139	9019.500
4915	9022.300
4163	9023.400
5291	9025.800
4751	9028.200
5135	9028.200
4571	9030.400
4515	9031.000
4863	9035.000
4619	9035.200
4195	9036.500
4711	9036.500
4491	9036.600
4775	9036.600
5163	9036.600
5023	9036.800
4819	9037.800
4543	9038.400
5231	9039.100
4767	9058.000
4779	9058.000
4735	9058.400
5223	9059.300
4183	9059.900
4691	9061.800
4607	9072.700
4211	9072.800
4727	9073.400
4335	9073.800
4979	9073.800
5067	9073.900
4663	9074.500
4179	9075.000
4307	9082.900
5223	9084.500
5159	9084.700
5099	9084.800
4723	9085.500
4711	9085.700
4855	9085.700
4875	9086.000
5079	9086.200
4507	9090.100
5127	9090.300
5103	9091.800
4251	9098.300
4547	9100.300
4691	9103.400
4595	9108.800
4855	9110.200
4979	9110.900
4259	9111.000
4463	9111.000
4647	9111.600
4871	9112.400
5271	9112.400
5295	9113.900
4815	9114.700
4219	9114.800
4739	9118.100
5275	9131.300
5051	9132.300
4603	9132.600
5151	9133.300
4511	9133.400
5043	9133.700
5011	9133.800
4443	9134.000
5211	9134.400
4607	9134.800
5299	9136.300
4751	9137.500
4791	9148.700
4439	9150.400
4767	9151.300
4483	9151.400
5071	9151.400
5247	9151.600
4279	9151.900
5087	9152.200
5223	9152.800
4611	9154.200
4431	9166.700
4987	9167.200
4907	9167.600
4875	9167.800
5235	9168.000
5151	9168.500
4475	9169.700
4887	9170.000
5255	9180.900
4603	9182.300
5291	9183.700
4159	9184.300
5275	9185.200
4775	9185.800
4187	9185.900
4631	9186.800
4711	9187.500
4615	9188.300
4183	9195.900
5139	9200.600
4607	9201.300
4419	9201.400
5159	9202.400
4391	9202.600
4767	9202.600
4835	9203.100
5079	9206.600
5039	9208.500
4267	9209.300
5291	9213.000
4815	9215.500
4415	9216.600
4443	9218.600
4947	9218.600
5223	9219.400
4527	9220.500
5087	9221.100
5271	9226.400
4283	9227.800
4211	9228.800
4331	9230.800
4591	9231.100
4287	9231.500
4611	9231.800
5231	9237.400
4751	9247.700
4455	9249.200
4195	9250.700
4851	9250.800
4511	9253.300
4315	9255.600
4683	9255.800
4727	9258.300
4515	9258.400
4995	9259.000
4395	9269.600
4563	9271.400
4219	9271.500
4675	9271.700
5295	9271.900
4979	9272.800
4739	9273.800
4191	9276.400
5051	9289.300
4215	9289.800
4323	9290.100
4423	9290.100
4943	9290.900
4863	9291.800
4595	9292.000
5159	9294.600
4979	9295.100
4483	9303.300
5223	9305.200
4779	9306.100
5055	9306.200
4719	9306.800
4767	9307.200
4207	9307.500
4251	9308.200
5111	9308.200
4435	9308.300
4655	9309.000
5087	9309.000
4495	9309.700
4711	9310.800
4163	9320.800
4179	9324.200
4875	9329.400
4879	9329.600
4531	9330.600
4203	9332.700
5299	9335.600
4507	9335.700
5283	9336.500
4283	9336.600
4559	9337.700
5167	9338.100
5279	9345.000
5235	9346.500
4775	9351.800
5211	9353.900
5079	9360.000
4315	9361.100
5267	9361.100
5103	9367.400
5295	9372.900
4547	9374.700
4671	9375.100
4759	9375.800
5115	9376.500
4459	9377.300
4699	9377.300
4519	9378.600
4811	9385.600
5011	9385.800
4163	9395.400
4675	9396.100
4263	9397.600
4299	9397.600
4603	9404.400
5043	9406.800
4511	9407.000
4887	9408.200
5075	9412.300
4643	9412.500
4483	9412.600
4663	9412.800
4819	9414.900
4283	9415.800
4247	9422.300
5139	9423.800
4167	9424.300
4747	9424.400
4751	9425.000
4787	9426.400
4251	9431.200
4183	9434.600
4571	9438.100
4699	9438.600
4187	9438.900
5223	9439.200
5211	9439.400
4815	9440.500
4679	9443.000
4947	9443.400
5235	9443.600
5039	9444.200
4623	9444.300
4231	9445.900
4775	9449.700
5231	9454.500
4415	9455.600
5159	9457.300
4283	9457.400
5047	9460.200
5215	9461.200
4315	9461.600
4511	9461.700
4607	9466.700
4739	9467.100
4255	9469.600
4399	9469.600
4295	9469.900
4771	9470.600
4191	9471.300
4579	9472.400
4827	9473.000
4831	9473.300
5283	9473.300
4895	9473.400
4931	9474.000
4203	9485.300
4847	9487.000
4891	9488.500
4299	9489.400
4963	9489.900
4263	9490.100
4619	9490.400
5139	9490.500
4751	9490.900
5123	9491.500
4367	9491.800
4731	9491.800
4583	9492.300
4227	9493.300
4779	9505.800
4167	9506.000
4699	9508.700
5291	9508.900
4711	9511.200
5187	9512.000
4971	9512.300
4899	9512.600
4943	9513.000
4947	9513.000
4927	9513.300
4395	9513.900
4891	9514.200
4219	9514.600
4775	9515.100
4499	9515.700
5003	9525.300
4759	9527.300
4423	9527.800
4187	9532.900
4915	9541.900
5167	9552.700
5155	9554.300
4639	9555.600
4399	9556.700
4487	9556.700
4231	9559.100
4219	9559.400
4691	9559.500
4723	9559.600
5179	9560.200
4239	9562.400
5047	9562.600
4363	9562.800
4663	9563.500
5267	9570.400
5199	9571.800
4411	9572.000
5051	9572.600
4143	9572.900
4659	9573.600
4511	9573.900
4575	9573.900
4463	9574.000
4563	9574.200
4171	9574.500
4679	9574.600
4815	9574.600
4467	9574.700
5035	9574.700
4415	9575.100
4559	9575.100
4219	9575.300
5291	9575.300
4959	9575.800
4943	9578.100
4287	9578.300
4947	9588.900
4515	9591.300
5231	9591.600
4887	9591.900
4583	9592.400
5227	9592.400
4383	9593.000
4483	9593.000
4439	9593.200
5235	9593.400
4907	9593.600
4535	9593.700
4139	9594.000
4367	9594.500
4555	9595.400
4155	9595.800
4603	9614.300
4511	9614.700
4699	9614.900
4955	9617.600
4711	9618.700
4911	9619.000
5223	9619.600
5187	9620.100
4343	9620.800
4979	9621.200
4767	9630.800
4591	9632.300
4795	9632.900
5047	9633.100
4599	9633.900
4971	9635.800
5071	9637.500
4183	9646.400
5283	9647.100
4683	9648.100
5275	9648.700
4799	9648.900
4251	9651.000
4699	9657.700
4247	9662.700
4747	9663.600
4647	9663.700
4739	9664.800
4159	9665.500
5159	9666.100
4779	9666.200
4219	9669.700
4587	9670.300
4719	9672.800
4895	9672.800
4711	9675.100
5039	9680.400
5175	9680.500
4239	9681.700
4759	9682.500
4875	9683.100
4571	9688.700
5231	9689.900
4767	9690.700
4223	9692.200
4475	9701.500
4339	9701.600
5167	9701.700
4511	9701.900
4599	9702.200
4787	9702.200
4215	9702.300
4303	9702.700
4543	9703.400
4195	9705.600
4819	9708.300
5235	9709.200
4691	9710.300
4219	9711.500
4783	9711.800
5087	9714.500
4439	9715.300
4143	9716.500
4907	9720.100
4903	9720.300
4579	9720.900
4767	9720.900
5247	9720.900
4155	9721.300
5131	9721.300
4771	9721.400
4995	9721.400
4563	9721.500
5043	9721.600
4495	9721.900
4719	9722.900
4263	9727.400
4879	9727.400
4295	9735.400
4859	9735.600
4779	9735.800
4403	9737.100
4915	9745.200
4319	9745.600
4923	9748.500
5235	9749.200
4767	9749.400
5075	9749.500
4955	9749.800
5255	9750.800
4263	9751.500
5291	9754.900
4303	9760.700
5223	9762.700
4599	9764.200
4911	9764.700
4439	9768.700
5107	9768.900
4495	9769.900
5047	9770.500
5071	9770.500
5043	9773.700
4619	9773.800
4651	9782.500
4643	9783.400
4511	9783.800
5139	9784.000
5083	9784.300
4831	9784.700
4255	9785.000
5115	9785.000
4735	9785.400
5079	9785.700
4503	9787.700
5167	9788.300
4639	9789.600
4591	9797.800
4299	9798.100
4323	9798.100
4851	9799.600
4779	9800.900
4551	9801.400
4987	9801.400
5075	9804.000
4347	9806.100
4183	9815.600
4891	9816.200
5087	9816.400
5235	9818.100
5015	9818.600
4763	9819.100
4727	9819.300
5071	9820.100
5111	9832.600
4439	9833.600
4795	9833.800
5127	9833.800
5091	9833.900
4379	9834.600
4435	9835.300
4335	9836.300
4563	9836.700
5051	9837.500
4987	9838.900
4583	9851.300
4815	9852.500
4143	9855.100
5015	9855.300
4687	9856.200
4727	9856.500
4347	9856.900
4851	9856.900
4487	9857.500
4943	9857.500
4711	9858.400
4447	9859.500
5247	9860.000
4723	9872.300
4979	9872.600
5167	9872.600
4679	9872.700
4507	9873.700
4363	9874.200
4459	9874.800
4219	9875.900
4927	9876.600
5159	9877.200
5043	9889.800
4831	9890.300
4395	9890.500
4607	9890.500
4747	9890.600
4487	9891.500
5215	9891.700
4251	9892.800
4443	9895.200
4183	9895.900
4787	9897.600
4479	9900.300
4591	9904.800
5179	9907.200
4495	9910.100
4167	9911.000
4295	9912.100
5047	9913.200
4223	9915.000
5103	9916.100
4775	9917.300
5011	9919.100
4395	9920.400
4219	9921.300
5235	9921.900
4419	9926.900
5019	9932.600
4299	9933.800
4155	9934.000
4339	9937.200
4827	9937.500
4187	9937.600
4631	9938.200
5195	9938.200
5111	9942.400
4775	9942.700
4791	9945.100
4719	9946.900
4611	9951.200
4671	9951.200
4515	9951.600
4499	9952.400
4803	9952.700
4511	9952.800
4943	9954.900
4639	9958.300
5079	9960.900
5151	9965.900
5187	9966.300
4463	9967.800
4607	9971.300
4827	9972.500
4991	9972.700
5207	9974.200
4767	9975.300
4591	9983.700
4287	9985.900
4227	9986.000
4339	9986.300
5071	9986.500
4623	9988.500
4735	9989.100
5283	9989.100
4947	9989.600
4963	9993.100
4967	9998.700
4539	10003.300
4563	10005.700
4391	10008.500
4359	10009.500
4347	10012.500
4615	10013.400
4935	10014.000
4603	10015.400
4439	10020.700
4791	10021.400
5227	10021.400
4655	10021.500
4487	10022.400
4251	10023.100
4519	10023.500
4223	10023.900
5115	10024.600
4767	10026.400
5235	10026.500
4491	10027.400
4399	10028.000
4139	10033.700
5187	10037.300
5275	10038.600
4351	10039.400
4415	10041.100
4507	10041.600
4747	10042.000
4547	10042.400
4763	10042.700
4987	10051.200
4163	10053.300
4767	10055.900
4751	10056.100
4875	10056.300
4355	10058.400
4275	10058.500
4863	10058.700
4203	10059.500
4991	10060.300
5071	10072.700
5091	10072.900
4859	10073.200
4775	10073.600
5087	10073.600
5011	10073.900
4663	10074.400
4139	10074.900
4467	10074.900
4791	10074.900
5191	10075.200
4507	10075.300
4711	10075.300
5199	10075.300
4251	10075.500
4411	10075.500
4523	10075.700
5167	10075.700
4887	10075.800
4503	10075.900
5239	10075.900
4651	10076.000
4215	10076.500
4619	10076.600
4911	10076.600
4219	10076.800
5255	10076.800
5187	10077.100
4423	10078.700
4831	10092.900
4483	10093.000
4983	10093.000
5079	10094.900
5235	10095.000
4311	10095.400
4679	10095.600
4479	10095.800
4547	10107.400
4811	10107.600
4583	10110.200
4151	10111.100
4987	10111.400
4315	10115.300
4971	10115.400
4767	10126.500
4163	10126.800
5263	10127.000
4779	10127.100
4775	10127.200
5211	10127.300
4603	10128.600
4743	10129.900
4619	10130.500
4967	10134.000
4391	10144.300
4643	10144.600
4863	10144.600
5043	10144.600
4659	10146.000
4607	10146.100
5159	10146.600
4139	10153.700
4583	10163.200
4611	10163.800
5199	10164.600
4279	10164.800
4767	10164.900
4143	10165.100
4711	10165.400
4339	10165.600
4471	10165.600
4803	10165.600
4763	10165.700
5023	10166.100
4495	10166.200
4751	10166.400
4947	10166.900
4311	10168.000
5103	10169.100
5079	10170.600
5011	10179.000
5247	10180.800
4623	10183.400
5183	10184.100
4183	10184.700
5263	10185.200
5299	10185.600
5295	10186.200
4255	10188.400
5159	10193.700
4795	10193.800
5203	10194.200
5151	10194.700
5043	10197.400
4947	10198.300
5227	10198.700
4911	10201.100
4711	10201.900
4655	10202.600
4263	10202.900
4339	10213.100
5039	10214.200
4531	10214.700
4259	10215.000
4475	10215.600
4211	10215.700
4767	10215.800
5215	10217.700
5103	10217.800
4783	10218.200
4583	10218.400
4511	10218.500
4863	10218.800
5295	10221.100
4203	10221.700
4199	10222.300
4847	10232.200
4223	10232.400
4603	10232.500
4923	10232.700
4775	10233.300
4779	10233.500
4771	10242.400
4439	10245.000
4679	10245.600
4255	10249.600
4787	10250.900
4391	10251.100
4951	10252.000
4583	10252.600
4607	10252.600
5135	10252.800
4659	10253.500
4635	10253.600
4731	10254.300
5295	10254.900
4943	10255.200
4495	10255.600
5291	10269.600
4163	10269.900
4223	10270.300
4191	10270.400
4743	10271.200
4383	10271.400
4155	10271.700
5303	10271.700
4187	10271.900
4183	10272.200
5027	10281.500
4831	10282.200
4511	10282.700
5003	10283.100
5231	10283.400
4775	10288.300
5159	10288.500
4643	10292.800
5223	10293.000
4863	10298.100
4495	10302.500
5071	10302.900
4743	10303.400
4631	10304.500
5155	10307.400
4435	10316.300
4163	10317.200
4483	10318.000
4415	10318.900
4979	10320.800
4899	10324.900
4591	10328.000
5295	10330.400
5103	10330.500
4803	10331.800
4919	10332.700
4227	10334.300
4891	10334.700
5111	10334.800
4203	10335.300
4987	10342.700
4395	10348.500
4347	10348.700
4147	10350.100
5223	10350.700
4619	10352.100
4247	10353.800
4251	10355.600
5231	10361.700
4439	10362.600
5155	10364.700
4739	10364.900
4779	10366.600
4215	10367.400
4223	10368.200
5087	10368.500
4699	10372.100
4879	10378.500
5167	10380.000
5031	10380.900
5011	10381.600
4927	10383.500
4399	10383.600
4347	10384.700
4775	10385.800
4843	10393.000
4979	10395.200
4643	10395.300
4655	10395.900
4747	10399.900
4475	10400.900
4291	10401.200
4371	10402.200
4855	10402.200
4915	10402.300
4863	10402.600
5159	10403.200
4663	10403.300
4351	10403.800
4943	10405.200
5027	10405.300
4551	10418.200
4571	10418.400
4239	10420.600
4827	10420.800
4419	10420.900
5127	10421.200
4139	10421.600
5139	10421.600
5031	10422.600
4555	10425.600
4831	10426.700
5123	10433.400
4891	10436.900
4599	10437.300
4299	10438.500
4491	10438.700
4347	10438.800
5115	10440.600
4711	10443.100
4527	10444.300
4399	10445.900
4179	10447.300
4683	10449.200
4947	10453.000
4379	10454.600
4423	10455.000
4183	10455.100
4851	10455.800
4791	10458.400
5223	10459.300
4607	10460.900
4871	10462.200
4775	10463.000
4599	10463.500
4715	10471.500
4239	10475.600
4779	10476.600
4603	10477.200
4863	10478.000
4907	10478.200
4651	10479.300
4555	10479.800
4483	10480.100
4495	10480.300
4187	10490.900
4535	10492.200
5187	10492.300
4263	10492.800
5139	10493.700
4383	10493.800
5239	10493.900
4559	10494.800
5047	10495.800
4663	10496.800
