# NEST version: 3.9.0-post0.dev0
# RecordingBackendASCII version: 2
sender	time_ms
4558	501.700
4234	503.100
4394	503.300
4582	504.400
4542	505.100
4250	505.200
4538	505.700
5230	505.700
5258	505.700
4314	507.000
4274	507.400
4386	508.400
4270	512.700
4794	518.400
4146	519.400
4702	520.100
4438	522.100
4346	524.400
4754	524.700
4366	525.800
4606	526.100
5034	526.600
4278	527.100
4674	538.700
4238	538.800
4490	538.900
4966	539.300
5262	539.300
4470	539.400
4234	539.500
5234	540.000
4758	540.200
4370	540.300
4434	540.300
4850	540.300
4814	540.400
4930	540.400
4274	540.600
4702	542.500
5050	545.700
4466	552.100
5174	553.100
4622	554.100
5062	557.700
4974	557.900
4950	558.400
5230	558.400
4794	558.800
4190	558.900
4430	559.400
4966	560.800
5166	560.900
5110	561.000
4526	573.600
4210	576.700
4938	577.100
4762	578.100
4362	579.500
4146	581.200
4522	585.300
4346	592.000
4446	592.900
4142	593.100
4994	599.700
5022	600.700
5102	600.900
4654	601.300
4822	604.200
4282	604.300
4770	605.700
4518	607.800
5198	610.800
4270	613.500
4570	613.500
4462	615.400
4794	618.300
4526	618.600
5158	619.600
4342	620.000
4650	621.100
4882	623.900
4910	625.700
5110	627.500
4806	628.700
4666	629.800
4990	631.300
4978	632.000
4246	633.300
5082	635.700
4230	637.500
4586	639.800
4370	640.600
4334	649.900
4514	651.000
5038	653.400
4958	653.700
4790	654.000
5222	654.100
5174	654.700
4394	656.200
4874	656.800
4526	669.800
5062	669.900
4422	670.000
4438	670.100
4446	671.100
4238	671.200
4334	671.200
4278	671.800
4326	671.900
5206	672.200
4654	672.600
4470	672.700
4898	672.800
4426	672.900
4774	673.200
4370	673.700
4486	673.800
4358	675.700
4658	687.600
4882	688.300
4686	688.600
5130	688.900
4362	689.200
4766	689.300
4618	689.500
4878	689.900
4938	690.800
4434	691.000
5194	702.000
5150	705.600
5174	706.400
5262	706.800
4206	707.500
4234	708.000
4574	708.300
5026	708.800
5102	708.900
4598	710.300
4246	710.700
4754	712.200
4910	713.500
5266	719.500
4762	722.900
4522	724.200
4194	724.600
4414	725.400
5302	725.500
5034	725.800
4794	727.900
4726	729.000
4674	729.300
4430	740.200
4774	740.700
5106	741.200
4814	741.400
4990	742.200
5054	742.500
4142	742.600
4370	742.600
4514	742.600
4386	742.900
4410	743.000
4794	743.000
5178	744.100
4790	744.200
4810	744.200
4930	744.300
4642	744.800
4670	746.700
4942	761.900
4234	762.300
4902	762.400
5218	762.400
4998	762.600
5198	762.600
4878	764.000
4190	764.200
4494	764.500
4230	765.100
4526	775.800
4702	776.700
4306	781.700
4238	782.700
4550	783.400
4598	784.000
4386	785.300
5258	786.100
4230	791.200
4186	795.600
5170	795.800
4534	796.300
4686	796.900
4442	797.100
5130	798.100
4706	799.200
5142	799.900
4734	800.800
4934	809.500
4522	810.900
4218	811.100
4458	811.600
4658	811.900
5018	812.400
5122	812.500
4242	812.900
4382	812.900
4142	813.000
4402	813.100
4918	813.400
5126	813.600
4582	829.300
4166	829.500
4378	830.600
4230	830.700
4602	831.100
5030	832.200
4434	832.500
5210	832.500
4646	835.900
5258	837.300
4750	848.400
4430	848.700
4346	848.900
5054	849.400
4590	849.500
4762	849.600
4158	849.900
5246	849.900
5130	850.100
5174	850.300
4938	851.700
4214	852.500
5202	853.900
4814	864.600
4398	866.100
4270	866.600
4246	867.400
4334	867.500
4890	867.500
4474	867.700
4774	869.000
4286	870.100
4614	870.400
5230	872.200
4702	873.900
4182	879.800
4526	880.300
4938	882.400
5190	882.800
4942	885.000
5058	887.400
4350	888.800
5210	889.900
4458	890.200
4238	890.300
4510	901.600
5206	901.700
4202	902.000
4230	902.500
4862	903.800
4310	906.500
4866	907.500
5094	907.800
5014	908.300
4730	910.000
4290	910.100
4242	910.400
4690	910.600
4494	911.000
4166	911.800
5230	913.100
4746	913.300
4370	914.000
4482	915.200
4818	917.100
4346	926.700
5130	928.000
4222	930.300
4470	930.800
4774	932.000
4478	932.400
4750	932.400
4414	932.500
4558	932.700
5218	933.000
4702	943.600
4370	944.200
4950	944.900
4898	945.500
5174	946.100
4530	947.100
4334	947.400
5170	947.600
5290	947.700
4698	957.400
4190	958.700
4290	959.300
4330	959.500
4738	959.600
4390	960.100
4542	960.100
4386	960.200
5262	960.500
4906	960.600
4726	960.800
4346	960.900
4478	962.100
4958	962.700
4158	976.500
4398	977.400
4202	977.500
4246	977.600
4250	978.100
4386	984.600
5054	986.100
4410	988.600
4566	988.600
4974	989.000
4346	989.500
4606	990.100
4666	990.800
5038	992.900
4178	994.000
4462	995.900
4494	996.400
5170	996.600
4918	996.700
4890	997.400
4310	1007.800
4182	1007.900
5122	1007.900
4746	1008.800
5146	1009.100
4614	1010.300
4686	1010.400
4482	1010.600
4694	1010.900
4846	1010.900
5030	1010.900
4818	1011.000
4850	1024.600
4526	1025.300
4782	1025.700
4974	1025.800
5038	1025.800
5230	1025.900
4730	1026.200
4438	1027.600
4338	1027.700
4642	1027.700
4794	1027.900
4986	1027.900
4214	1028.100
4942	1041.500
4574	1041.600
4314	1043.300
4670	1044.000
4746	1044.200
5174	1044.300
5070	1044.900
4410	1045.000
4842	1045.100
4234	1045.300
4758	1047.700
4550	1048.000
4606	1048.200
4738	1060.300
4594	1061.300
4270	1062.300
4154	1065.100
4430	1067.000
4990	1068.200
4934	1068.400
4658	1068.600
5118	1069.400
4286	1069.900
4582	1070.100
4370	1070.400
5054	1071.800
4442	1079.800
4398	1080.100
4706	1081.000
4602	1081.400
5122	1081.800
5198	1081.900
4394	1082.100
4230	1085.700
4770	1093.500
4202	1093.800
4386	1095.100
4486	1096.600
4246	1096.900
5174	1097.800
4546	1103.200
4362	1107.700
4618	1109.600
4190	1110.000
4634	1112.600
5170	1112.800
4690	1112.900
4526	1113.400
5106	1113.600
4142	1114.000
4942	1114.200
5110	1115.000
4242	1126.500
4270	1126.500
4510	1128.100
4922	1128.300
5098	1129.400
4146	1129.800
5082	1130.100
4386	1130.300
4714	1131.300
5166	1131.300
5058	1145.200
4522	1145.500
4610	1145.700
4750	1146.100
4270	1146.300
4890	1147.200
4938	1147.200
4986	1147.900
4246	1148.200
4958	1148.900
5270	1161.000
4346	1162.000
4550	1162.400
4942	1163.400
5194	1163.500
5258	1163.500
5266	1163.500
4370	1164.000
4818	1164.100
4842	1164.300
4582	1164.600
4938	1164.600
4898	1164.700
5118	1164.700
4878	1165.000
4398	1167.100
4146	1169.500
4266	1169.500
5174	1175.800
5198	1176.600
4918	1176.700
5222	1177.800
4746	1178.300
5006	1178.900
4234	1182.700
4906	1183.700
5002	1183.700
4230	1184.000
4378	1184.100
4374	1184.400
4638	1188.700
4242	1189.900
5130	1191.400
4542	1195.300
4346	1195.400
4866	1195.400
4970	1195.600
4570	1196.000
5170	1197.000
4942	1199.700
4426	1200.700
5086	1205.200
4182	1205.800
4934	1206.200
4338	1209.000
5202	1211.200
4314	1214.600
5058	1215.300
4654	1215.900
5082	1216.000
4510	1216.300
4842	1216.500
5078	1217.600
4470	1219.000
4754	1219.300
4298	1219.400
4482	1219.900
5066	1220.600
4398	1223.900
4526	1224.000
5174	1227.700
4574	1230.100
5126	1230.200
4138	1230.700
4310	1235.800
4850	1246.100
4278	1247.200
4926	1247.900
4362	1249.900
5202	1251.100
5062	1251.300
5170	1251.500
4890	1251.700
5150	1252.100
4458	1252.600
4602	1264.700
4222	1265.400
5258	1265.400
5122	1265.800
4690	1266.500
4738	1266.700
4862	1278.500
5066	1279.600
4386	1283.500
5254	1284.600
4934	1285.400
4730	1285.500
4154	1287.500
4214	1287.700
4534	1289.100
5054	1290.600
4602	1299.800
5170	1300.100
5270	1300.100
4570	1300.400
4690	1300.700
5194	1301.000
4146	1301.500
5230	1302.300
4554	1302.700
4310	1317.700
4462	1318.000
4226	1319.100
4214	1320.000
5174	1320.900
4750	1321.300
5038	1321.300
4790	1321.400
5142	1322.100
5054	1322.900
5086	1323.100
5058	1323.400
5138	1324.700
4850	1325.300
4242	1326.500
4246	1333.100
5062	1333.200
4778	1333.900
5258	1335.600
4514	1335.700
4882	1336.400
4878	1336.600
4682	1336.800
4606	1337.000
4430	1337.100
4398	1339.300
4310	1343.900
4230	1346.100
4942	1347.000
4622	1348.800
4574	1349.800
4470	1350.000
5034	1350.100
4690	1350.200
5234	1350.200
4370	1354.800
4826	1359.300
4878	1365.600
4814	1366.100
4806	1366.600
5058	1367.100
4602	1367.500
4150	1368.000
4510	1368.000
4270	1368.100
5250	1368.100
4754	1368.400
4190	1368.500
4434	1368.500
5198	1368.500
4358	1368.600
4962	1369.000
5142	1369.600
4346	1370.500
5258	1370.500
4890	1385.800
4642	1388.300
4942	1392.600
4938	1393.500
5194	1401.600
5250	1401.600
4146	1402.200
5078	1402.300
4722	1402.500
4798	1402.500
5170	1402.500
5022	1402.800
4386	1402.900
4894	1403.100
5086	1403.300
5106	1403.300
4242	1413.700
5282	1419.700
4190	1419.800
4770	1420.600
4822	1421.000
4806	1421.200
4518	1422.300
4758	1422.400
4262	1422.500
4690	1422.500
4974	1422.900
4818	1423.000
4862	1423.000
4962	1423.300
5150	1423.300
4594	1423.500
4610	1423.500
5022	1425.800
5094	1438.000
5062	1438.100
4746	1438.400
5158	1439.400
5090	1439.600
4442	1439.800
4246	1440.900
4230	1441.300
4998	1441.500
5198	1443.600
4622	1444.200
5234	1453.300
4882	1454.100
4306	1454.500
4850	1455.200
4794	1456.100
4394	1457.200
5166	1457.600
4574	1458.900
5010	1459.000
5266	1463.300
4370	1468.900
4498	1470.400
5286	1471.300
4770	1471.600
4718	1473.100
4502	1474.000
4470	1474.500
4386	1474.900
4974	1481.000
4430	1482.600
4346	1482.900
4842	1483.500
4414	1483.600
5074	1483.600
5122	1483.600
4590	1486.200
4462	1486.800
4750	1486.800
4778	1487.200
4310	1487.400
4582	1488.000
5054	1488.000
4258	1489.000
5014	1489.100
4526	1489.200
4646	1490.900
5034	1491.300
5170	1494.000
4170	1503.600
5262	1504.000
4746	1504.500
4862	1504.600
4890	1506.300
4642	1507.300
4794	1507.400
4574	1507.600
4818	1507.800
5038	1516.900
4730	1517.700
4202	1521.500
4602	1522.000
4910	1522.200
5174	1523.900
4378	1524.000
4662	1524.100
5166	1524.100
4746	1524.500
4454	1524.800
4934	1526.500
4482	1527.000
5078	1527.500
4214	1527.600
5302	1529.100
4430	1541.600
5146	1543.100
4374	1543.200
5250	1543.500
4310	1543.600
4818	1544.600
5210	1545.000
4486	1545.600
4530	1547.300
5230	1548.600
5118	1559.800
4370	1560.200
4966	1560.400
5258	1560.800
5114	1560.900
5154	1561.000
4150	1561.600
4602	1561.600
4582	1561.800
4298	1561.900
5066	1561.900
4214	1562.200
5198	1562.200
4762	1562.900
5286	1563.000
4670	1563.200
4386	1563.400
4234	1563.800
4650	1564.100
4278	1566.300
5246	1577.600
4246	1578.300
4378	1580.300
4290	1581.000
4654	1581.900
5090	1582.200
5230	1582.300
5294	1582.900
4138	1585.400
4750	1590.200
4298	1593.600
4990	1594.400
4302	1594.800
4702	1594.800
4438	1596.300
4330	1596.800
4942	1596.900
4146	1597.000
4734	1597.100
5170	1598.100
4938	1600.000
4366	1600.100
4602	1600.600
4310	1617.600
5178	1619.200
5130	1620.000
4230	1621.400
4690	1623.300
5122	1623.700
5126	1624.400
4466	1624.800
5038	1625.100
4146	1627.500
5270	1628.100
5290	1633.200
4558	1639.100
5054	1639.400
4362	1640.000
4654	1641.700
4334	1647.000
4222	1653.500
4386	1655.100
4146	1655.400
4342	1655.400
4766	1655.800
4346	1657.400
5174	1658.100
4750	1659.000
4394	1660.300
4166	1669.700
4790	1670.400
4230	1671.700
5054	1672.000
4818	1672.200
4882	1672.400
4550	1672.800
4938	1673.100
5058	1673.200
5262	1673.400
4586	1673.600
4898	1673.800
4814	1675.400
5038	1675.500
4370	1689.300
4438	1690.400
4734	1690.400
4142	1691.000
4582	1691.100
4514	1691.800
4226	1692.100
4874	1692.200
4510	1692.300
4298	1692.600
4302	1692.600
4346	1692.900
4898	1693.100
4490	1693.600
5234	1694.300
4814	1697.900
4938	1700.200
4250	1708.300
4246	1708.400
4930	1708.400
5230	1708.500
5034	1709.700
4230	1711.100
4918	1711.700
4682	1712.900
4466	1713.200
4826	1713.300
4146	1713.700
5182	1714.000
5198	1714.600
5170	1715.200
4310	1716.200
4602	1718.200
4270	1722.000
4438	1725.900
4654	1726.900
4526	1727.100
5006	1727.100
4702	1727.300
4290	1731.700
4846	1742.100
4538	1742.800
4462	1743.000
5230	1743.000
4546	1743.100
4386	1743.200
4550	1743.300
5246	1743.600
5170	1743.700
4226	1744.400
4690	1745.000
4794	1745.100
4190	1754.800
4602	1756.100
4314	1756.200
4322	1756.600
4530	1756.900
4974	1757.800
5198	1759.700
4278	1760.900
4790	1760.900
4338	1761.300
4250	1764.500
4346	1765.000
5194	1765.800
5110	1766.200
4514	1767.200
4202	1776.100
5034	1776.700
4634	1776.800
4970	1776.900
4806	1777.000
4894	1777.000
4686	1777.400
4270	1777.700
5050	1778.100
4214	1778.900
4382	1778.900
5022	1779.800
4786	1791.200
5234	1791.500
4146	1791.600
4394	1793.000
4446	1794.000
4318	1794.100
4234	1795.500
4678	1796.100
5134	1796.200
4654	1796.600
5150	1797.300
4434	1797.400
5182	1798.600
4602	1805.800
4514	1806.900
5126	1808.400
4730	1810.000
5178	1810.200
4702	1811.900
4926	1811.900
4330	1812.000
5206	1813.100
4802	1825.100
4162	1825.300
4790	1825.700
5202	1825.800
5022	1826.000
5170	1827.500
4898	1827.900
4602	1828.000
4758	1828.100
4618	1828.300
4818	1829.300
4458	1838.800
4334	1839.000
4706	1840.000
4386	1842.000
4538	1842.400
4250	1842.500
5094	1843.000
4574	1843.300
4746	1843.700
4566	1845.400
4598	1845.600
4814	1845.600
5262	1846.200
4306	1848.200
4354	1849.500
4322	1851.500
5214	1857.000
4234	1857.500
4530	1857.900
4230	1858.900
5174	1859.600
4214	1861.500
4746	1862.700
4482	1862.900
4866	1866.400
5170	1876.600
4994	1877.500
4790	1878.100
4942	1878.100
4502	1878.600
4974	1879.000
4282	1879.100
4814	1879.300
4634	1879.600
4426	1880.600
4210	1880.800
4986	1881.000
4750	1881.400
5066	1895.800
4146	1899.000
4430	1899.100
4642	1899.200
5258	1899.500
4386	1899.800
4334	1900.200
4310	1900.500
5150	1900.800
4758	1901.100
4762	1901.300
5170	1901.800
4394	1907.400
4558	1910.900
4846	1911.900
4966	1914.500
5038	1916.500
4470	1920.300
4370	1921.000
4362	1921.400
4910	1923.500
4654	1923.800
5110	1924.000
4342	1925.900
4346	1926.900
4606	1927.400
5022	1933.100
4634	1935.000
4498	1936.300
4942	1936.300
5078	1947.000
4770	1951.100
4322	1951.900
4662	1951.900
4174	1952.800
4938	1953.000
4814	1953.100
4346	1953.600
4802	1953.600
4602	1954.100
4146	1954.400
5230	1954.800
4906	1956.100
5294	1968.300
4762	1968.400
5174	1968.500
5102	1969.300
4394	1970.600
5242	1970.600
4750	1972.500
5238	1973.100
4882	1974.200
4438	1978.000
5058	1987.200
4834	1987.600
4690	1988.000
5090	1988.100
4146	1988.200
5230	1990.000
4978	1990.100
4258	1991.500
4746	2001.000
4546	2003.400
5070	2004.800
4890	2008.000
4358	2008.400
4458	2008.400
4914	2009.200
4234	2017.400
4690	2018.400
4786	2018.400
4646	2019.400
5082	2019.400
4762	2019.900
4606	2020.300
4730	2021.800
5174	2024.200
4430	2027.200
4206	2037.400
5198	2037.400
4142	2037.600
4270	2037.700
4346	2039.200
4954	2040.200
4650	2040.300
4450	2041.000
4402	2041.700
4230	2042.100
4482	2042.200
4314	2043.200
4602	2056.200
4242	2056.400
5174	2056.500
5122	2058.300
4510	2058.500
4386	2058.600
4250	2059.100
4466	2059.200
4614	2059.700
4518	2059.900
4598	2060.100
5278	2061.300
4874	2069.700
5150	2072.400
4790	2075.100
5034	2075.400
5262	2075.500
4138	2075.700
4234	2076.300
4370	2076.600
4334	2077.000
4270	2079.000
5014	2089.200
4662	2091.000
4862	2091.000
4394	2091.300
5026	2091.400
5234	2091.800
4962	2092.900
4810	2093.000
4882	2095.200
4154	2095.700
4386	2103.000
4906	2105.400
4822	2106.600
5270	2107.200
4742	2107.400
4794	2107.500
4614	2108.100
5198	2108.600
4814	2111.600
5010	2114.200
4250	2117.600
5130	2117.600
4818	2118.800
5174	2121.100
4346	2121.900
4890	2122.900
4826	2123.400
4774	2124.000
4334	2124.400
5082	2125.300
4434	2125.900
4602	2126.400
5154	2126.400
5222	2139.000
4794	2139.200
5022	2140.200
5038	2141.600
4606	2142.500
4434	2142.600
5262	2149.600
4310	2152.800
4758	2152.800
4790	2153.500
4602	2154.100
4346	2154.300
4826	2154.800
4770	2155.900
4474	2160.600
4882	2164.100
5130	2169.900
5174	2170.300
4690	2170.800
4310	2171.400
5122	2171.400
4894	2172.100
4518	2172.200
4566	2172.300
4538	2172.500
4582	2172.600
5150	2172.600
4430	2172.800
5198	2189.700
4702	2190.400
4550	2190.600
4374	2191.400
4142	2191.600
4882	2192.200
5178	2193.700
4370	2194.500
4746	2194.500
4942	2195.000
4970	2196.300
4230	2199.100
4290	2204.500
4938	2206.600
4570	2211.500
5230	2211.900
4234	2212.400
4214	2213.800
4754	2223.800
4598	2225.700
4462	2226.000
4298	2227.600
4682	2228.100
4734	2228.200
4898	2228.400
4602	2229.600
4690	2230.100
5054	2242.300
4918	2242.500
4866	2242.600
4242	2243.800
5066	2244.000
4390	2244.800
4730	2244.800
4230	2244.900
4818	2246.000
5270	2246.000
4634	2246.300
5174	2246.400
4490	2253.100
4386	2255.000
4494	2257.300
4750	2260.700
5262	2260.700
4422	2261.700
5014	2262.600
4950	2264.900
4322	2266.100
5250	2266.300
4486	2266.500
4514	2267.300
4182	2268.100
4638	2268.500
5062	2269.500
4942	2269.900
4246	2270.100
4298	2271.300
4382	2284.400
4146	2285.100
4970	2285.200
4310	2285.400
4906	2285.600
4222	2285.800
4270	2286.500
4462	2286.600
4582	2286.900
5042	2287.100
4674	2287.200
4782	2287.200
4526	2288.400
4234	2289.500
4818	2304.700
5234	2305.300
4926	2306.400
4530	2311.900
4166	2313.000
4558	2313.100
4614	2314.500
5266	2314.600
4630	2316.300
4386	2316.500
4382	2319.000
4150	2320.300
4618	2320.300
4146	2320.700
4246	2322.500
4230	2322.700
4522	2322.900
4214	2323.000
4346	2323.200
5230	2324.500
4370	2324.600
5170	2338.300
5178	2338.300
4434	2339.000
4638	2339.000
4794	2339.000
5126	2340.400
4942	2340.800
4890	2341.300
5054	2342.200
4470	2343.000
4494	2343.200
5234	2355.900
5198	2356.700
5106	2356.800
4658	2357.500
4438	2359.500
4370	2360.000
4990	2360.400
4418	2370.500
4218	2370.700
4334	2371.100
4246	2371.200
4814	2371.500
4306	2372.000
4778	2372.000
5178	2372.100
4750	2372.200
4790	2372.200
4214	2372.300
4966	2372.300
4982	2372.300
5230	2372.300
4634	2372.400
4730	2372.500
5070	2372.600
5258	2372.700
5038	2373.000
5094	2373.200
4594	2373.600
4406	2374.900
4690	2391.300
4386	2392.000
4770	2392.000
4166	2392.300
4326	2392.400
4582	2392.800
4490	2393.500
4762	2393.800
4246	2403.100
4910	2403.900
5062	2404.700
5170	2404.700
4470	2407.900
4882	2408.000
4990	2408.900
5290	2409.100
5246	2409.500
4930	2409.700
5050	2410.700
5138	2411.400
4230	2413.800
4602	2414.900
4686	2418.600
4546	2420.000
4866	2420.900
4410	2422.800
4782	2423.900
4270	2424.000
4182	2424.500
5066	2425.800
4862	2426.900
5174	2426.900
5054	2427.200
4738	2427.400
5266	2427.800
5130	2427.900
4398	2428.200
4750	2428.600
4778	2428.700
5086	2430.500
4934	2438.700
4794	2439.700
4974	2441.100
4362	2450.500
4746	2452.100
4542	2454.300
4438	2454.400
5270	2454.400
4790	2454.900
5006	2456.500
4686	2457.500
4654	2457.800
4882	2458.000
4282	2458.200
4426	2459.100
5022	2464.400
4890	2465.900
4346	2472.100
4162	2472.400
4314	2472.900
4818	2474.100
4510	2475.800
4786	2476.500
5290	2477.800
5086	2478.200
4738	2478.900
5182	2479.000
4754	2480.700
5170	2487.700
4882	2488.800
4922	2492.400
5054	2492.700
4270	2492.900
4698	2493.300
4602	2493.900
4890	2494.600
4550	2498.800
4310	2501.200
4826	2506.000
4182	2506.900
4682	2508.000
5302	2514.800
5022	2523.200
4394	2525.300
4386	2525.500
4670	2525.500
4886	2525.900
4246	2526.100
4266	2526.200
5234	2527.200
4898	2527.600
5262	2528.300
4318	2528.900
4994	2528.900
5010	2530.600
5270	2532.800
4250	2540.100
4882	2541.000
4342	2542.100
4890	2544.000
4746	2548.500
4414	2560.500
4230	2561.000
4622	2562.200
5110	2562.300
4938	2562.500
4510	2562.700
4654	2562.900
4138	2563.000
5034	2563.400
4750	2564.000
4606	2574.900
4526	2578.400
5302	2578.400
4170	2578.600
5214	2578.900
5146	2579.300
4858	2580.100
5038	2582.100
4706	2582.600
5130	2583.200
5082	2588.300
4326	2589.300
4878	2592.200
4442	2592.700
4330	2594.000
4338	2596.200
4334	2597.600
5174	2598.200
4246	2600.300
5166	2600.500
4810	2600.800
4746	2601.300
4370	2602.000
4426	2604.100
4962	2604.600
4894	2613.800
4270	2614.500
4910	2615.100
4726	2615.600
4210	2616.100
4438	2618.000
4182	2619.000
4550	2619.000
5130	2619.700
4430	2620.700
4690	2621.200
5022	2622.100
4442	2630.900
5146	2631.000
4346	2631.200
4310	2632.800
4226	2632.900
4826	2633.000
4258	2635.400
4686	2636.800
4882	2638.600
4330	2644.500
5210	2646.300
5166	2647.100
4542	2647.200
4294	2647.500
4602	2647.500
4290	2649.100
4286	2649.700
5066	2649.900
4342	2650.000
4966	2650.200
4566	2650.500
4386	2651.600
4802	2652.000
5262	2652.500
5118	2656.900
4526	2662.300
4366	2663.000
4498	2663.900
4314	2664.200
4538	2664.200
4878	2665.000
4986	2666.300
4230	2666.900
4434	2667.100
4990	2667.100
5050	2667.500
4326	2667.600
5054	2669.100
4518	2669.300
5034	2669.400
4826	2669.800
4690	2669.900
4394	2670.100
5142	2682.200
5290	2682.700
4590	2683.300
4470	2685.100
4618	2687.400
4898	2687.500
4458	2687.600
5126	2689.000
4190	2689.300
5170	2689.800
4342	2689.900
5254	2692.100
5178	2692.500
5162	2693.000
5258	2700.200
4346	2705.700
4622	2706.100
4530	2707.100
4794	2707.200
4222	2707.900
4322	2708.200
5170	2708.700
4394	2718.500
5150	2721.500
5194	2721.700
4818	2723.200
4654	2725.000
4162	2725.600
4550	2726.100
5162	2726.100
5174	2726.300
4962	2726.400
4974	2726.500
4606	2727.200
5258	2729.800
5014	2730.100
4998	2735.700
5170	2735.700
4990	2735.800
4558	2736.500
4742	2736.500
4310	2740.000
4438	2741.100
4822	2743.100
4878	2743.200
5302	2745.100
4670	2745.200
5130	2746.400
5190	2746.900
4602	2756.600
4138	2756.700
4458	2756.700
4370	2756.900
5258	2758.600
4474	2758.800
4606	2759.200
4978	2763.800
4174	2770.900
4402	2771.500
4246	2772.200
5094	2772.200
4482	2773.200
5230	2775.000
4974	2775.900
4990	2779.600
4466	2780.200
4378	2780.700
4910	2782.000
4818	2790.500
4790	2791.000
5110	2791.800
5026	2793.500
4758	2800.400
5086	2803.800
4346	2805.100
4154	2805.400
4746	2805.500
4398	2805.800
4218	2807.800
4902	2809.400
4370	2810.100
4686	2810.600
4730	2815.800
4998	2822.800
4702	2823.300
5058	2823.300
4214	2823.900
4782	2824.100
4618	2824.700
5254	2824.900
4930	2825.100
5006	2825.200
4230	2829.000
4394	2830.100
4634	2834.900
4330	2838.500
4750	2838.900
5194	2840.200
4974	2841.500
4482	2842.400
4558	2842.500
4786	2844.300
5154	2844.500
5170	2844.900
4762	2853.800
4394	2859.500
5106	2859.700
4638	2860.200
4538	2861.500
4214	2862.000
5230	2862.100
5278	2862.200
4310	2862.400
4586	2863.500
4718	2865.200
5122	2866.700
4878	2879.100
5302	2879.700
4782	2880.200
4822	2880.400
4298	2880.800
4690	2880.900
4886	2880.900
5262	2880.900
4186	2881.500
4670	2883.600
4702	2891.600
4926	2891.600
4526	2893.400
4218	2894.100
4774	2894.200
4418	2894.400
4278	2894.700
4282	2894.900
4202	2895.100
5294	2895.200
4470	2895.400
4754	2895.700
5098	2896.300
4686	2896.400
4370	2898.400
5150	2910.600
4214	2911.500
4458	2912.200
5106	2913.000
5066	2913.100
5258	2913.500
4390	2914.100
4270	2914.500
4910	2914.800
4422	2915.100
4242	2922.000
4494	2926.200
5110	2927.800
4370	2929.000
4706	2930.700
4250	2931.200
5118	2931.700
4690	2932.300
4346	2933.700
5174	2933.900
4214	2934.700
5290	2934.800
4938	2935.000
4142	2935.300
4230	2936.600
4826	2937.600
4662	2939.500
5086	2941.900
4610	2943.500
5138	2943.600
4446	2945.900
4622	2946.200
4770	2951.300
4774	2957.300
5234	2957.600
4730	2958.100
4878	2958.300
4250	2958.400
5130	2958.600
5142	2960.000
4642	2960.700
5262	2961.700
4938	2972.100
4362	2972.300
4338	2973.100
4198	2973.300
5210	2973.700
4818	2976.400
4618	2978.000
5090	2982.700
4482	2984.800
4574	2986.100
5110	2988.800
4566	2989.500
4526	2989.900
4650	2990.200
5162	2991.100
4374	2993.200
4942	2993.200
5034	2994.000
4474	2994.300
4470	2995.200
4250	2995.600
5082	3008.600
5214	3009.900
4226	3011.300
4322	3012.600
4266	3013.200
5190	3014.300
4962	3015.100
4526	3021.200
4406	3024.400
4882	3025.200
4334	3025.300
4586	3025.800
5182	3025.900
4558	3026.200
5134	3026.900
4510	3027.400
4686	3028.200
5038	3028.700
4970	3036.800
4230	3039.800
4290	3041.200
4614	3041.600
4146	3042.800
4370	3043.300
5170	3044.200
4930	3044.800
4850	3049.800
4470	3052.300
4654	3056.700
4522	3057.900
4346	3058.500
4242	3060.400
4646	3061.800
4438	3071.000
4754	3072.500
4434	3074.700
5166	3074.900
4986	3075.200
5054	3075.300
5238	3075.900
4258	3076.400
4786	3077.400
5262	3080.200
4658	3082.300
5170	3085.200
5230	3088.000
4406	3091.300
4722	3092.500
4686	3095.300
4230	3096.000
5174	3098.000
4974	3099.200
4398	3099.700
4726	3100.100
4958	3100.700
5122	3100.800
4690	3111.700
5294	3114.000
4394	3114.500
5106	3115.300
4386	3116.600
4546	3117.500
4670	3118.300
5254	3118.800
4806	3119.400
4314	3119.600
4486	3121.200
4746	3121.700
4938	3122.300
4646	3122.600
4510	3134.100
5178	3136.100
4794	3136.600
4990	3136.700
4774	3136.800
4234	3137.000
4138	3137.200
4270	3137.400
4994	3139.800
4954	3140.500
4146	3141.500
4246	3144.800
4178	3150.800
4782	3153.600
5006	3153.600
4526	3154.400
5170	3154.800
4174	3155.500
5142	3156.000
4226	3156.200
4462	3162.400
4950	3162.400
4898	3163.200
4514	3165.700
4998	3166.400
4622	3166.600
4434	3168.600
4470	3169.100
5202	3169.100
4238	3169.600
4610	3170.100
4242	3173.500
4538	3174.900
4910	3175.800
4502	3180.800
4782	3181.800
4494	3182.700
4606	3184.600
4202	3185.600
4298	3190.200
4650	3190.500
4330	3198.700
4662	3199.500
4438	3202.200
5258	3203.900
5086	3205.000
4558	3205.800
5134	3214.200
4342	3217.300
5198	3217.600
5038	3219.500
5174	3220.400
4542	3230.300
4770	3231.100
5146	3231.200
4658	3231.900
4346	3232.000
5270	3233.800
4654	3234.700
5106	3241.900
5054	3243.900
4370	3244.800
4390	3247.000
5006	3247.200
4862	3247.400
4386	3247.600
4570	3248.000
4706	3248.000
4246	3248.600
4342	3249.400
4202	3249.500
4350	3249.500
5170	3251.300
4554	3251.600
4622	3263.900
5274	3263.900
4550	3264.200
4910	3264.500
5150	3264.600
4462	3265.400
4514	3265.600
4882	3268.700
5110	3282.000
4498	3282.100
5006	3282.300
4466	3282.400
4386	3282.500
4966	3283.900
4430	3285.400
4566	3285.800
4774	3286.600
4470	3287.000
4926	3287.400
5158	3287.900
4234	3288.300
4142	3288.700
5142	3297.800
4762	3298.800
5290	3299.300
4346	3303.100
4330	3304.700
5262	3312.600
5082	3312.800
4790	3313.500
4814	3315.500
4526	3316.700
4430	3317.500
4990	3320.900
4998	3321.000
4234	3321.500
4974	3323.100
4562	3327.500
5258	3328.600
4286	3329.600
4270	3329.700
4146	3329.900
4230	3330.500
4246	3331.100
4310	3333.100
4350	3333.200
5226	3333.800
4818	3335.800
4290	3336.600
4470	3336.600
5190	3338.000
5150	3339.800
5138	3340.700
4346	3341.900
5106	3344.800
4378	3348.200
4898	3351.600
4790	3355.200
4342	3356.300
4386	3357.100
4438	3357.200
4486	3358.200
4814	3358.300
4654	3359.600
5162	3360.700
5050	3363.100
4786	3365.800
4750	3367.400
4550	3368.100
4226	3369.600
5014	3369.800
4582	3373.700
4354	3375.600
4526	3376.800
5290	3377.200
4518	3381.200
5130	3382.400
4702	3382.600
4558	3390.400
4766	3390.400
4146	3392.300
4790	3393.000
4370	3393.100
4602	3393.100
4434	3393.500
5230	3394.200
4714	3394.600
4214	3394.800
4470	3395.000
4230	3395.600
4386	3395.600
4346	3395.900
4878	3410.600
4362	3411.100
5174	3411.600
4510	3412.500
5234	3414.000
4386	3414.300
4598	3414.700
4246	3416.600
4470	3430.700
4794	3431.800
4218	3432.300
4566	3434.000
4654	3434.100
4482	3434.900
5110	3435.200
4182	3435.400
4646	3435.800
4998	3435.800
4202	3438.500
4634	3439.300
4814	3440.900
4526	3441.500
5270	3441.600
5298	3443.000
5166	3445.100
4890	3451.400
5086	3453.400
4386	3453.800
4550	3455.200
4846	3456.600
4534	3458.000
4746	3458.000
4858	3461.800
4602	3464.900
5198	3469.400
4342	3470.400
4790	3474.000
4146	3474.600
5054	3474.600
4950	3475.300
5130	3475.500
4770	3475.700
4610	3475.800
4882	3476.200
4346	3476.300
4842	3476.500
4442	3476.600
5090	3477.400
4618	3478.500
4234	3478.800
4834	3478.800
4434	3479.500
4674	3482.200
4518	3493.700
5242	3495.000
5094	3495.100
4894	3495.400
4666	3496.100
4482	3498.000
4370	3499.800
4174	3501.100
4238	3504.300
4342	3506.100
4990	3506.100
4878	3506.200
4818	3507.400
4642	3511.200
4242	3521.800
4334	3524.400
4370	3524.900
5198	3525.400
4746	3526.000
4690	3526.500
4470	3527.000
5002	3527.000
5190	3528.100
4246	3528.700
4322	3529.400
5178	3529.600
4466	3536.800
5174	3537.600
5078	3538.500
4234	3539.900
4750	3539.900
5138	3540.000
4526	3542.400
5230	3543.000
4530	3543.400
4350	3544.600
4642	3553.200
5054	3554.900
4602	3555.900
4694	3556.000
4538	3556.700
4242	3556.900
5010	3557.300
4818	3567.400
4466	3568.900
4162	3569.500
5170	3569.500
4738	3570.100
4478	3570.600
4718	3570.700
5066	3570.900
4758	3571.200
4526	3575.500
4462	3580.200
4322	3580.800
4882	3582.600
4470	3582.900
5122	3583.400
4486	3587.300
4394	3596.100
4354	3596.200
5270	3597.800
4386	3598.600
4918	3599.300
4602	3599.400
5130	3599.600
4342	3599.900
4814	3599.900
5010	3599.900
4542	3600.000
4654	3600.100
4546	3600.200
4518	3600.700
4762	3607.000
5174	3610.400
4614	3615.300
4874	3616.300
4458	3616.600
4446	3617.300
5106	3617.400
4214	3618.100
4690	3623.300
4270	3624.800
4794	3627.600
4894	3630.900
5122	3631.000
4702	3632.000
4362	3634.300
5290	3634.400
4430	3637.100
4562	3647.900
4230	3648.100
5210	3648.500
4650	3649.400
4498	3650.300
4482	3655.900
5154	3662.600
4710	3667.200
4730	3668.400
4690	3668.900
5178	3669.400
4266	3669.500
4318	3669.900
4754	3670.100
5174	3671.000
4918	3671.800
4274	3672.800
4358	3675.900
4898	3675.900
4398	3676.700
4206	3676.800
5258	3683.200
5198	3683.600
5038	3684.000
5086	3684.200
4146	3684.300
4250	3685.100
4242	3685.200
5146	3686.800
4554	3687.100
4538	3687.200
4386	3687.500
4882	3687.600
4990	3687.700
5170	3690.300
4722	3690.700
4298	3701.200
5050	3701.300
4438	3701.400
4174	3701.900
4798	3702.000
4886	3702.500
4334	3703.100
4794	3703.800
4770	3703.900
4446	3704.100
4654	3705.700
4706	3705.800
4990	3718.800
4362	3719.000
4434	3721.700
4146	3722.000
5206	3722.000
4934	3722.200
4794	3722.300
4470	3722.500
5054	3723.100
4254	3723.300
4250	3723.600
4634	3724.000
5142	3724.000
5130	3727.700
5182	3734.000
4430	3737.000
4386	3738.200
4842	3742.200
4814	3742.300
4346	3743.000
5210	3743.400
4790	3751.500
5170	3751.700
4950	3751.800
4350	3752.600
4298	3753.500
5094	3753.600
4654	3754.200
5134	3754.700
4310	3760.200
4146	3761.100
4170	3761.900
4782	3761.900
5278	3762.000
4462	3762.500
4934	3762.900
5110	3763.100
4394	3763.200
5086	3763.500
5022	3763.900
5118	3764.500
4970	3765.700
4242	3773.700
5234	3773.700
5066	3773.900
4338	3774.200
4570	3774.500
5202	3775.500
4558	3776.100
5270	3776.900
4270	3777.300
5150	3777.400
4978	3777.800
4670	3779.400
4234	3779.800
5294	3779.900
4942	3781.400
5014	3782.000
4434	3786.900
4250	3792.200
4442	3792.700
5198	3792.800
4214	3794.100
4258	3794.200
4702	3794.400
4526	3809.700
4174	3811.400
4902	3812.700
4370	3812.900
4406	3813.300
4646	3813.600
5002	3813.900
4534	3814.400
4342	3815.500
5290	3816.500
4354	3817.200
4246	3817.400
4878	3817.400
4918	3828.600
4642	3829.800
4958	3830.500
4306	3830.800
4550	3831.000
4462	3832.100
4522	3832.200
5270	3837.300
4794	3847.800
4822	3848.800
4890	3849.300
4434	3849.600
4526	3850.100
4230	3851.000
4754	3851.800
5174	3852.300
4854	3853.700
4422	3855.900
5230	3857.300
4278	3866.000
4298	3866.200
4466	3866.400
5110	3868.400
4714	3871.100
4938	3871.400
4798	3873.100
5134	3873.400
4978	3873.500
4242	3874.200
4374	3876.400
4402	3876.500
4842	3878.000
5038	3884.300
4774	3888.300
5178	3889.000
4790	3889.200
4274	3889.500
4686	3890.000
5130	3890.000
4934	3890.100
5290	3890.300
5230	3891.500
4146	3892.300
4822	3905.100
4174	3905.200
4230	3905.300
4634	3905.400
4738	3905.400
4882	3905.600
4466	3905.700
4654	3906.100
5038	3906.300
5170	3906.500
4922	3906.700
4306	3907.200
4942	3907.200
4934	3907.500
4646	3907.700
4830	3907.700
5086	3907.900
5110	3907.900
4214	3908.100
4154	3908.300
4962	3908.300
5054	3908.400
5290	3908.800
4342	3909.000
4878	3909.200
5074	3909.400
4386	3910.800
4258	3923.900
4142	3926.300
4314	3926.400
4490	3926.900
4662	3926.900
4250	3927.300
5266	3927.400
4234	3927.800
4458	3928.400
5130	3929.000
4750	3929.300
5022	3929.400
5150	3929.600
4418	3929.900
4698	3929.900
4362	3930.100
4806	3931.700
4470	3944.700
4950	3945.000
4550	3945.200
4286	3945.700
4602	3945.900
5110	3946.600
4698	3949.100
4974	3951.400
5122	3952.100
5046	3954.500
4138	3955.400
4146	3958.600
4162	3958.700
4910	3959.200
5082	3960.600
4654	3961.900
4606	3962.800
4546	3963.800
5022	3965.300
4706	3978.000
5142	3979.300
5206	3980.000
4530	3980.900
4542	3981.100
5094	3981.300
4786	3981.700
4318	3982.000
4518	3982.600
5266	3982.700
4582	3983.300
4470	3983.500
4486	3984.400
5174	3998.700
4558	3998.800
4618	3999.600
5110	4001.000
4962	4003.800
4790	4004.000
4274	4004.500
4338	4007.100
4998	4008.900
4246	4018.600
4794	4018.700
5106	4019.200
4550	4019.400
5230	4020.000
4546	4020.900
5270	4021.800
4242	4022.100
5118	4022.800
4294	4023.200
4746	4023.300
5162	4023.400
4878	4023.500
4890	4023.700
4614	4024.000
4654	4024.000
4466	4025.300
4370	4036.200
4234	4036.600
4230	4037.100
4806	4037.900
4774	4038.300
5050	4038.700
4510	4038.800
5022	4042.600
5066	4042.600
5174	4043.400
5254	4050.400
4346	4055.300
5198	4056.900
5282	4057.700
4470	4058.000
4530	4060.000
5038	4060.200
4438	4061.600
4786	4061.800
4270	4062.100
5258	4062.500
5014	4062.600
4966	4062.800
4146	4063.500
5246	4065.000
4310	4065.300
4162	4069.200
5094	4074.700
4698	4075.200
4334	4077.100
4618	4077.400
5178	4078.400
4606	4079.000
4754	4079.700
4370	4086.200
4746	4089.400
4230	4092.700
4654	4092.900
4154	4093.700
4890	4093.700
4602	4094.000
4814	4094.500
4566	4096.000
4386	4096.500
4466	4096.500
4190	4108.900
4298	4109.800
4618	4110.200
5170	4110.400
4626	4110.800
4786	4111.000
4250	4113.900
4174	4114.100
4758	4118.500
4934	4120.700
5258	4122.900
4782	4125.500
5086	4126.000
4986	4129.700
4942	4129.800
4234	4130.800
4622	4132.500
4910	4133.300
4146	4133.400
4522	4133.700
4210	4134.000
4698	4142.500
4854	4142.700
4866	4143.800
4374	4145.400
5202	4145.400
4230	4145.600
5178	4145.900
4650	4146.100
4346	4146.500
4242	4146.600
4634	4156.700
4298	4161.100
4254	4161.300
5094	4161.300
4386	4161.400
5166	4161.400
4558	4161.500
4950	4161.500
4190	4164.400
5090	4165.500
4618	4165.700
5134	4166.100
4290	4170.700
4762	4176.600
4974	4179.800
4626	4181.600
4654	4183.100
4570	4183.800
4346	4184.200
4394	4184.300
4894	4184.300
5106	4184.900
5290	4192.400
5198	4192.600
4310	4192.900
5122	4193.700
4690	4197.700
4250	4200.900
5170	4204.500
5010	4204.900
4710	4205.100
4166	4210.000
5034	4213.800
5086	4214.700
4794	4216.700
4146	4221.900
4806	4222.000
4386	4222.300
5050	4222.600
4786	4223.800
5118	4223.800
4622	4224.300
4958	4224.900
4662	4225.300
4490	4225.400
4226	4234.200
4722	4235.500
4306	4237.800
4298	4238.200
5110	4238.700
5090	4239.000
4230	4241.800
5286	4244.000
5302	4244.500
4710	4251.300
4898	4253.300
5198	4254.400
4190	4254.700
4526	4255.700
5298	4257.400
4890	4266.000
4574	4268.300
4990	4268.900
5050	4269.500
4446	4270.600
4374	4271.500
4514	4271.600
5202	4271.800
4722	4272.300
4698	4272.400
4322	4273.300
4882	4273.600
4146	4274.200
4230	4274.500
4522	4274.800
5266	4289.000
5090	4290.200
4850	4290.300
4994	4290.300
5178	4291.200
4386	4291.500
4634	4291.500
5290	4291.800
4250	4292.400
4298	4293.700
4662	4294.000
5038	4306.300
4958	4306.400
5066	4306.600
4942	4307.000
4566	4307.200
4866	4307.200
4478	4307.600
4458	4307.800
4602	4308.800
4730	4308.900
4790	4310.600
4230	4312.100
4370	4321.800
4670	4325.400
4390	4325.600
4202	4325.800
4878	4327.300
4342	4335.600
4910	4337.700
5170	4338.300
4938	4339.300
4806	4341.900
4746	4342.000
4694	4342.200
4306	4342.400
4334	4342.500
4434	4343.600
4966	4344.300
5098	4344.500
4214	4344.600
4702	4346.600
4618	4352.600
4310	4356.300
4750	4358.000
4202	4358.100
5006	4358.100
4414	4358.200
4582	4358.200
5054	4358.200
4598	4358.300
4574	4358.400
4790	4358.500
4338	4358.600
5038	4358.600
4154	4358.900
5050	4359.200
4602	4359.400
4526	4359.800
4482	4359.900
5170	4360.700
4538	4361.300
4182	4374.300
5174	4374.500
5130	4375.800
4786	4376.000
4818	4378.300
4246	4378.400
5106	4379.300
4882	4381.600
4598	4382.400
5258	4383.500
5122	4385.000
5170	4385.900
4566	4388.200
5078	4388.300
4802	4390.800
4346	4398.600
4626	4400.000
4618	4400.500
4410	4401.500
5290	4402.100
4522	4402.800
4518	4403.100
4942	4403.300
4638	4403.900
4230	4404.400
4382	4404.800
4138	4405.100
4530	4405.200
4430	4405.500
5194	4406.000
4858	4406.600
4646	4406.900
5294	4408.700
4294	4411.100
4242	4414.800
4794	4420.000
4234	4420.500
4842	4420.600
4818	4420.800
4814	4420.900
4850	4420.900
4914	4420.900
4370	4421.100
5054	4421.900
4786	4427.400
4142	4428.400
4762	4432.700
4654	4434.500
5174	4434.700
4522	4435.100
4910	4435.100
4338	4435.800
4482	4436.100
4526	4436.300
4498	4436.900
4662	4437.800
5234	4439.700
4306	4446.400
4394	4448.500
4998	4448.800
4386	4448.900
4746	4449.700
4510	4450.300
5154	4450.500
5126	4454.400
4878	4457.300
5022	4459.100
4890	4459.800
4782	4461.400
4290	4462.200
4634	4462.700
4426	4465.400
4466	4468.200
4566	4468.600
4934	4471.000
4438	4471.700
4906	4474.400
4718	4475.500
4586	4476.200
4626	4476.400
4342	4476.600
4350	4476.600
4178	4478.400
5166	4492.100
4918	4492.400
5118	4492.700
4758	4493.500
4398	4494.000
4966	4494.100
5226	4494.200
4338	4494.700
4526	4494.800
4930	4495.000
4462	4495.100
5282	4495.500
4530	4495.600
4894	4497.300
4746	4506.700
5170	4509.200
4234	4509.400
4546	4510.200
4554	4510.800
4794	4512.200
4582	4512.300
4658	4512.300
5106	4513.000
4618	4513.500
4434	4518.300
4822	4520.000
4530	4526.700
5022	4527.100
4390	4527.200
4466	4527.200
4458	4527.400
4310	4527.500
4522	4527.500
4550	4527.900
5194	4527.900
5010	4528.700
5230	4529.600
4706	4530.800
4890	4531.000
5034	4531.000
4146	4546.700
4386	4546.800
5178	4546.900
4582	4547.900
4318	4549.500
4166	4549.600
4662	4550.400
5242	4550.700
4846	4551.100
4670	4552.400
4230	4553.300
4378	4554.000
4286	4555.900
5230	4556.000
4390	4567.500
4382	4568.200
5170	4569.600
5106	4572.000
4722	4574.500
4466	4575.000
4370	4581.600
4818	4586.600
4462	4587.400
5010	4587.500
4602	4587.900
5054	4588.200
4414	4588.400
5290	4589.200
4770	4589.400
4670	4591.000
5006	4598.800
5198	4602.700
4906	4603.000
4654	4603.100
4590	4603.200
4622	4603.300
5034	4603.400
4346	4604.100
4358	4604.100
4878	4604.100
5042	4604.500
5206	4604.600
4786	4604.700
4818	4605.800
4250	4605.900
4142	4607.700
5266	4607.800
4286	4609.500
4418	4620.300
4606	4620.500
5110	4621.000
5066	4623.100
4802	4624.200
5222	4631.700
4570	4632.800
4154	4637.500
4194	4638.000
4958	4638.200
4518	4638.300
5198	4638.700
4678	4639.500
4710	4640.300
4890	4642.100
5022	4644.300
4782	4653.200
4806	4653.600
4258	4654.000
4818	4654.200
4650	4654.300
4354	4654.600
5130	4654.700
5034	4655.100
4426	4655.300
5062	4655.800
4786	4656.000
4522	4656.800
4526	4656.800
4790	4656.900
4742	4657.600
4346	4670.900
5174	4671.600
4894	4672.600
4638	4673.100
5058	4673.300
4606	4673.400
5026	4673.800
4714	4676.200
4370	4682.200
4910	4684.800
5194	4685.400
4158	4686.900
5086	4687.900
4878	4688.100
4978	4688.100
4538	4688.200
5134	4688.600
4574	4688.800
5286	4689.500
4826	4690.000
4190	4690.400
4174	4690.500
4530	4691.800
4622	4692.200
4270	4692.400
5294	4694.000
4434	4704.100
4998	4704.800
5142	4705.400
4610	4705.500
4238	4705.600
4614	4705.800
4154	4705.900
4870	4705.900
5006	4706.100
4582	4706.200
5234	4706.500
4410	4706.600
4342	4706.800
4774	4707.400
5074	4708.100
5290	4708.700
4830	4709.000
5170	4709.100
5262	4710.100
4890	4710.700
4362	4711.000
5022	4720.600
4794	4721.400
5274	4721.400
4206	4722.300
5002	4722.300
4310	4723.000
5182	4727.300
4558	4729.000
4662	4734.100
4526	4734.300
4698	4735.700
5106	4736.300
5254	4739.100
5258	4739.400
4702	4739.800
4234	4740.400
5010	4740.700
4386	4742.800
5150	4743.500
4670	4743.800
5178	4749.900
4334	4750.000
5062	4750.000
4466	4751.000
4138	4751.500
4942	4752.400
4490	4752.800
4222	4754.300
4382	4755.700
4710	4756.300
5170	4767.000
5066	4770.200
4318	4770.700
4254	4770.800
4762	4771.000
4346	4772.600
4406	4773.400
4970	4773.400
4602	4775.900
5294	4779.500
5002	4779.800
5234	4784.700
4526	4785.200
4342	4787.500
4166	4787.800
4270	4788.700
4314	4788.800
4770	4789.000
4922	4789.700
4234	4790.200
4242	4790.700
4214	4790.900
4150	4791.600
4274	4792.000
4494	4792.500
5290	4800.700
4762	4804.400
4290	4804.800
5038	4805.700
5126	4805.800
4250	4806.600
4238	4806.800
5246	4808.400
4546	4809.100
4210	4819.200
4342	4822.200
4978	4822.200
4602	4822.900
4718	4825.700
5242	4826.800
5230	4828.500
4818	4831.100
5002	4831.400
5170	4831.600
4226	4836.200
4370	4837.600
4550	4837.900
4942	4840.200
4746	4841.300
5266	4851.300
5174	4853.700
5182	4856.400
5194	4856.900
5142	4857.500
5198	4859.300
5150	4859.400
4142	4860.200
4514	4862.400
5122	4863.100
5010	4863.200
4274	4863.400
4686	4868.000
4790	4869.900
4398	4870.900
4230	4872.800
4618	4873.100
4990	4873.100
4234	4873.300
5222	4873.600
4662	4880.500
4814	4881.200
4246	4881.400
4330	4882.000
4386	4883.100
5170	4883.300
4882	4883.500
5266	4885.100
5066	4885.700
4682	4886.300
4954	4886.800
4602	4895.900
4270	4896.500
4670	4896.600
5174	4896.900
5086	4897.900
4510	4898.000
5294	4899.900
4370	4900.800
5226	4909.700
4750	4916.100
4702	4916.300
4190	4918.000
4334	4920.000
5106	4920.400
4514	4920.800
4386	4920.900
5150	4920.900
4478	4922.100
4546	4923.200
4654	4935.100
4258	4937.000
4910	4937.500
5178	4938.000
4566	4940.500
4802	4941.000
5126	4941.200
4242	4944.900
4670	4945.400
4894	4953.500
4510	4954.000
4886	4954.100
4754	4954.500
5230	4954.500
4362	4954.900
4142	4955.200
5258	4955.200
4602	4955.300
4542	4956.100
4386	4957.800
4494	4958.200
5086	4970.100
5218	4970.700
4778	4970.800
4938	4971.100
4790	4971.200
4870	4971.300
5034	4972.700
4458	4973.500
4410	4982.500
5294	4982.700
5222	4983.900
4526	4984.000
4618	4984.000
4738	4984.300
4570	4984.600
4338	4984.700
4806	4985.100
4686	4986.500
5234	4986.600
4934	4986.700
5182	4986.800
4230	4986.900
4186	4987.100
5290	4987.200
4990	4987.300
4658	4990.000
4770	4990.800
5038	4991.300
4558	5000.800
4346	5002.200
5262	5003.400
5154	5004.600
4290	5005.000
5106	5005.000
4782	5005.600
5270	5005.600
5058	5005.800
4918	5006.700
4250	5007.300
5302	5007.400
4590	5009.200
5266	5009.900
4530	5015.900
4774	5017.000
4182	5019.100
4438	5021.700
5198	5023.300
5010	5025.300
5206	5026.900
5278	5033.300
4702	5036.200
5270	5036.600
4486	5037.000
4402	5037.500
5230	5037.500
4614	5044.600
4230	5045.200
4810	5045.300
5246	5045.600
5038	5046.600
4558	5048.100
4618	5048.200
5234	5048.500
4846	5049.200
5022	5049.500
5206	5050.600
5262	5052.300
4290	5055.200
4934	5055.800
4966	5056.400
5270	5058.300
4818	5063.800
4350	5064.300
4242	5068.200
4602	5068.900
4790	5069.400
4250	5071.300
5094	5073.600
4990	5081.800
4814	5084.700
5250	5085.000
4686	5085.100
4850	5085.500
5282	5085.700
4150	5087.100
5138	5088.700
4974	5092.700
4246	5093.000
5090	5093.000
4174	5093.100
5174	5093.500
4522	5093.700
4290	5093.800
4922	5097.100
4878	5100.000
4242	5100.900
4574	5105.200
5086	5109.000
4142	5111.200
4634	5111.600
4746	5114.600
4778	5116.700
4230	5117.000
5142	5117.600
4326	5118.200
4270	5119.000
4578	5119.200
4422	5119.600
5082	5119.800
4682	5132.300
4678	5133.100
5042	5133.200
4486	5135.000
4750	5135.200
4738	5135.800
5146	5135.900
4598	5136.300
5150	5136.700
5226	5137.100
5094	5137.400
4202	5139.200
4326	5146.500
5258	5148.700
4234	5150.200
5006	5150.600
4290	5150.800
4938	5150.900
4954	5150.900
5038	5151.000
4606	5151.500
4590	5151.600
4458	5152.500
5210	5152.600
5230	5153.900
4654	5166.100
4346	5166.400
4770	5166.700
4706	5167.000
5058	5169.800
5126	5170.000
5130	5170.200
4622	5173.300
5294	5173.300
5198	5178.800
4202	5180.800
5078	5181.600
5202	5182.300
4966	5182.500
4234	5183.400
5270	5183.800
4866	5184.100
4154	5185.200
4746	5197.000
5174	5197.100
5234	5197.800
4830	5198.200
5110	5200.200
4790	5201.400
4526	5202.100
4690	5203.100
4346	5203.500
4626	5203.900
4442	5204.100
4618	5204.500
4358	5205.600
4338	5206.200
4894	5206.200
4950	5206.200
4510	5208.400
4698	5209.500
4190	5213.300
4834	5219.600
4250	5220.600
4378	5221.200
4538	5221.800
4782	5221.800
4578	5221.900
4382	5222.300
4994	5222.400
4178	5224.000
4590	5234.600
4558	5234.900
5206	5237.300
5170	5237.700
5258	5237.700
4866	5237.800
4630	5238.000
5190	5238.500
5158	5238.800
4306	5239.300
4370	5240.000
4718	5241.000
4226	5251.100
5082	5253.300
4246	5254.700
4350	5255.900
4746	5257.300
4690	5257.700
5066	5257.900
5094	5258.000
4466	5258.400
4238	5258.600
4822	5258.700
5174	5258.700
4166	5259.300
4394	5260.300
5206	5261.500
4298	5261.800
4762	5263.800
5198	5274.500
4814	5274.600
4234	5274.700
4406	5275.100
4154	5276.200
4250	5276.500
5230	5276.600
4634	5277.200
4566	5277.400
5182	5277.700
4818	5278.400
4746	5279.200
4758	5279.400
4326	5279.700
4462	5280.000
5166	5291.100
4786	5293.000
4454	5293.900
4698	5295.200
4218	5295.900
4470	5296.300
4310	5296.900
5266	5297.500
4518	5297.600
4754	5298.100
4362	5298.400
5038	5306.800
4606	5307.300
4542	5308.700
4474	5309.300
4198	5309.500
5230	5309.700
4370	5309.900
4638	5310.200
4830	5310.300
4346	5310.400
4698	5310.600
4858	5310.700
4386	5310.900
4826	5323.900
5010	5325.100
5278	5325.100
4894	5325.300
4246	5325.500
4310	5326.600
5150	5326.600
4470	5326.900
5302	5328.000
4654	5328.700
4634	5329.300
4318	5329.700
4334	5340.400
4990	5340.500
4210	5341.100
5270	5341.800
4458	5342.200
4154	5342.400
5094	5342.600
4326	5342.700
5294	5342.800
4386	5342.900
4690	5343.000
5230	5344.300
5170	5354.100
4778	5356.400
5130	5357.100
4602	5357.900
4270	5358.500
5082	5359.000
4678	5359.100
4526	5361.200
5290	5361.300
4746	5373.100
4918	5376.800
5174	5377.200
5094	5377.700
4802	5378.200
4226	5379.500
4394	5379.700
4250	5379.800
4782	5380.400
4870	5381.000
4422	5384.200
4846	5385.000
4942	5390.200
5166	5393.100
4230	5393.800
4790	5394.700
4794	5395.100
5022	5395.400
4194	5395.500
5074	5395.500
4670	5395.900
5026	5395.900
4702	5396.100
4818	5396.100
4370	5404.700
5062	5410.300
4346	5411.300
5150	5411.600
4618	5411.900
5170	5412.100
5082	5412.300
4958	5412.700
4242	5413.200
4434	5413.900
4502	5414.300
4934	5414.500
4230	5423.000
4534	5424.300
5246	5425.000
4758	5425.100
4662	5425.300
4138	5425.900
5094	5425.900
4430	5432.000
4894	5432.000
4602	5434.000
4690	5434.300
5286	5436.200
5218	5438.300
4858	5438.400
4730	5438.500
5038	5438.900
4882	5440.000
4206	5440.700
4470	5444.800
5130	5447.300
4438	5448.500
4330	5450.400
4906	5450.500
4990	5455.600
4246	5455.800
4574	5458.500
4950	5459.400
5038	5470.100
4194	5476.100
4386	5476.100
4786	5478.600
5174	5478.900
5122	5479.400
4862	5486.600
4518	5488.400
4910	5490.300
4454	5491.200
4566	5491.900
4694	5494.000
4214	5495.500
4434	5495.900
4430	5496.400
4882	5496.600
4878	5497.200
4526	5508.700
4842	5509.100
4974	5509.400
4866	5511.400
4942	5512.100
4990	5512.300
5038	5512.300
4410	5512.700
4370	5513.200
4342	5513.400
4570	5513.800
4970	5514.200
5122	5526.100
5054	5526.400
4538	5526.500
4602	5526.500
4858	5526.800
4682	5527.200
4670	5528.200
4214	5532.900
4654	5541.800
4430	5543.500
4338	5543.800
5050	5544.100
5014	5552.900
4714	5554.300
4954	5555.000
5022	5555.200
4386	5557.300
4818	5557.400
4794	5557.600
5110	5558.100
4974	5558.500
5130	5558.700
4494	5559.000
5034	5559.200
5234	5559.500
5230	5559.900
4414	5562.500
5194	5571.600
4814	5573.500
4246	5574.900
4234	5575.500
4938	5575.900
4310	5576.700
5010	5576.700
4150	5578.500
4270	5578.500
4174	5579.600
4958	5589.900
4298	5590.600
4462	5590.800
4146	5590.900
4910	5590.900
5054	5591.200
4598	5591.400
4138	5591.700
4434	5592.000
5158	5592.600
5182	5592.800
4906	5593.100
4894	5593.200
4790	5607.100
4662	5608.000
4306	5608.100
5270	5608.200
4522	5608.700
4974	5608.800
4990	5610.000
4602	5610.100
4346	5610.300
4182	5610.500
4546	5610.800
4330	5611.400
5118	5613.200
5174	5623.000
5062	5623.900
5150	5624.100
4490	5626.100
4214	5626.600
4770	5626.800
4934	5628.400
4174	5629.300
4882	5629.300
4234	5629.700
4810	5629.700
4818	5629.900
5110	5629.900
5182	5630.000
5218	5631.100
4670	5632.100
4362	5643.000
5198	5645.300
4962	5645.700
4458	5646.000
4446	5646.300
4774	5646.500
5194	5646.500
4346	5646.600
4730	5646.600
4510	5647.400
4938	5647.500
4482	5648.300
4270	5649.400
5058	5650.200
5110	5659.700
4494	5661.300
5222	5662.700
4486	5663.000
5122	5663.100
4990	5663.500
4210	5665.200
4614	5666.100
5178	5666.600
5230	5666.700
4558	5673.400
4526	5675.900
5206	5676.400
4362	5676.500
4550	5677.500
4182	5678.800
4934	5680.800
4794	5682.400
4218	5695.800
4790	5697.200
5038	5698.100
4722	5698.600
4634	5699.100
4686	5699.600
4282	5700.400
5174	5701.200
5054	5704.200
5226	5704.200
4738	5705.100
4554	5705.800
5266	5706.100
4758	5707.400
4658	5714.400
5210	5714.800
4462	5715.200
4234	5715.300
4466	5715.500
4158	5715.800
5258	5716.400
5034	5716.500
4302	5717.300
4386	5717.300
4246	5718.800
5198	5720.600
5218	5732.400
4682	5733.700
4230	5733.800
4338	5733.800
5006	5734.100
4806	5734.300
4690	5734.400
4702	5734.600
4314	5734.700
5246	5734.700
4794	5734.900
4746	5735.600
4906	5735.700
4974	5736.600
4346	5738.200
4862	5749.500
4882	5749.600
5286	5752.000
4738	5752.700
5058	5752.800
5262	5752.800
4958	5756.000
4894	5756.200
4638	5756.300
5166	5756.400
5182	5756.700
4654	5756.900
5010	5757.600
5230	5767.900
4218	5768.200
5150	5768.900
4590	5771.400
4990	5774.100
4318	5775.000
4482	5775.800
5194	5779.900
4446	5781.300
4722	5781.300
4170	5781.400
4982	5781.500
4606	5781.700
4806	5782.300
4298	5783.200
5174	5783.200
4918	5783.600
4522	5784.100
4714	5784.800
4642	5785.200
5226	5796.300
5302	5797.200
5086	5798.500
5186	5799.000
4582	5800.000
4966	5802.800
5182	5806.500
4870	5806.700
4458	5807.100
5038	5807.300
4430	5807.500
4162	5809.100
4682	5809.800
5266	5810.200
4310	5811.900
4386	5817.500
4554	5822.900
5170	5823.000
4394	5827.100
4874	5827.800
4146	5828.500
4370	5833.100
4822	5833.700
4334	5834.200
5290	5835.700
4322	5838.500
4942	5844.400
4794	5845.000
4382	5845.100
4530	5846.100
4614	5846.400
4722	5847.100
4346	5847.900
4398	5851.500
4654	5852.300
4310	5858.000
5094	5860.100
4318	5861.300
4890	5862.000
4918	5862.300
4910	5863.000
4430	5863.700
4662	5865.200
4442	5871.700
4542	5872.500
4162	5876.800
4250	5878.300
4814	5879.100
4186	5879.300
4506	5880.500
4650	5882.200
5218	5883.000
5246	5883.300
4510	5883.400
4338	5883.500
4990	5884.100
4190	5894.000
4790	5894.600
4794	5894.700
4446	5895.100
4310	5895.600
5118	5895.700
5086	5895.900
4174	5896.300
4146	5896.600
4886	5897.800
4766	5905.100
4386	5905.600
4354	5906.700
5026	5908.200
5294	5908.800
4714	5909.300
4558	5911.100
4446	5912.000
4350	5913.000
4618	5913.700
5034	5914.100
4214	5926.100
4434	5926.700
4942	5928.200
4346	5928.500
5258	5928.800
4938	5929.300
5198	5929.700
4318	5929.900
4290	5943.400
4786	5943.900
4566	5944.400
4510	5948.100
4570	5957.500
4462	5958.800
4138	5961.000
5050	5962.700
5294	5963.900
4234	5966.300
4862	5967.800
4790	5968.500
4882	5969.400
4214	5970.300
5150	5974.500
5290	5976.000
4634	5976.300
4722	5980.300
4690	5980.400
4774	5980.800
4370	5981.100
4206	5981.200
4622	5981.700
5214	5981.800
4978	5981.900
5066	5983.500
4998	5984.800
5022	5989.300
4326	5996.000
5058	5998.700
4530	5998.800
5106	5998.800
5262	5999.200
4678	5999.300
4746	5999.300
4614	5999.800
4650	6000.900
5094	6001.300
4810	6001.500
4166	6001.700
4806	6001.900
4194	6002.000
5130	6002.500
4698	6006.000
4602	6006.500
4790	6016.000
4882	6016.200
4462	6017.200
4370	6017.300
4146	6017.900
4566	6018.200
5006	6018.300
4274	6018.700
4602	6019.300
4822	6024.500
4242	6032.500
5122	6033.900
4702	6034.800
4606	6035.800
5206	6036.100
5242	6038.600
4782	6040.700
4794	6041.600
5146	6041.800
4738	6045.600
4346	6049.100
4250	6049.900
4202	6050.100
5086	6050.100
4562	6055.100
4862	6057.400
4214	6058.100
4914	6058.500
4902	6059.500
4218	6060.100
4230	6060.500
4162	6061.400
4746	6061.600
4530	6061.700
5294	6061.900
4858	6071.300
4234	6071.900
4950	6072.600
5174	6074.500
4154	6075.700
4210	6077.600
4342	6089.900
5034	6091.100
4386	6093.200
4246	6093.900
5210	6094.200
5242	6094.400
4310	6094.600
4650	6095.000
4494	6095.400
4582	6096.500
5230	6097.700
4890	6098.000
5266	6098.500
5010	6099.600
4150	6099.700
4346	6101.400
4550	6104.400
4786	6105.200
4758	6106.400
4850	6106.600
4718	6107.100
4990	6117.000
4862	6117.300
4326	6119.000
5014	6119.900
4438	6120.300
5262	6121.300
4150	6121.500
4826	6121.500
4702	6121.700
4386	6121.900
4474	6121.900
4342	6123.800
4538	6123.800
4898	6124.000
5226	6124.200
5170	6124.900
4682	6126.200
4662	6134.600
5106	6136.500
5066	6137.200
4930	6137.800
4498	6139.000
4174	6139.100
4230	6139.200
5230	6140.300
4534	6140.800
4738	6143.500
4422	6144.900
4882	6148.800
5174	6152.700
4750	6155.800
4942	6156.100
4630	6156.700
5258	6157.200
4346	6159.500
4898	6169.700
4958	6171.100
4230	6171.400
4290	6171.500
4510	6171.900
4918	6172.400
4394	6173.500
4326	6174.000
4398	6174.700
4142	6174.800
4214	6175.000
5266	6179.900
4858	6185.100
4990	6187.100
4386	6188.700
4910	6188.700
4514	6188.900
4690	6189.200
4618	6190.600
4790	6193.000
4146	6194.900
4178	6195.200
4718	6198.600
4754	6199.800
4818	6201.300
5170	6201.300
4746	6201.500
4698	6202.900
4438	6204.300
4890	6205.500
5094	6206.500
5258	6207.000
4710	6211.100
5090	6213.100
4270	6217.700
4770	6219.000
4622	6220.200
4862	6220.800
4246	6220.900
4314	6221.400
4386	6223.000
5230	6223.000
4870	6223.700
5098	6236.800
4470	6237.500
4146	6237.800
5066	6238.600
4154	6239.700
4262	6239.700
5130	6239.900
5214	6239.900
4750	6242.300
4606	6243.500
5154	6252.600
4270	6254.900
4598	6255.100
4246	6256.000
4482	6265.900
4650	6267.000
4990	6267.400
4242	6268.700
4566	6268.800
4634	6269.300
4778	6270.800
4182	6271.000
4690	6272.200
4670	6272.300
4386	6272.800
4814	6273.000
4558	6273.200
4146	6273.900
5230	6274.500
5174	6276.800
4466	6284.700
5294	6285.200
5054	6286.100
4750	6286.800
5254	6289.000
4786	6289.600
4898	6289.600
4642	6301.600
5038	6302.200
5094	6302.200
4506	6304.400
4602	6305.600
4282	6306.000
5098	6307.100
4270	6307.600
4826	6317.900
4650	6318.300
4782	6318.400
4602	6319.000
4762	6319.400
4230	6319.600
5130	6320.300
4978	6320.700
4334	6323.400
4214	6323.500
4770	6324.000
5270	6325.100
5246	6325.400
4394	6327.500
4974	6329.000
4342	6329.800
4462	6331.700
4746	6334.300
4458	6336.100
4834	6341.700
5038	6346.200
4494	6353.400
4526	6353.500
4246	6356.400
4154	6357.000
4794	6357.800
4938	6359.300
4250	6359.400
4334	6359.800
4354	6360.000
5230	6360.100
4418	6362.200
4878	6367.600
4298	6368.300
4746	6368.500
4242	6368.700
5154	6369.800
5250	6370.600
4146	6374.200
4322	6374.300
4942	6374.400
4882	6374.800
4738	6375.200
5262	6375.300
4346	6376.100
4962	6376.600
4254	6376.800
4794	6377.800
4938	6378.100
4518	6378.200
5174	6378.200
4754	6389.500
5170	6390.700
4918	6391.500
4226	6393.200
4838	6394.100
5198	6396.800
4274	6398.300
4606	6399.300
4242	6405.700
4678	6406.000
4602	6406.600
4682	6406.600
5038	6407.300
4138	6407.900
4534	6414.200
4690	6415.200
4782	6415.900
4958	6415.900
4890	6416.400
4362	6416.700
5278	6416.700
4510	6417.200
4582	6417.300
4446	6417.800
4230	6419.700
4250	6420.400
5034	6430.900
4806	6436.800
4330	6438.000
4342	6438.700
4754	6445.200
4386	6445.300
4846	6446.500
5230	6446.800
5270	6446.900
5198	6447.000
4322	6450.600
4746	6455.000
4250	6455.400
5058	6458.000
4146	6458.100
4230	6458.200
4346	6458.400
5266	6459.500
5278	6459.500
5250	6459.600
4874	6459.800
4362	6460.300
5166	6460.300
4942	6460.400
4494	6460.500
4970	6460.800
4650	6460.900
4686	6460.900
4470	6463.300
4322	6473.500
4458	6475.800
4934	6476.600
5138	6478.800
5302	6479.600
4334	6479.800
4950	6480.700
4702	6484.600
4858	6488.700
5246	6491.100
4226	6491.300
4990	6493.700
4262	6495.100
4578	6496.200
5122	6496.500
4538	6497.900
4810	6498.900
4882	6506.300
4458	6508.700
4934	6510.500
4602	6511.700
5262	6511.700
5234	6512.300
4914	6512.400
5062	6519.100
4290	6519.300
4558	6519.800
4722	6523.300
4750	6524.200
4430	6524.500
4482	6524.900
4938	6525.500
4346	6525.600
5170	6531.600
4918	6535.000
4602	6535.600
5078	6541.900
4334	6543.600
4526	6548.200
4710	6548.700
5222	6548.900
4574	6549.000
4554	6549.200
4298	6549.300
4370	6549.500
4690	6550.100
4762	6551.000
4246	6553.200
4978	6553.600
4242	6558.600
4318	6559.400
4950	6560.100
5134	6562.900
4250	6567.200
4722	6567.900
4850	6568.100
4662	6568.700
5262	6568.800
4786	6569.400
4942	6569.500
4666	6570.300
4754	6570.600
4458	6570.800
5294	6570.800
4910	6571.500
5218	6571.700
5054	6572.200
4818	6572.500
4542	6572.900
5278	6574.300
5282	6574.500
5174	6586.300
4190	6587.800
4370	6590.400
4202	6591.100
5202	6591.100
4786	6592.800
4670	6594.300
5130	6594.600
5126	6596.700
4510	6596.800
5146	6598.100
4298	6598.200
4702	6605.600
4898	6606.500
4230	6606.800
4538	6607.800
4246	6608.100
4790	6608.200
4602	6608.400
4310	6608.500
4846	6608.500
4174	6609.400
4290	6609.400
4578	6609.800
4974	6609.800
4730	6610.300
4978	6610.300
4138	6610.600
4342	6610.700
4494	6610.900
4162	6612.200
4346	6626.000
4398	6626.000
4826	6626.000
4638	6626.200
5242	6626.300
5026	6626.500
4818	6626.800
5150	6627.200
4690	6628.200
4438	6634.100
5198	6641.900
4738	6642.900
4614	6643.300
5258	6643.300
4214	6643.400
5278	6643.700
4166	6644.000
5038	6644.000
4698	6644.200
4886	6644.700
4938	6645.000
4834	6645.300
4242	6645.500
4526	6645.500
5298	6645.600
5170	6645.700
4826	6646.000
5282	6646.100
4378	6646.200
4594	6646.200
4794	6646.400
4358	6646.500
5082	6646.500
5206	6647.100
4622	6660.700
4770	6661.000
5190	6661.900
4146	6662.500
4570	6665.100
4654	6665.400
4470	6667.300
4466	6669.900
4462	6671.500
4958	6672.100
4786	6673.500
4250	6674.900
5258	6675.100
4902	6675.800
4890	6676.600
4990	6678.600
4794	6679.200
4270	6682.300
4546	6685.700
5222	6688.000
4494	6688.200
4550	6688.400
4670	6688.500
4190	6688.900
4434	6689.100
4326	6690.300
4318	6690.400
4562	6690.500
4942	6691.200
4722	6691.400
4578	6694.100
5234	6694.700
4574	6705.600
5302	6706.600
4622	6706.800
5258	6707.000
4782	6707.200
5066	6707.800
4786	6709.200
4702	6710.900
4442	6711.100
4498	6719.900
5170	6720.900
5206	6724.100
4294	6725.300
5038	6730.100
4966	6731.700
4650	6733.700
4634	6734.100
4378	6734.300
4958	6736.500
4334	6737.200
4558	6737.900
4830	6740.200
4582	6743.900
4934	6744.700
4386	6746.300
4550	6749.600
4754	6751.200
5262	6752.200
4794	6753.400
5230	6756.800
4770	6763.500
4846	6763.500
4526	6763.600
5214	6764.200
4546	6764.500
5110	6765.200
4306	6766.100
5134	6766.300
5022	6769.700
4234	6771.300
4338	6772.100
4434	6775.800
5034	6777.600
5198	6780.800
4878	6783.200
5058	6783.200
4850	6783.600
4230	6783.900
5122	6784.500
4254	6785.800
4782	6786.000
4750	6788.400
5174	6788.600
4330	6790.000
4746	6791.100
5050	6793.800
4278	6801.100
4570	6808.600
4774	6809.000
4546	6809.900
4834	6810.200
4866	6811.700
4878	6811.700
4950	6812.000
4470	6813.800
4782	6813.900
4226	6814.700
4310	6815.300
4386	6815.900
4602	6825.900
4690	6827.200
4710	6828.300
5038	6829.100
4794	6829.600
4962	6829.600
5174	6830.600
4198	6831.800
4370	6832.900
4346	6834.600
5110	6838.300
4214	6843.000
4978	6845.200
4390	6846.000
4854	6847.400
4818	6851.200
4846	6859.700
4346	6862.100
4482	6862.100
4814	6862.300
4606	6862.400
4322	6862.900
4330	6863.200
5062	6864.200
4634	6865.000
4190	6865.300
4906	6865.300
5002	6865.300
4974	6865.900
5034	6866.100
4370	6866.900
4418	6873.700
4526	6874.800
5290	6880.000
4734	6880.300
5214	6880.300
5266	6880.900
4234	6881.600
4618	6883.500
4514	6883.600
4386	6885.600
4926	6891.000
4194	6893.600
5170	6894.600
5062	6895.200
5054	6899.100
4654	6899.800
4710	6900.100
4942	6900.200
4346	6901.200
4838	6902.100
5174	6902.900
4270	6904.000
4522	6908.300
4934	6910.800
4250	6911.800
5178	6911.900
4602	6913.500
5018	6913.600
4858	6913.800
4882	6914.400
5122	6914.900
5302	6915.000
4362	6915.900
4354	6916.200
5110	6916.900
4990	6919.000
4670	6925.600
5082	6925.800
4238	6928.600
5258	6928.800
4246	6931.600
4818	6931.800
5038	6931.900
4434	6934.200
4514	6934.400
4638	6939.500
4418	6939.800
4338	6942.400
4622	6943.700
4574	6944.200
4270	6946.400
4590	6948.300
4310	6948.400
5234	6948.500
4762	6949.900
4974	6951.600
5170	6951.800
4398	6952.700
4886	6953.800
4790	6954.100
5230	6961.500
5146	6961.600
4306	6961.800
4526	6962.700
4690	6963.600
4870	6963.900
4226	6964.100
4934	6964.300
5034	6964.800
4442	6965.200
4686	6972.200
4434	6973.100
5110	6973.300
4342	6974.000
5166	6974.300
5038	6975.100
5002	6976.600
4542	6977.500
4162	6978.500
4430	6978.800
4702	6979.800
5158	6981.000
4878	6981.900
4458	6983.600
5174	6983.700
4250	6990.200
4242	6991.500
4230	6993.000
5110	6993.500
5106	6993.600
5134	6993.700
4146	6993.800
4942	6994.000
4670	6994.200
4234	6995.000
4974	6995.100
4466	6995.200
5150	6998.900
4990	7007.600
4318	7007.800
5038	7008.000
4818	7009.400
5034	7009.400
4794	7009.500
4374	7011.000
5086	7011.500
4222	7011.800
4618	7012.000
4370	7020.600
4826	7023.400
4578	7023.600
4466	7025.000
4574	7025.000
4642	7025.400
4722	7025.400
5046	7025.700
5234	7026.100
4666	7026.800
5242	7026.800
4354	7026.900
4214	7028.400
4910	7030.300
4806	7036.500
4654	7037.100
4526	7038.400
4298	7041.400
4686	7041.500
4786	7041.500
4218	7041.800
4842	7043.400
4770	7051.600
4582	7052.200
4894	7052.700
4602	7053.000
4574	7053.200
5122	7053.900
4282	7057.100
4862	7058.900
5022	7060.300
4890	7061.300
4762	7061.400
4346	7062.900
4882	7064.800
4410	7065.400
5230	7074.800
5170	7077.200
4218	7077.900
4210	7078.200
4234	7078.600
4778	7078.900
4902	7078.900
4650	7079.000
5242	7080.000
4878	7091.300
4666	7091.700
4166	7092.100
4990	7092.400
4378	7092.800
5198	7093.000
4698	7093.100
4486	7093.200
5026	7093.200
4202	7093.300
4998	7093.300
5226	7093.700
4730	7094.200
4890	7095.900
4646	7096.600
4394	7096.700
4146	7108.700
5230	7109.500
4790	7109.700
5174	7110.200
4386	7110.400
4230	7110.800
5066	7111.800
4270	7112.000
4958	7112.600
4794	7112.700
4442	7113.300
4686	7116.400
4598	7122.900
4602	7124.200
5054	7127.100
4882	7127.500
4362	7128.100
4526	7128.200
5110	7129.500
5038	7138.700
4754	7140.100
4962	7140.200
4514	7140.600
4178	7148.800
4342	7148.800
4618	7148.900
4226	7149.800
5166	7149.900
4386	7150.300
4246	7150.800
5170	7150.900
4790	7151.700
5174	7152.100
4438	7152.600
4918	7152.800
4558	7153.300
4934	7154.100
4878	7166.000
4882	7166.300
4166	7166.900
4230	7167.600
4726	7168.500
5198	7168.500
4218	7168.600
4190	7168.800
4722	7185.600
4806	7186.200
4482	7186.400
4610	7186.400
4242	7186.600
5130	7187.000
4346	7187.400
4542	7188.200
4866	7199.800
4206	7200.500
5110	7201.400
5066	7201.900
4910	7204.000
4190	7204.200
4370	7204.600
4470	7204.600
4258	7205.000
5214	7205.300
4754	7205.400
5190	7205.900
4962	7206.600
5134	7217.600
4638	7217.700
4654	7220.000
4526	7220.600
4722	7223.500
4402	7223.600
4814	7223.900
4326	7224.400
4522	7224.700
5126	7227.200
4250	7227.400
5170	7228.800
4346	7240.100
4742	7241.400
4646	7242.200
5166	7242.300
4270	7242.500
4990	7242.900
4730	7244.000
4218	7247.700
4362	7255.300
4526	7255.800
4314	7258.500
4666	7261.000
4498	7262.500
4434	7264.000
4818	7264.600
5218	7266.000
4242	7270.000
4346	7270.700
5038	7270.700
4398	7271.000
4890	7271.100
5222	7271.800
4970	7272.300
4934	7272.500
4610	7278.000
5182	7280.000
5130	7283.400
5174	7284.200
4210	7285.700
4138	7286.200
4218	7286.600
4618	7286.600
5258	7287.000
4938	7287.100
5170	7287.600
4270	7289.200
4746	7289.400
5110	7291.300
4998	7303.400
4602	7303.900
4422	7304.400
4510	7305.400
4614	7305.500
4654	7305.600
4338	7306.300
4570	7307.700
5198	7308.200
5082	7309.200
4942	7320.600
4526	7320.800
4182	7321.400
5058	7321.500
4230	7321.700
4558	7321.700
4138	7322.500
4434	7323.700
4350	7324.200
5026	7324.200
4290	7324.300
4958	7324.500
4690	7325.100
4730	7333.000
4606	7333.200
5174	7333.800
4142	7336.000
4358	7336.500
4390	7336.900
5282	7337.200
4314	7339.400
5078	7340.800
4370	7342.500
4866	7344.000
4858	7344.300
4486	7348.000
4786	7348.000
5206	7348.700
4818	7348.900
5046	7350.500
4298	7350.600
4918	7354.200
5010	7354.300
4566	7354.400
4978	7355.100
5110	7356.000
4582	7360.500
4470	7365.200
5094	7365.600
4622	7366.000
4250	7366.700
4214	7367.400
4334	7368.800
4262	7370.500
4242	7370.900
5170	7371.100
5130	7382.600
4346	7383.000
4602	7383.200
5166	7383.700
4462	7384.900
4270	7385.700
4514	7386.800
4174	7387.600
4410	7388.300
4334	7389.000
4942	7389.500
4874	7392.200
4178	7399.500
4306	7400.800
4778	7401.000
5038	7401.700
4842	7401.800
4582	7402.500
4386	7402.900
4246	7403.100
4558	7403.100
4910	7403.300
4570	7407.400
4618	7407.400
4446	7415.500
4526	7415.900
4338	7416.500
4714	7417.600
4574	7421.100
4298	7425.900
4482	7428.700
5110	7429.800
4678	7430.300
4686	7432.900
4754	7432.900
4242	7433.200
4306	7434.100
5038	7434.400
5058	7439.900
4430	7442.500
4666	7443.900
4922	7444.400
4654	7444.900
5162	7445.100
4806	7446.000
5034	7448.200
5014	7450.300
4174	7458.100
4818	7460.100
5230	7460.500
4482	7464.600
4214	7469.700
4298	7470.800
5022	7471.000
4954	7472.000
4978	7475.900
4394	7476.000
4270	7476.500
4910	7476.900
4942	7478.500
4806	7480.400
4970	7483.700
4422	7484.600
4998	7486.800
5266	7487.000
4866	7487.100
4750	7487.400
5194	7489.600
5290	7489.900
4154	7491.500
4230	7491.700
4510	7491.900
4618	7492.700
4342	7493.500
4606	7493.700
4322	7494.900
5174	7496.600
5178	7504.300
4518	7506.400
5234	7506.600
4894	7507.000
4486	7507.400
5198	7507.400
4310	7507.800
4762	7508.000
4386	7508.400
4890	7508.700
4598	7509.000
4306	7509.200
4914	7512.300
4602	7526.000
4494	7526.400
4566	7526.400
5122	7527.100
4666	7527.700
4938	7527.700
4250	7527.900
5110	7528.000
5302	7528.100
4214	7529.900
4310	7533.200
4326	7539.300
4770	7541.400
5106	7541.700
4826	7542.100
4978	7542.700
4950	7542.800
4334	7543.100
5250	7543.200
4954	7543.900
5158	7544.200
4942	7546.400
5166	7546.700
5206	7554.700
4394	7555.200
5230	7556.100
4234	7557.700
4430	7559.600
4898	7561.900
4446	7562.200
4546	7563.000
4230	7563.500
4774	7564.900
5282	7565.700
4658	7570.300
4990	7579.300
4330	7579.600
4790	7581.000
4818	7581.000
4986	7581.100
4178	7581.200
4246	7581.300
5038	7581.500
4866	7585.300
4522	7585.900
5034	7590.300
4234	7591.600
5006	7591.900
4334	7592.500
4378	7596.900
4370	7597.200
4858	7600.000
4722	7600.400
5094	7600.700
4358	7601.000
4242	7603.000
4558	7603.000
5130	7603.100
4458	7603.200
4386	7603.900
4198	7606.800
4150	7616.600
4146	7616.700
5258	7618.000
4162	7619.700
4870	7620.600
4826	7622.000
4486	7622.900
4142	7624.000
4814	7627.300
4234	7628.600
4702	7628.800
4318	7628.900
4930	7629.200
4882	7629.800
4266	7630.000
4714	7630.400
5110	7631.900
4618	7640.000
4762	7640.600
4650	7641.900
4598	7643.100
5198	7643.700
4890	7643.900
5142	7644.000
4846	7644.900
4746	7645.300
5170	7645.500
4526	7646.400
4918	7647.100
4942	7647.100
4554	7647.500
4214	7647.700
4794	7648.600
4390	7648.800
4858	7650.300
4202	7661.000
4250	7661.000
5058	7661.500
4966	7661.700
4910	7662.200
4278	7662.700
4322	7662.800
5166	7663.300
4758	7665.000
4814	7677.300
4550	7678.600
5170	7678.800
5214	7679.500
4182	7680.800
4650	7680.800
5230	7680.800
4862	7681.000
5034	7682.300
4162	7690.300
4378	7691.600
4546	7694.300
4142	7694.500
4646	7694.500
4974	7695.100
5198	7695.900
4314	7697.700
4258	7697.900
5078	7701.400
4990	7702.200
4930	7702.700
4894	7702.900
5218	7703.000
4866	7703.200
4466	7704.600
4462	7706.000
5138	7710.000
4146	7714.700
5034	7716.600
5294	7717.300
5066	7719.900
4230	7720.100
4346	7720.200
4410	7720.400
4566	7720.400
4370	7720.500
4930	7720.500
4218	7720.700
4174	7720.800
4434	7720.800
4970	7721.800
4730	7722.500
5230	7735.200
4746	7737.100
5166	7742.300
4794	7743.000
4754	7746.000
4310	7746.400
4934	7750.700
5270	7751.900
4746	7753.400
4486	7753.800
4858	7755.300
5226	7756.200
4318	7756.300
4442	7757.100
4298	7758.800
5058	7764.800
4430	7766.700
4330	7768.400
4630	7772.000
4230	7772.200
4606	7772.600
4926	7772.800
4370	7773.900
4214	7774.200
5054	7774.700
4758	7776.000
4234	7778.200
4142	7784.200
4702	7786.900
4730	7787.700
4990	7788.000
5258	7788.200
4558	7788.600
4386	7794.800
4642	7795.200
4214	7795.700
4790	7796.800
4826	7798.600
4250	7798.700
4270	7798.900
4230	7801.100
5130	7809.900
4618	7810.100
4494	7810.600
4334	7811.500
5166	7811.900
4570	7812.200
5246	7812.200
4242	7812.400
4230	7812.800
5174	7813.500
4978	7820.000
4146	7824.000
4246	7825.200
4466	7826.200
4786	7826.400
4426	7827.300
5058	7827.300
4702	7827.500
4926	7827.500
4942	7827.700
4434	7827.900
5294	7827.900
4934	7828.100
5038	7828.500
4398	7828.600
4314	7828.800
5242	7828.900
4910	7829.300
4190	7831.200
4906	7843.800
4342	7844.700
5250	7844.800
4794	7844.900
4558	7845.200
5014	7845.400
4438	7846.300
5202	7847.600
4682	7847.900
4566	7848.100
5290	7848.100
4246	7856.700
4470	7857.400
4658	7857.500
5194	7857.600
4310	7858.100
5166	7858.200
4522	7859.200
5054	7861.700
4214	7862.700
4270	7865.500
4582	7868.200
4690	7868.900
4790	7870.700
4754	7871.000
4194	7872.700
4706	7875.000
4242	7875.500
4618	7876.300
4818	7876.500
4222	7876.700
4518	7877.300
5218	7879.800
5262	7895.800
5054	7896.100
5246	7896.200
5270	7896.400
4682	7896.700
4426	7896.800
4686	7897.200
5258	7897.200
4522	7897.300
4346	7898.000
4782	7898.400
5178	7898.700
4858	7899.700
4338	7900.400
4590	7908.600
5070	7912.900
4542	7914.300
4234	7915.600
5010	7915.600
4574	7915.700
4250	7915.900
4470	7916.000
5066	7916.100
5170	7916.300
4494	7916.700
5174	7916.700
5038	7918.800
4514	7919.500
4790	7931.100
4146	7931.400
4770	7931.400
4522	7931.700
4746	7932.200
4902	7932.500
4850	7932.900
4178	7933.200
4842	7933.800
5166	7934.000
4554	7934.700
4950	7935.700
4230	7949.800
4838	7950.200
4806	7950.600
5062	7952.700
4398	7952.800
4470	7955.100
4934	7958.900
4162	7961.500
5170	7961.800
5106	7962.800
5270	7962.900
5174	7965.700
4346	7966.000
4242	7978.000
4550	7978.100
5214	7978.200
4558	7978.300
4334	7978.400
4486	7978.900
4974	7979.200
4790	7980.100
5230	7980.100
5162	7983.200
4962	7983.600
4298	7983.700
4794	7995.600
4438	7996.600
4654	7996.900
4346	7997.700
4970	7997.700
4430	7998.800
4670	8000.500
5170	8002.600
4242	8010.100
4826	8011.200
4522	8012.300
5174	8012.500
4394	8012.600
4230	8013.300
4814	8013.700
4270	8014.200
4510	8015.000
4334	8015.100
5150	8015.500
4570	8016.100
4602	8019.000
4694	8027.700
4314	8028.600
5270	8031.700
4670	8031.900
4638	8032.300
4362	8033.800
4290	8034.300
4926	8034.700
4998	8035.000
4514	8037.600
4398	8046.200
5054	8047.100
4910	8048.000
4450	8049.700
5174	8049.800
4530	8050.000
4434	8050.600
4586	8050.800
4234	8050.900
4190	8060.500
4270	8061.500
4526	8063.600
5150	8064.000
4446	8065.300
5194	8065.900
4710	8066.600
5278	8066.900
4598	8067.600
4682	8067.900
4694	8068.000
4730	8068.000
5106	8068.600
4482	8074.900
5266	8079.900
4790	8080.700
4246	8081.000
4430	8081.400
4250	8083.100
4578	8084.500
4642	8084.700
4934	8085.600
4310	8086.000
4426	8086.100
4990	8086.600
4850	8086.800
5162	8090.100
4406	8091.600
5234	8093.200
4530	8094.300
4938	8094.800
4526	8095.300
4166	8097.700
4806	8098.000
5130	8101.500
5086	8102.000
5066	8103.800
5082	8104.600
4346	8104.900
4334	8108.700
5154	8108.900
4822	8112.400
4590	8112.800
4882	8113.100
5270	8114.300
4602	8120.500
4246	8123.200
4182	8123.500
4690	8124.100
4482	8124.900
5194	8125.700
4270	8126.200
4990	8127.000
4362	8127.600
4522	8128.600
4878	8128.700
4250	8136.400
5262	8139.600
5198	8140.900
4918	8143.000
4758	8143.100
4490	8143.500
4466	8143.800
5022	8144.500
5090	8145.300
4354	8146.300
4774	8147.000
4722	8155.900
5242	8156.300
5110	8156.800
4458	8157.000
5170	8157.700
5294	8158.400
4510	8159.500
5166	8159.500
4522	8160.700
4670	8161.100
4406	8163.100
4210	8165.800
4850	8166.200
4394	8168.700
4814	8176.700
5034	8177.800
4574	8179.800
5202	8179.900
5270	8179.900
4182	8180.200
4330	8181.300
4386	8183.500
5302	8184.900
5122	8186.100
4430	8187.400
5118	8188.100
4654	8192.800
4918	8192.800
4910	8193.800
4998	8193.900
4346	8194.400
4710	8197.700
4270	8198.000
4250	8198.200
4510	8198.400
4942	8198.400
4666	8198.600
4890	8198.700
4434	8199.800
5046	8200.700
4310	8202.300
5082	8209.100
4990	8210.100
5078	8211.100
4234	8212.500
5130	8212.500
4818	8212.600
4246	8212.700
5258	8212.700
4526	8212.900
5174	8213.000
4594	8213.500
4762	8213.800
5138	8214.400
5182	8214.500
4290	8214.700
4610	8214.700
4642	8219.500
4370	8229.300
4690	8229.600
5126	8229.600
4510	8233.100
4606	8234.900
4682	8235.000
4686	8235.400
4330	8235.700
4210	8235.900
5258	8236.000
4314	8245.800
5122	8247.500
4182	8247.600
4530	8248.100
4890	8249.000
4838	8249.100
5262	8249.700
4214	8250.200
4702	8250.200
5066	8250.400
4202	8250.900
5270	8251.300
4230	8254.300
4386	8261.100
4682	8263.600
4490	8263.700
4482	8269.400
4190	8271.200
4174	8271.800
4526	8272.400
4698	8272.800
4550	8282.700
5150	8283.700
4770	8284.000
4858	8284.400
4390	8284.500
4786	8284.900
4774	8285.200
5262	8286.100
5018	8287.300
4846	8288.000
4246	8290.900
5282	8298.100
4234	8298.200
5174	8298.900
5082	8299.600
4250	8300.100
4682	8301.400
4362	8304.800
4806	8307.600
4466	8308.200
5294	8308.300
5058	8311.600
4342	8319.500
4794	8319.500
4346	8322.600
5198	8325.800
4270	8325.900
4442	8328.100
4458	8328.300
4582	8328.500
4462	8332.700
4782	8335.400
4490	8339.500
4958	8340.600
4910	8340.700
5290	8343.000
4978	8346.500
4602	8346.800
5074	8348.200
5230	8348.300
4690	8348.500
5262	8349.800
4250	8350.200
4258	8350.300
4246	8350.900
4434	8352.600
5166	8352.700
4210	8359.900
4990	8362.000
4318	8362.400
5258	8362.500
4826	8362.900
4594	8363.200
4518	8363.400
4922	8363.800
5054	8364.100
4186	8364.600
4970	8366.600
4230	8368.000
5110	8373.700
4146	8374.400
4882	8374.400
4750	8375.600
4774	8381.200
5082	8387.000
4542	8388.400
4718	8399.600
4238	8400.100
4966	8400.100
4546	8400.800
4530	8404.300
4746	8406.400
5230	8406.500
4370	8406.600
4758	8406.600
5010	8406.700
4394	8407.100
4974	8407.100
4350	8407.500
4242	8411.500
4866	8413.300
4878	8413.500
4998	8413.700
4438	8413.800
5110	8415.700
5198	8424.500
4762	8424.800
4174	8424.900
4334	8425.100
4306	8425.200
5174	8425.200
4406	8425.300
4746	8428.000
4902	8429.400
4942	8430.000
5034	8431.000
4274	8431.800
4230	8432.000
5302	8433.400
5286	8433.500
4526	8433.600
4470	8435.200
5066	8446.000
4390	8446.900
4754	8446.900
4250	8447.000
5258	8447.000
4330	8447.200
4566	8447.400
5038	8447.400
5106	8447.700
4762	8448.000
4686	8448.400
4494	8448.500
5146	8449.300
4358	8449.500
4794	8449.500
4394	8449.900
4790	8450.200
4310	8450.300
4514	8450.300
4706	8468.800
4842	8469.100
4370	8470.000
4526	8470.400
5270	8471.000
5230	8471.300
4242	8471.500
4318	8472.100
4834	8483.400
5174	8483.600
4494	8484.300
4770	8485.100
4686	8485.700
5162	8488.500
4638	8489.100
5090	8489.400
4938	8489.700
5110	8491.700
4346	8493.000
4738	8495.400
4582	8503.800
4794	8503.900
4310	8505.600
4602	8505.700
4218	8505.900
4270	8506.400
4378	8506.800
5122	8506.900
5258	8507.100
4470	8507.300
5130	8507.500
4690	8507.600
4942	8507.800
4402	8508.000
4246	8508.300
5246	8511.600
4750	8511.800
4326	8512.900
4906	8519.500
4362	8520.300
5054	8520.500
5074	8521.300
4790	8522.200
4314	8522.700
5170	8523.200
4898	8524.000
4974	8527.200
4942	8530.000
5062	8530.600
5294	8530.900
4282	8531.600
4938	8538.600
4646	8540.900
5086	8541.700
4458	8541.900
5150	8542.900
5198	8544.600
4654	8545.200
4710	8545.600
4318	8545.700
4706	8545.800
4442	8546.000
4550	8546.100
4194	8546.300
5130	8561.000
5038	8561.200
4514	8561.700
4790	8562.000
4990	8562.000
5026	8562.000
4794	8562.100
5294	8562.600
5134	8562.900
5214	8562.900
5106	8563.000
5162	8565.300
4734	8565.800
4702	8567.000
4786	8581.800
4146	8582.200
4394	8583.100
4558	8583.100
4586	8583.700
4698	8583.900
4602	8584.500
5302	8584.600
4494	8584.800
4546	8586.300
4234	8586.800
4470	8592.800
4298	8593.200
4402	8594.200
4362	8595.500
4370	8598.900
4606	8601.000
4246	8601.800
5010	8605.200
4926	8606.300
4658	8607.400
5174	8607.600
4818	8608.100
4690	8608.900
5026	8610.400
4346	8610.700
4638	8610.800
4610	8616.500
4846	8623.600
4310	8627.000
4482	8630.500
4878	8631.800
4430	8632.500
4850	8632.600
5230	8633.900
4670	8634.200
5150	8634.300
5258	8634.300
4858	8634.500
5038	8637.700
4618	8640.000
4622	8640.800
4230	8643.100
4250	8647.500
4598	8651.700
4306	8652.900
4734	8653.800
4634	8654.400
5170	8655.600
5142	8665.300
4290	8666.000
4146	8667.600
5010	8677.800
5278	8680.300
4526	8680.600
4762	8681.800
4610	8682.000
5262	8682.200
4758	8682.800
4246	8682.900
4370	8683.100
4938	8683.400
5090	8683.400
4366	8683.500
4234	8683.600
4326	8683.700
4530	8683.700
4746	8683.700
4854	8683.800
4754	8683.900
4638	8684.200
4226	8684.300
5126	8686.200
5194	8699.400
4770	8700.200
4978	8700.400
5234	8700.500
5174	8700.700
5034	8700.800
5230	8701.800
4482	8705.000
4634	8715.500
4794	8715.500
5178	8716.800
4434	8716.900
5262	8717.000
4534	8719.000
4662	8719.300
4394	8720.800
5058	8721.800
4518	8722.700
4630	8736.500
4734	8737.500
4926	8737.900
4374	8738.000
4758	8738.200
4654	8738.600
4858	8738.900
4174	8739.100
4370	8739.200
4606	8739.600
4878	8739.600
4142	8741.800
5122	8744.000
4670	8757.200
5290	8758.900
4226	8760.300
4970	8760.900
4318	8762.300
4606	8763.300
4782	8768.300
4234	8774.600
5150	8774.900
5234	8775.600
4942	8776.400
4746	8777.100
4230	8777.200
4386	8777.900
4250	8780.500
4482	8782.100
4634	8783.900
4274	8791.000
4566	8793.100
4494	8793.900
4546	8794.500
4426	8794.700
4214	8795.300
4398	8795.400
4470	8803.400
4194	8809.200
4462	8810.500
4466	8811.100
5130	8811.300
4414	8812.600
4702	8815.200
4222	8819.800
4410	8819.800
4990	8820.400
4386	8821.900
4930	8822.000
4438	8822.600
4786	8823.400
5006	8824.700
5198	8829.500
4298	8832.600
5194	8833.500
5146	8840.000
5166	8840.900
4338	8841.700
4970	8842.700
4346	8843.600
4818	8847.400
4794	8848.300
5010	8850.600
5250	8854.600
4654	8857.200
4138	8857.400
5170	8857.600
4790	8857.800
4486	8858.300
4882	8858.400
4154	8859.400
5050	8859.900
4290	8860.300
4898	8860.800
4218	8860.900
4278	8876.300
4786	8877.600
4394	8879.600
4906	8879.700
4234	8880.000
4142	8880.100
4542	8882.100
4730	8882.400
4746	8887.900
5098	8889.300
5090	8890.300
4870	8891.600
5130	8891.900
4990	8892.300
4826	8893.900
4270	8894.300
4286	8899.200
5086	8908.000
4602	8908.700
4790	8911.000
4546	8911.100
4542	8911.300
4574	8911.900
4190	8912.600
4290	8912.800
4706	8914.700
4446	8923.200
4526	8925.600
4174	8927.200
4934	8928.300
4842	8928.500
4342	8930.000
5258	8930.100
5118	8930.200
4902	8930.600
5130	8930.600
5198	8931.200
4690	8931.700
4386	8931.800
4430	8936.100
4646	8936.600
5066	8936.600
4746	8937.600
5174	8937.900
4230	8940.500
4442	8942.000
4466	8942.100
4794	8942.300
5234	8943.200
4250	8943.800
4218	8944.300
4838	8944.300
4910	8949.200
4346	8950.300
5150	8950.300
4786	8950.900
5262	8950.900
4478	8951.100
4654	8957.000
4574	8957.100
4958	8958.600
5294	8959.700
4522	8960.000
4990	8960.100
4790	8960.700
4786	8964.700
4494	8969.700
4722	8970.000
5162	8972.300
5046	8973.000
5222	8973.600
4738	8974.200
5014	8974.400
4794	8976.700
5234	8989.500
4926	8992.000
5102	8994.000
4446	8996.700
4402	8996.800
4214	8997.300
4386	8998.800
4602	9000.400
4418	9001.600
4358	9002.400
4346	9008.800
4550	9009.500
4690	9010.500
4802	9012.500
5174	9013.400
4250	9015.000
4862	9017.300
5258	9017.600
4770	9017.900
5110	9018.000
4338	9019.000
4554	9034.900
4154	9036.300
5058	9036.700
4346	9036.800
4754	9037.300
5266	9037.300
5290	9037.500
4986	9037.900
5150	9038.100
4158	9038.600
4722	9038.800
4574	9039.100
4634	9039.600
4602	9052.200
4782	9052.200
4322	9052.600
4510	9053.700
4346	9056.900
4918	9057.000
4462	9058.000
5198	9058.000
4786	9058.700
5194	9066.900
5002	9067.000
5054	9068.400
4226	9070.400
4526	9070.500
4850	9071.400
4270	9072.400
4994	9073.300
4974	9073.500
5058	9073.600
4770	9075.900
4314	9084.000
4878	9085.400
4590	9085.700
4866	9085.800
5230	9086.200
4434	9095.400
5162	9096.500
4418	9096.900
5262	9097.000
4470	9097.700
4574	9099.700
5038	9099.800
4370	9101.900
4758	9106.800
4194	9108.600
4674	9108.600
4990	9110.100
4602	9111.100
4338	9111.400
4246	9112.300
4882	9112.900
4410	9130.200
4934	9131.900
5022	9133.000
5234	9133.300
4234	9133.400
5014	9133.500
4314	9133.900
4634	9134.000
5086	9134.200
4382	9134.300
4606	9134.500
4746	9134.500
4242	9134.700
4906	9134.900
5138	9135.300
4962	9135.900
5282	9135.900
4782	9136.100
4182	9136.200
5270	9148.800
5230	9151.300
4362	9151.400
4998	9151.400
4510	9151.600
4250	9151.700
4394	9152.400
4270	9152.600
4874	9155.500
4762	9165.200
4938	9165.900
5302	9166.400
5190	9167.000
4494	9167.200
4838	9167.200
5038	9167.400
4710	9167.600
4466	9168.100
5262	9168.600
4618	9168.900
5274	9169.300
4814	9170.000
5146	9170.000
5090	9172.200
4854	9183.900
5178	9184.400
4198	9184.500
4174	9184.600
4346	9184.800
4902	9184.900
4250	9185.300
4462	9185.400
4730	9185.600
4858	9186.200
4662	9186.500
4618	9187.100
4202	9188.800
4826	9197.300
5170	9197.400
4274	9199.900
4482	9201.200
4362	9202.000
5022	9202.000
5066	9202.300
4670	9202.600
4878	9203.100
5242	9203.100
4442	9203.400
5086	9203.400
4426	9205.200
4606	9206.400
5266	9210.000
4142	9213.000
4334	9215.100
5250	9215.300
5038	9216.500
4774	9217.200
5090	9218.400
4838	9218.500
4298	9219.400
4602	9221.600
4790	9226.800
4210	9227.100
4242	9230.200
4514	9231.300
4522	9231.800
5218	9232.800
4890	9233.000
5122	9233.500
4138	9238.100
5170	9242.900
4958	9243.200
4754	9250.200
4758	9251.700
5058	9252.100
5110	9257.500
4634	9257.600
4602	9257.900
5150	9258.200
5290	9258.200
4330	9258.500
4534	9258.800
4518	9258.900
4362	9265.000
4818	9270.600
4538	9270.900
4310	9271.600
5054	9272.100
5170	9272.200
4934	9272.300
4910	9272.500
4942	9272.700
4986	9272.700
4962	9274.400
4654	9274.500
5106	9274.800
4386	9275.300
4878	9275.800
4346	9288.800
4602	9288.900
4814	9288.900
4426	9289.000
5258	9289.500
4762	9292.300
4146	9296.200
5234	9296.900
4310	9297.500
4890	9298.100
4990	9299.100
4530	9301.600
4738	9304.400
5262	9306.300
4938	9306.700
4754	9307.500
5230	9308.500
5050	9309.000
4510	9309.200
4702	9310.400
4958	9320.800
4678	9321.200
4478	9322.100
4202	9333.000
5162	9333.100
4334	9333.700
4526	9333.700
4682	9336.600
4962	9336.800
4246	9338.200
4858	9338.500
4754	9340.300
4686	9340.400
4510	9344.000
5234	9345.100
4230	9345.200
5082	9348.600
4330	9351.600
4702	9354.400
5222	9354.800
4878	9355.100
4430	9355.300
5086	9355.500
4790	9356.000
4370	9357.100
4242	9359.000
4302	9359.600
4574	9360.200
4522	9361.100
4982	9373.900
4342	9374.200
4546	9376.700
4606	9376.700
4758	9377.200
4426	9377.400
4974	9378.300
4190	9379.100
4182	9380.000
4386	9385.100
4582	9388.300
4550	9389.100
4318	9390.200
4610	9390.300
5110	9394.300
5034	9394.600
4138	9394.900
4618	9396.100
4522	9396.200
4990	9396.400
4534	9409.000
4818	9409.300
4658	9409.800
5206	9410.200
4370	9410.900
4142	9411.600
4558	9411.600
4462	9411.900
5254	9412.000
4482	9412.400
5010	9412.500
4298	9412.800
4882	9424.100
4270	9424.300
4774	9425.400
4962	9426.200
4146	9428.200
4426	9429.600
4710	9433.000
4934	9434.700
4754	9437.000
4370	9438.900
5110	9439.200
4938	9442.000
4510	9443.100
5046	9443.200
4406	9443.800
5054	9443.800
5202	9444.700
4686	9445.000
4794	9445.500
4802	9445.900
5166	9454.600
4166	9460.300
5234	9460.600
4882	9462.000
4230	9462.500
4234	9462.900
4690	9467.700
4670	9469.000
4898	9469.400
4702	9469.800
4346	9470.000
5170	9471.400
4970	9471.700
4162	9472.400
4942	9472.800
4442	9472.900
4574	9472.900
4842	9473.100
5290	9473.200
4250	9488.600
4470	9488.800
4370	9489.000
4310	9489.800
5182	9490.000
4334	9490.400
4386	9490.400
4826	9490.900
5118	9491.000
4602	9491.300
4146	9492.800
4686	9493.300
5010	9502.400
4786	9503.200
5126	9503.900
5130	9512.300
4338	9513.600
5086	9513.600
4386	9513.900
4894	9514.500
5214	9514.700
4530	9514.900
4754	9515.600
4658	9522.700
4514	9524.900
5150	9524.900
4442	9527.000
4618	9527.300
4158	9527.600
4718	9528.100
4690	9529.400
4738	9529.400
4146	9531.800
4790	9534.900
4602	9539.300
4142	9539.900
4730	9541.400
4482	9543.000
4570	9543.500
5302	9543.500
4990	9543.700
5258	9543.800
4650	9545.200
4378	9545.700
4338	9547.500
5006	9548.200
4358	9552.400
5298	9554.500
5046	9554.900
4634	9556.200
5050	9556.600
4398	9560.100
4514	9560.100
4654	9560.900
5054	9562.600
5066	9562.900
4614	9563.000
4270	9563.900
4782	9572.500
4386	9572.800
4642	9573.300
4190	9573.400
4426	9574.100
5162	9574.200
5006	9574.400
4218	9574.600
4906	9575.600
4314	9576.300
5130	9576.400
4910	9576.700
4526	9584.000
4510	9589.500
4498	9589.900
4250	9591.100
4530	9592.200
5262	9592.300
4790	9592.600
4326	9593.000
4758	9593.000
4774	9593.100
4142	9593.300
5038	9593.800
4146	9593.900
4858	9593.900
4898	9594.600
4566	9594.800
5014	9594.900
5166	9595.000
4814	9595.900
4358	9596.200
4702	9608.400
4574	9611.600
4234	9611.900
4754	9614.400
4298	9615.100
4974	9615.300
4734	9617.500
5182	9619.100
4938	9619.200
4314	9620.200
4866	9622.100
4346	9622.400
4602	9629.200
4790	9629.400
5258	9630.100
5014	9630.300
4350	9631.800
4570	9632.400
5290	9632.600
4442	9633.300
4690	9633.800
4310	9635.100
5050	9635.900
5054	9638.300
5026	9646.100
4298	9646.600
5062	9646.600
4470	9647.000
4226	9647.300
4794	9647.700
4722	9648.000
4646	9648.700
4194	9649.200
4750	9649.300
4670	9650.000
4202	9652.400
5118	9659.600
5170	9663.200
4354	9664.500
4386	9664.800
4446	9665.500
5138	9666.900
5086	9670.400
4230	9671.600
4942	9672.300
4218	9673.100
4758	9673.100
4842	9674.700
4946	9682.500
5058	9683.000
4138	9683.600
5250	9689.400
4918	9690.700
4690	9691.300
4730	9692.400
5270	9701.800
4894	9701.900
4322	9702.000
4518	9702.000
5198	9702.400
4230	9702.900
4490	9703.000
4802	9705.500
5038	9707.900
4838	9708.300
4938	9710.500
5110	9714.200
4474	9716.800
4794	9719.100
4234	9720.200
4754	9721.500
4682	9722.500
5258	9723.400
4970	9729.400
5174	9732.900
4478	9734.900
4894	9734.900
5086	9735.100
4442	9735.200
4906	9735.400
4862	9735.500
5194	9735.600
4950	9735.700
4270	9736.200
4362	9736.200
5198	9736.800
4622	9745.700
4606	9745.800
4138	9746.300
4246	9746.400
5158	9749.900
5054	9760.100
5166	9762.900
5146	9763.200
5110	9763.400
5170	9763.700
4230	9764.000
4790	9768.000
4990	9768.200
4774	9769.900
4310	9770.700
5006	9770.700
4146	9771.000
4398	9771.300
4242	9771.700
4850	9774.300
4930	9782.500
4306	9783.500
4662	9784.100
5174	9786.000
5130	9787.000
5082	9788.600
5038	9796.100
5086	9798.300
4234	9800.600
4582	9800.600
5166	9801.400
4602	9802.700
4898	9802.900
5174	9803.100
4246	9803.500
5230	9804.100
4702	9816.300
5214	9816.500
4298	9817.800
4634	9818.200
4522	9818.700
4570	9818.700
4438	9819.500
5054	9819.700
5290	9820.700
4566	9831.900
4882	9832.200
4690	9832.800
4386	9833.400
4514	9833.400
4230	9833.600
5010	9834.000
4242	9834.100
4482	9835.800
5062	9835.800
4426	9836.000
5130	9836.300
4206	9838.400
5230	9838.700
4746	9839.800
4346	9849.600
4790	9850.400
4574	9853.700
4878	9854.900
4986	9855.100
4218	9856.400
5174	9856.400
4174	9856.700
4738	9857.800
4786	9857.800
4890	9858.100
5258	9858.100
4866	9858.400
4998	9858.400
4170	9870.300
4334	9872.500
4442	9872.800
4166	9873.000
4554	9873.800
4570	9874.100
4214	9874.300
4586	9874.500
4430	9874.900
5174	9875.300
5294	9875.500
4650	9877.100
5014	9877.200
4922	9877.800
4138	9889.900
4882	9891.300
5110	9891.800
5038	9895.400
4426	9895.900
4938	9896.000
4790	9896.100
4194	9899.000
4746	9906.100
4942	9906.400
4310	9908.900
4470	9909.800
4738	9911.500
4438	9912.200
4702	9914.300
4190	9914.900
4498	9916.200
4934	9917.100
5054	9917.400
4654	9917.600
5130	9917.600
4690	9918.900
4826	9921.200
4866	9921.500
5166	9921.700
4582	9921.900
4898	9923.100
4538	9923.600
5230	9923.800
4230	9923.900
4398	9924.300
4950	9932.700
5122	9935.200
5174	9936.600
4458	9938.600
4438	9939.500
4522	9939.600
5286	9941.100
4242	9941.300
5110	9947.900
4386	9951.900
5086	9952.500
5198	9954.500
5150	9956.800
5066	9966.000
4930	9966.200
4990	9966.200
4462	9968.400
4854	9969.000
4590	9969.100
4634	9969.300
5106	9970.200
4958	9970.800
4974	9971.000
5118	9971.400
5138	9972.500
4870	9973.100
4746	9973.300
5270	9975.200
4602	9982.300
5166	9984.200
4254	9985.200
4730	9986.400
4138	9987.300
4702	9987.300
5086	9989.100
4346	9995.200
4818	10002.800
4954	10005.300
4354	10005.800
4458	10006.100
5174	10007.600
4482	10007.800
5114	10008.900
4566	10009.700
4570	10010.300
4446	10010.600
5006	10011.100
4974	10021.700
4586	10022.700
5110	10023.700
4774	10025.300
5094	10026.000
4754	10032.000
4466	10037.100
4810	10037.900
5278	10039.000
4438	10039.100
5078	10039.500
4558	10040.500
4978	10041.300
4770	10044.200
4686	10044.400
4954	10048.400
5258	10053.400
4726	10054.900
4422	10055.400
4594	10056.900
4234	10057.000
5174	10057.400
4538	10057.600
4818	10058.300
5130	10062.200
4394	10073.900
4762	10074.100
4190	10074.500
4654	10074.500
4826	10074.900
4234	10075.800
4398	10075.800
5234	10075.800
4426	10075.900
5138	10075.900
5086	10076.300
5098	10076.900
4602	10077.100
4146	10092.700
4310	10093.700
4250	10093.900
5134	10095.600
4870	10095.700
5198	10096.600
5086	10107.400
5106	10108.200
4434	10108.700
4886	10108.700
4494	10109.400
4478	10110.200
4838	10110.200
4806	10110.300
5082	10111.200
4190	10111.400
4246	10111.500
4818	10111.600
4530	10112.000
4754	10112.400
4298	10112.600
4482	10112.800
5142	10113.200
4446	10116.400
4614	10125.300
4982	10125.600
5054	10125.800
4378	10126.800
5122	10127.200
4546	10127.300
4278	10127.600
5174	10127.600
5110	10128.200
4526	10128.500
4346	10129.300
5230	10141.100
4250	10144.500
4990	10146.200
4470	10146.600
4994	10146.700
4154	10147.500
4418	10147.500
4494	10147.800
5010	10148.200
5090	10163.100
5242	10163.600
4962	10165.200
5110	10165.200
4462	10165.500
4558	10165.800
4378	10166.000
4382	10166.300
5246	10166.300
4722	10166.500
4426	10166.600
4610	10166.600
5250	10166.900
5186	10167.100
5234	10167.600
4442	10167.700
5290	10183.300
4618	10183.400
5270	10183.700
4394	10184.500
4762	10185.200
4422	10186.500
4666	10186.600
4270	10186.700
4386	10187.300
4290	10191.000
4418	10191.300
4842	10193.300
5038	10197.000
4146	10197.300
4358	10198.500
4250	10199.600
4226	10201.200
5234	10201.700
4622	10202.600
4746	10217.700
4846	10217.900
5110	10218.100
4398	10218.400
4526	10219.400
4434	10219.600
4654	10219.600
5078	10219.600
4138	10220.500
4390	10220.600
4626	10220.800
4546	10231.100
4710	10232.600
5194	10232.600
4310	10232.800
4326	10232.800
4394	10232.900
4898	10233.100
4298	10235.800
4642	10243.400
4470	10248.600
4522	10249.000
5038	10249.600
4438	10250.400
5010	10250.900
4230	10252.100
4242	10252.200
5250	10252.200
4582	10252.800
4878	10252.800
4462	10253.100
4646	10253.500
4734	10253.600
5150	10254.000
4602	10254.100
5094	10254.600
4458	10255.400
5110	10255.600
5122	10270.000
4234	10270.600
4650	10270.600
4354	10270.900
4598	10270.900
4526	10271.000
4570	10271.000
4690	10271.100
5030	10271.100
5270	10271.600
4434	10272.600
5170	10284.800
5166	10288.200
4702	10291.700
4238	10293.000
4678	10294.300
4942	10296.200
4398	10299.800
4846	10300.200
4750	10302.000
4514	10303.700
5106	10304.100
4270	10305.700
5246	10306.900
4242	10308.800
4174	10309.400
4394	10309.600
4918	10310.100
4334	10310.400
4602	10311.900
4494	10312.700
4462	10313.000
4690	10313.700
5222	10315.800
4990	10316.000
4146	10316.500
5110	10322.300
4834	10324.300
4386	10330.700
4466	10331.700
4682	10332.300
4538	10332.600
4754	10332.600
5174	10333.300
4794	10333.400
4618	10333.900
4638	10334.500
4166	10335.000
4442	10335.200
4878	10335.400
4338	10336.200
4270	10337.700
4194	10344.500
4250	10344.800
5078	10345.000
4802	10348.000
5126	10348.100
4790	10348.900
4958	10350.000
4470	10350.800
4770	10350.800
4290	10351.400
4634	10352.500
4654	10353.900
4598	10370.000
5246	10370.400
4394	10371.200
4466	10371.400
4642	10371.900
4942	10372.900
5098	10379.200
4574	10381.300
5198	10381.400
4446	10382.600
4974	10382.600
4462	10382.700
4326	10383.100
4426	10383.600
4470	10384.700
5118	10385.700
5150	10387.200
5106	10388.700
4986	10397.000
4918	10401.400
4890	10401.800
4342	10402.100
5270	10402.500
4474	10402.800
4234	10403.100
4250	10403.100
4246	10403.200
4690	10403.900
4558	10407.100
4230	10409.500
5230	10415.800
5294	10416.000
5034	10421.100
4794	10421.300
5014	10421.600
4150	10421.700
4790	10421.800
4546	10423.100
4234	10426.900
4434	10437.500
5198	10437.600
5098	10438.000
4462	10438.400
5134	10438.900
5126	10439.200
4558	10439.500
4338	10440.300
4734	10442.000
4482	10444.900
5106	10447.100
5110	10450.600
4934	10453.300
5082	10453.900
4618	10454.700
4806	10455.300
4614	10455.500
4354	10455.900
4494	10456.100
4726	10459.800
4434	10462.800
5010	10463.100
5190	10463.100
4546	10466.500
4142	10467.400
4706	10468.300
4250	10474.400
4818	10475.200
5234	10478.200
5058	10478.700
4898	10479.600
4998	10479.900
4754	10480.000
4702	10480.300
5038	10480.600
4462	10487.300
4590	10491.000
4482	10491.600
4314	10491.700
5022	10491.700
4470	10492.500
5290	10492.700
4410	10493.100
4394	10493.300
4398	10494.100
4370	10495.000
4602	10497.400
4782	10499.700
