# NEST version: 3.9.0-post0.dev0
# RecordingBackendASCII version: 2
sender	time_ms
11805	503.100
11937	503.100
11913	503.200
11761	503.500
11929	504.700
11897	504.900
11941	505.500
11877	508.200
11797	510.100
11909	510.400
11961	516.500
11757	516.900
11777	517.200
11809	519.200
11817	522.300
11845	525.900
11841	530.800
11925	530.900
11965	533.400
11917	534.400
11865	536.300
11949	538.300
11861	540.200
11869	546.900
11873	550.100
11805	551.100
11909	557.400
11893	557.600
11837	558.400
11797	559.000
11961	559.700
11813	572.700
11933	573.300
11901	574.900
11957	575.400
11757	575.700
11793	578.200
11781	579.500
11941	582.000
11901	586.600
11833	590.900
11937	591.600
11801	591.700
11861	596.500
11765	597.000
11837	597.300
11897	600.500
11957	601.300
11945	604.000
11941	604.200
11909	610.500
11893	613.800
11965	621.300
11917	623.100
11885	623.400
11933	623.600
11805	628.800
11961	634.500
11861	634.700
11817	640.900
11841	644.500
11913	651.800
11925	654.000
11757	655.000
11801	655.700
11941	655.700
11917	655.900
11809	662.200
11833	664.700
11965	668.100
11761	669.600
11937	670.200
11813	670.700
11805	671.300
11797	673.000
11941	673.000
11913	673.600
11929	684.100
11757	687.600
11917	688.500
11821	689.000
11877	689.500
11761	690.900
11869	693.000
11925	695.300
11965	701.500
11913	703.300
11893	704.600
11757	707.200
11933	707.700
11809	709.600
11945	717.400
11917	723.200
11841	724.900
11757	726.200
11929	736.200
11893	739.600
11769	740.200
11793	740.200
11885	740.200
11833	742.100
11805	743.700
11761	744.100
11873	744.200
11913	758.800
11801	760.500
11757	763.300
11833	763.300
11829	763.900
11917	765.800
11793	769.400
11965	772.100
11761	773.900
11841	775.400
11877	780.300
11889	783.900
11857	784.500
11861	787.000
11821	796.300
11961	796.400
11757	796.900
11797	802.000
11957	808.700
11941	809.300
11901	811.200
11833	811.300
11933	811.300
11921	812.100
11793	820.700
11897	827.300
11929	828.600
11893	829.500
11757	830.000
11885	830.900
11761	834.900
11813	836.500
11945	844.200
11817	845.100
11801	848.100
11961	849.200
11797	849.900
11833	854.400
11941	854.800
11893	858.500
11757	865.900
11945	868.300
11765	870.400
11885	874.400
11833	876.200
11769	881.600
11949	881.900
11841	883.400
11761	884.200
11913	884.700
11793	887.400
11757	889.900
11805	898.000
11929	899.500
11809	900.200
11965	903.400
11873	905.700
11829	907.800
11909	907.900
11797	912.100
11889	912.500
11757	915.100
11885	915.100
11945	916.100
11901	926.000
11845	931.600
11793	932.000
11817	939.100
11965	941.700
11805	941.900
11961	942.500
11941	943.400
11809	943.500
11813	944.000
11861	948.200
11917	948.500
11925	955.400
11857	958.500
11757	958.600
11797	958.800
11885	958.900
11833	959.100
11933	960.500
11893	960.700
11817	961.700
11965	967.400
11941	969.300
11865	978.400
11957	979.800
11869	981.700
11805	986.600
11953	987.700
11877	988.100
11797	988.500
11897	988.800
11765	990.800
11809	990.800
11861	991.900
11757	996.500
11925	1001.200
11941	1002.000
11761	1007.800
11893	1008.900
11917	1008.900
11929	1009.100
11889	1009.700
11817	1010.000
11789	1023.400
11769	1025.700
11933	1026.200
11949	1026.200
11941	1036.000
11809	1039.700
11957	1039.900
11801	1042.500
11921	1042.600
11965	1043.600
11757	1043.700
11873	1043.800
11893	1046.100
11853	1049.900
11793	1051.400
11761	1058.500
11841	1058.700
11897	1059.900
11913	1062.500
11949	1063.700
11877	1063.900
11961	1068.100
11873	1068.400
11845	1070.100
11757	1073.200
11809	1075.500
11965	1076.800
11945	1079.600
11941	1079.900
11885	1090.500
11761	1099.900
11797	1102.600
11893	1104.400
11905	1105.900
11757	1108.200
11933	1109.200
11901	1112.200
11897	1112.900
11953	1113.000
11913	1114.100
11793	1120.700
11805	1121.700
11845	1124.600
11893	1125.400
11757	1131.300
11817	1142.500
11797	1143.400
11773	1144.400
11833	1144.400
11877	1144.900
11961	1149.700
11897	1157.100
11789	1157.800
11957	1157.800
11793	1158.200
11945	1159.400
11757	1162.400
11893	1162.700
11781	1164.800
11861	1165.900
11805	1169.100
11941	1173.200
11809	1175.100
11797	1183.300
11965	1186.100
11845	1186.800
11861	1187.800
11757	1192.200
11773	1195.100
11877	1197.100
11945	1197.200
11817	1203.700
11941	1204.500
11917	1205.200
11913	1205.500
11949	1209.500
11901	1211.300
11933	1212.800
11809	1219.000
11833	1220.100
11941	1220.400
11849	1221.300
11857	1222.400
11805	1224.400
11893	1224.500
11937	1225.600
11905	1235.000
11765	1235.900
11817	1235.900
11929	1237.600
11829	1239.200
11897	1240.300
11873	1241.900
11757	1247.100
11913	1247.900
11961	1251.900
11797	1260.700
11861	1265.300
11957	1265.400
11945	1266.000
11949	1266.000
11941	1266.500
11897	1267.600
11757	1269.800
11809	1275.600
11961	1276.300
11917	1280.000
11833	1280.300
11805	1282.000
11801	1282.200
11797	1285.500
11941	1287.000
11889	1287.200
11933	1294.200
11925	1297.300
11789	1299.000
11793	1299.400
11757	1300.000
11845	1300.500
11945	1300.500
11965	1305.300
11913	1305.800
11941	1316.200
11937	1319.900
11765	1321.200
11833	1322.200
11961	1322.600
11885	1322.800
11805	1323.200
11849	1327.000
11953	1330.300
11893	1332.900
11769	1335.700
11933	1336.100
11829	1341.700
11801	1343.900
11925	1344.200
11757	1346.300
11809	1347.400
11817	1348.500
11945	1350.800
11901	1352.700
11781	1355.300
11793	1358.300
11897	1362.700
11845	1363.000
11797	1363.600
11961	1367.500
11805	1367.700
11757	1368.300
11941	1368.800
11765	1369.000
11929	1370.100
11893	1377.600
11913	1378.200
11861	1382.400
11809	1382.900
11917	1383.000
11937	1387.200
11889	1387.300
11757	1387.600
11797	1387.700
11941	1388.800
11849	1400.300
11825	1401.000
11805	1401.700
11953	1402.500
11949	1403.800
11873	1405.900
11789	1406.500
11769	1408.000
11961	1410.500
11957	1415.300
11757	1418.200
11765	1418.800
11817	1422.500
11821	1423.000
11913	1424.000
11797	1424.200
11805	1427.700
11929	1430.500
11845	1431.600
11809	1437.200
11873	1439.800
11801	1440.500
11897	1440.900
11757	1444.300
11893	1446.900
11797	1453.000
11949	1454.100
11781	1460.600
11853	1461.800
11837	1465.500
11757	1465.700
11901	1465.800
11793	1468.700
11861	1475.700
11941	1481.700
11961	1483.400
11833	1485.300
11877	1485.600
11817	1485.700
11913	1489.200
11945	1489.400
11793	1489.500
11909	1490.900
11901	1492.000
11757	1494.300
11805	1496.300
11929	1496.500
11865	1499.100
11893	1500.400
11965	1502.100
11761	1505.800
11945	1508.000
11877	1520.100
11757	1520.500
11913	1524.700
11813	1524.800
11857	1524.900
11769	1539.200
11953	1540.200
11905	1541.300
11785	1542.300
11829	1542.400
11889	1545.400
11941	1551.300
11761	1559.100
11885	1560.700
11877	1560.800
11945	1561.600
11961	1562.300
11817	1565.500
11813	1571.700
11893	1571.900
11781	1575.500
11901	1576.300
11797	1578.800
11965	1580.300
11873	1582.600
11941	1586.900
11933	1588.600
11757	1591.000
11809	1592.000
11849	1594.700
11817	1595.100
11949	1596.700
11853	1601.600
11945	1602.000
11781	1603.000
11961	1606.600
11789	1606.700
11833	1607.800
11929	1610.200
11941	1614.400
11913	1617.800
11901	1618.300
11925	1618.500
11877	1623.900
11841	1624.300
11965	1624.900
11757	1631.300
11933	1635.800
11761	1636.000
11889	1637.100
11917	1637.100
11861	1638.000
11797	1639.800
11833	1640.900
11945	1644.600
11781	1645.200
11789	1647.000
11757	1648.100
11925	1650.900
11913	1652.600
11885	1652.700
11921	1652.900
11769	1664.900
11805	1669.800
11813	1671.700
11933	1672.300
11949	1674.600
11861	1677.400
11757	1679.000
11961	1680.200
11809	1682.700
11853	1690.200
11877	1690.300
11845	1690.400
11945	1690.400
11837	1692.700
11833	1693.200
11873	1696.000
11841	1697.800
11893	1699.000
11797	1705.400
11861	1705.500
11781	1705.800
11785	1705.900
11957	1709.700
11933	1710.100
11909	1711.700
11757	1711.900
11901	1717.700
11921	1725.500
11941	1725.600
11877	1728.900
11965	1730.400
11801	1735.200
11761	1736.000
11893	1738.400
11793	1739.500
11773	1742.100
11841	1742.800
11921	1744.700
11757	1745.400
11925	1753.900
11901	1755.400
11897	1755.600
11913	1756.700
11941	1757.700
11873	1762.400
11917	1765.400
11933	1765.600
11845	1766.500
11757	1766.800
11965	1768.000
11945	1775.400
11805	1777.100
11757	1789.100
11797	1789.700
11953	1789.700
11961	1792.600
11885	1793.200
11941	1796.300
11925	1796.400
11929	1798.200
11833	1800.300
11761	1801.700
11769	1804.700
11901	1805.000
11813	1807.500
11933	1808.200
11793	1808.300
11805	1811.100
11817	1811.100
11757	1811.200
11897	1815.600
11893	1821.100
11945	1827.500
11913	1834.100
11845	1839.100
11797	1839.500
11861	1840.700
11941	1842.300
11833	1842.500
11957	1845.700
11961	1846.600
11929	1848.100
11765	1848.300
11757	1856.300
11945	1856.400
11789	1856.800
11853	1856.800
11869	1856.800
11873	1856.800
11769	1856.900
11917	1861.100
11953	1861.100
11885	1862.400
11893	1863.200
11957	1865.100
11901	1870.900
11761	1873.300
11897	1875.500
11941	1875.900
11757	1878.300
11797	1879.800
11913	1881.500
11833	1882.000
11777	1889.500
11805	1898.600
11861	1901.800
11949	1903.300
11757	1906.400
11833	1909.800
11821	1912.200
11793	1915.100
11845	1919.100
11937	1919.900
11925	1920.600
11869	1922.200
11941	1925.100
11853	1929.200
11929	1929.300
11905	1935.100
11961	1935.100
11921	1935.700
11957	1936.300
11761	1937.000
11765	1941.900
11873	1945.200
11913	1945.700
11893	1946.800
11757	1947.100
11769	1947.300
11845	1953.500
11805	1954.100
11877	1955.700
11813	1969.000
11861	1970.500
11857	1970.700
11917	1973.200
11941	1973.900
11901	1975.900
11961	1976.000
11853	1980.900
11833	1981.900
11761	1983.700
11865	1984.300
11925	1986.400
11929	1987.600
11793	1989.300
11957	1991.300
11757	1991.700
11873	1996.800
11941	1997.700
11965	1999.400
11805	1999.900
11885	2002.400
11893	2006.800
11961	2010.500
11913	2013.300
11953	2020.000
11941	2021.200
11809	2022.700
11933	2027.200
11849	2028.000
11833	2028.800
11805	2032.900
11797	2034.000
11949	2038.800
11857	2039.300
11785	2042.700
11821	2043.200
11865	2054.800
11873	2056.100
11817	2056.700
11933	2057.900
11829	2061.200
11913	2065.100
11941	2072.900
11757	2073.100
11901	2076.000
11965	2080.700
11781	2082.300
11793	2085.100
11813	2088.700
11953	2089.100
11921	2089.500
11925	2094.800
11785	2095.400
11809	2100.400
11941	2103.000
11897	2104.200
11961	2106.900
11757	2107.600
11885	2107.600
11861	2109.300
11933	2120.500
11937	2120.500
11797	2120.800
11793	2120.900
11869	2123.500
11845	2124.700
11957	2125.100
11757	2125.700
11805	2130.200
11897	2132.300
11929	2132.700
11913	2133.400
11877	2141.000
11941	2141.300
11873	2142.900
11925	2143.100
11817	2146.000
11757	2149.000
11893	2150.500
11917	2154.100
11933	2157.300
11793	2158.300
11841	2158.500
11897	2161.100
11797	2162.600
11761	2163.000
11757	2167.400
11901	2171.300
11813	2173.200
11885	2175.900
11913	2176.100
11849	2176.300
11789	2182.500
11877	2184.100
11793	2186.900
11833	2191.700
11765	2194.800
11769	2195.700
11893	2196.600
11861	2198.800
11873	2199.300
11901	2199.400
11805	2199.600
11809	2204.400
11917	2206.200
11757	2207.200
11797	2209.300
11885	2210.200
11941	2211.500
11965	2211.800
11785	2226.400
11913	2226.400
11801	2228.200
11957	2229.200
11925	2238.100
11945	2241.100
11893	2241.900
11841	2244.200
11961	2246.100
11757	2246.400
11805	2250.600
11921	2253.100
11809	2254.300
11889	2254.500
11797	2257.400
11861	2265.800
11849	2266.000
11901	2266.300
11873	2266.800
11829	2266.900
11909	2269.300
11757	2269.500
11833	2275.800
11965	2280.200
11917	2283.600
11913	2284.400
11937	2285.300
11801	2287.000
11877	2287.100
11829	2287.200
11761	2287.900
11757	2299.400
11889	2303.900
11833	2306.900
11961	2307.200
11913	2310.500
11953	2311.200
11897	2315.800
11761	2316.200
11873	2316.500
11893	2321.100
11941	2321.100
11769	2323.300
11901	2324.200
11789	2324.300
11949	2324.400
11957	2331.600
11757	2332.000
11793	2337.400
11833	2337.600
11821	2340.300
11941	2341.800
11761	2352.900
11869	2353.800
11757	2355.000
11797	2357.100
11805	2358.000
11937	2360.300
11913	2366.200
11809	2371.100
11793	2372.100
11817	2372.100
11925	2372.800
11845	2375.100
11757	2390.900
11805	2396.400
11781	2402.000
11933	2402.100
11941	2402.900
11965	2405.400
11893	2408.200
11809	2408.700
11901	2411.100
11937	2414.200
11797	2418.900
11757	2421.100
11961	2422.500
11897	2423.800
11805	2426.500
11861	2426.800
11917	2426.800
11833	2428.100
11941	2430.700
11797	2434.500
11869	2438.100
11877	2439.300
11913	2439.400
11809	2442.100
11889	2445.700
11965	2447.300
11921	2447.500
11785	2454.000
11761	2454.600
11873	2459.200
11757	2462.600
11893	2469.600
11849	2470.000
11913	2474.700
11941	2476.800
11917	2479.300
11965	2484.800
11757	2486.100
11873	2486.300
11869	2486.400
11961	2490.400
11941	2495.500
11797	2500.100
11945	2502.200
11833	2505.400
11893	2506.000
11929	2506.600
11761	2510.400
11925	2513.000
11897	2513.200
11949	2513.300
11913	2516.800
11941	2519.600
11805	2521.800
11917	2525.300
11869	2525.900
11801	2526.200
11817	2527.800
11757	2528.500
11877	2528.900
11961	2531.600
11865	2540.400
11893	2545.700
11957	2547.600
11797	2547.800
11933	2559.500
11937	2561.500
11925	2561.700
11761	2561.900
11901	2565.100
11917	2566.300
11957	2571.300
11949	2571.400
11757	2573.300
11833	2576.100
11945	2576.400
11965	2577.100
11889	2580.500
11781	2581.900
11961	2583.200
11913	2587.400
11765	2588.700
11829	2593.300
11757	2595.200
11945	2600.200
11881	2600.400
11877	2601.500
11817	2604.200
11893	2605.200
11777	2609.200
11793	2611.700
11873	2613.700
11857	2614.100
11769	2620.600
11833	2622.300
11925	2628.200
11949	2630.200
11785	2630.300
11861	2630.900
11941	2631.400
11961	2631.800
11933	2633.300
11873	2636.900
11957	2639.200
11885	2641.900
11945	2642.500
11837	2647.700
11805	2649.400
11965	2650.700
11829	2655.100
11913	2655.200
11757	2657.400
11877	2659.700
11797	2664.400
11909	2666.100
11889	2666.700
11945	2667.200
11789	2667.700
11869	2668.700
11925	2671.700
11965	2673.000
11757	2678.700
11961	2678.700
11781	2683.500
11901	2689.000
11861	2690.700
11793	2691.100
11829	2691.500
11849	2691.700
11957	2693.600
11757	2697.700
11897	2698.500
11809	2700.200
11805	2706.300
11877	2706.700
11941	2715.000
11917	2719.800
11757	2721.100
11817	2722.300
11913	2723.400
11933	2723.400
11797	2726.100
11925	2734.700
11793	2735.200
11893	2736.200
11929	2738.900
11941	2739.000
11853	2742.200
11761	2744.300
11913	2753.100
11769	2754.100
11957	2758.200
11893	2759.500
11785	2762.700
11861	2769.000
11941	2769.700
11965	2769.700
11873	2772.900
11757	2775.900
11961	2778.200
11933	2779.200
11781	2780.100
11805	2780.600
11809	2782.500
11789	2784.300
11953	2787.400
11945	2788.600
11797	2790.100
11861	2794.700
11965	2796.100
11901	2802.000
11757	2803.100
11877	2804.500
11817	2809.800
11929	2814.300
11893	2816.800
11761	2821.500
11965	2822.100
11809	2823.300
11941	2824.000
11901	2826.300
11849	2828.200
11861	2828.900
11933	2828.900
11841	2829.000
11757	2832.000
11961	2834.500
11917	2834.600
11805	2836.700
11937	2840.000
11913	2840.500
11833	2842.000
11925	2843.700
11797	2853.200
11781	2856.900
11961	2860.400
11897	2864.500
11805	2866.900
11913	2868.000
11941	2868.700
11793	2871.900
11761	2875.900
11925	2877.400
11921	2878.100
11877	2884.400
11941	2884.600
11801	2885.100
11933	2892.000
11797	2894.500
11769	2895.500
11857	2895.500
11805	2897.600
11845	2897.800
11893	2897.900
11953	2900.100
11965	2909.000
11861	2911.900
11949	2913.100
11865	2914.300
11889	2914.400
11925	2921.300
11809	2923.100
11757	2924.800
11797	2927.300
11941	2928.500
11845	2932.800
11781	2934.300
11965	2934.700
11945	2938.100
11777	2943.100
11941	2943.900
11901	2944.300
11877	2947.300
11793	2950.200
11857	2953.100
11861	2954.900
11833	2958.000
11845	2958.100
11813	2958.900
11953	2960.300
11925	2965.700
11757	2970.600
11797	2974.500
11949	2976.300
11789	2979.300
11941	2979.600
11901	2982.100
11889	2983.300
11865	2986.200
11933	2991.200
11761	2991.500
11805	2995.000
11965	3007.000
11949	3007.500
11941	3013.100
11933	3016.500
11961	3017.800
11901	3019.900
11805	3020.000
11913	3023.400
11877	3023.500
11873	3025.800
11785	3028.200
11809	3031.500
11757	3038.300
11925	3040.400
11945	3040.900
11917	3041.200
11885	3046.600
11833	3047.400
11941	3054.600
11857	3057.300
11925	3059.200
11845	3065.800
11757	3071.200
11865	3073.900
11933	3076.200
11861	3077.800
11941	3078.300
11965	3080.500
11761	3084.500
11913	3089.900
11893	3096.400
11845	3098.900
11905	3100.200
11793	3100.300
11757	3101.100
11797	3101.600
11897	3103.900
11825	3107.300
11761	3111.900
11945	3116.600
11869	3116.800
11841	3119.400
11805	3120.100
11757	3130.100
11929	3134.200
11845	3136.000
11805	3138.800
11893	3138.900
11797	3140.800
11965	3145.100
11961	3152.500
11861	3155.300
11757	3156.400
11913	3158.400
11809	3158.800
11929	3158.800
11805	3161.600
11793	3161.900
11897	3169.200
11893	3172.600
11797	3173.800
11757	3176.300
11941	3180.500
11877	3181.500
11913	3181.500
11809	3187.300
11917	3190.500
11925	3198.900
11805	3199.500
11869	3199.500
11845	3203.000
11965	3204.600
11789	3208.500
11945	3209.900
11913	3213.200
11757	3215.900
11893	3216.600
11961	3220.600
11809	3222.700
11901	3224.600
11941	3225.200
11817	3228.900
11801	3230.100
11897	3230.500
11965	3230.600
11917	3237.300
11885	3242.600
11945	3243.300
11949	3247.800
11757	3250.900
11925	3252.100
11921	3254.500
11961	3255.500
11769	3264.900
11805	3265.200
11893	3265.700
11765	3265.800
11861	3278.500
11797	3282.400
11781	3284.900
11757	3286.300
11933	3297.500
11925	3298.000
11793	3301.500
11845	3301.900
11805	3302.100
11801	3302.900
11961	3311.200
11941	3312.900
11861	3313.600
11937	3313.700
11797	3320.000
11849	3320.200
11825	3321.600
11757	3321.700
11793	3330.000
11945	3330.900
11761	3332.600
11901	3333.700
11941	3334.500
11885	3335.300
11833	3338.900
11965	3339.100
11817	3339.400
11913	3343.800
11917	3343.900
11757	3349.400
11809	3353.600
11781	3354.400
11901	3360.100
11861	3361.400
11877	3361.800
11793	3365.200
11933	3365.500
11805	3368.900
11873	3372.400
11961	3373.200
11797	3373.300
11913	3379.700
11925	3380.100
11941	3380.200
11789	3381.700
11845	3387.600
11769	3392.300
11765	3392.900
11777	3393.400
11833	3393.400
11901	3393.400
11957	3393.900
11757	3400.700
11913	3408.000
11781	3413.100
11893	3413.200
11757	3425.900
11933	3432.900
11833	3433.400
11793	3435.400
11965	3436.600
11761	3438.800
11953	3438.800
11941	3440.200
11885	3440.600
11945	3440.700
11789	3442.700
11757	3448.300
11805	3450.700
11917	3453.200
11913	3456.600
11833	3459.200
11797	3460.100
11781	3467.800
11925	3469.100
11789	3473.700
11901	3474.000
11877	3474.800
11769	3476.100
11933	3477.400
11861	3480.400
11757	3489.400
11785	3489.800
11845	3493.600
11893	3494.800
11925	3495.100
11945	3495.400
11921	3502.100
11833	3502.400
11805	3504.400
11957	3505.000
11965	3507.900
11841	3508.200
11929	3508.200
11885	3508.400
11873	3517.800
11757	3517.900
11761	3525.100
11861	3527.500
11785	3528.800
11829	3529.700
11793	3537.100
11953	3537.100
11833	3538.400
11941	3548.500
11801	3549.100
11845	3549.600
11965	3550.800
11857	3555.200
11937	3557.300
11781	3557.500
11793	3561.500
11757	3562.900
11961	3567.500
11837	3568.200
11873	3568.200
11805	3568.400
11841	3574.100
11869	3576.100
11949	3586.600
11785	3591.700
11833	3592.200
11965	3596.200
11933	3596.900
11861	3597.600
11941	3597.900
11757	3603.600
11845	3606.500
11809	3608.900
11805	3611.000
11953	3612.200
11797	3612.300
11897	3614.500
11869	3618.500
11945	3618.800
11765	3619.300
11893	3622.100
11841	3624.100
11957	3629.200
11789	3629.800
11913	3632.000
11793	3633.500
11873	3635.800
11953	3643.100
11965	3643.400
11889	3644.800
11765	3647.000
11801	3647.700
11757	3649.700
11845	3650.000
11797	3653.600
11805	3655.000
11809	3656.100
11909	3661.500
11945	3663.000
11893	3663.500
11797	3668.800
11833	3670.100
11901	3674.600
11789	3676.000
11757	3683.100
11957	3683.100
11877	3683.700
11913	3686.600
11929	3688.500
11941	3689.200
11761	3692.600
11889	3696.200
11769	3700.100
11885	3701.500
11789	3704.300
11833	3707.100
11957	3707.300
11805	3711.900
11765	3718.500
11917	3719.200
11873	3723.500
11757	3724.500
11893	3725.200
11761	3731.800
11861	3735.000
11849	3737.200
11933	3739.500
11797	3740.000
11949	3740.700
11841	3740.800
11757	3745.900
11809	3746.800
11913	3746.800
11789	3751.700
11869	3751.700
11805	3751.900
11925	3752.100
11937	3752.200
11921	3755.000
11833	3755.100
11897	3760.400
11825	3761.000
11877	3761.800
11893	3762.200
11961	3762.200
11817	3762.500
11929	3763.300
11845	3770.200
11913	3775.100
11953	3777.200
11789	3780.500
11937	3781.000
11757	3781.800
11941	3787.000
11877	3789.400
11785	3793.200
11817	3793.900
11961	3794.000
11945	3796.700
11793	3797.200
11865	3799.900
11925	3807.700
11761	3812.200
11841	3813.300
11765	3815.000
11809	3815.200
11893	3815.600
11917	3815.600
11861	3821.800
11757	3822.000
11797	3823.900
11913	3829.200
11881	3830.200
11933	3831.000
11769	3833.600
11793	3839.700
11757	3841.300
11965	3842.600
11897	3843.400
11761	3845.000
11945	3851.500
11961	3851.900
11797	3855.100
11913	3856.400
11941	3863.200
11845	3863.900
11805	3864.500
11857	3868.600
11893	3868.700
11957	3871.200
11917	3874.900
11885	3876.600
11769	3878.100
11757	3886.200
11941	3886.400
11833	3886.900
11857	3903.200
11929	3904.400
11789	3905.400
11757	3905.700
11765	3906.000
11817	3906.200
11833	3906.300
11793	3907.400
11901	3915.400
11913	3922.300
11945	3922.600
11953	3922.700
11949	3925.100
11769	3925.700
11929	3926.000
11897	3926.300
11757	3928.800
11961	3931.000
11833	3932.800
11917	3933.200
11885	3937.100
11893	3938.900
11941	3939.400
11965	3943.400
11849	3944.100
11817	3944.500
11761	3944.700
11913	3951.500
11893	3962.500
11785	3963.200
11757	3963.300
11861	3966.000
11805	3969.500
11797	3972.400
11945	3975.700
11909	3980.100
11793	3980.600
11957	3980.900
11965	3981.300
11757	3991.600
11925	3995.000
11893	3996.000
11941	3996.100
11901	3996.400
11897	3998.200
11769	4005.100
11845	4006.600
11805	4013.900
11961	4017.300
11809	4018.000
11941	4018.200
11797	4019.100
11849	4019.900
11861	4021.600
11965	4022.500
11893	4023.300
11829	4036.300
11757	4036.400
11873	4036.700
11789	4037.100
11761	4037.200
11817	4037.400
11933	4039.100
11913	4043.800
11845	4047.800
11841	4048.700
11793	4056.700
11893	4057.300
11929	4059.000
11897	4059.600
11757	4061.200
11809	4064.900
11941	4066.400
11817	4072.200
11921	4072.700
11805	4073.300
11789	4076.000
11761	4076.100
11957	4083.500
11793	4093.800
11801	4093.900
11757	4094.600
11781	4096.500
11893	4096.900
11861	4102.500
11921	4105.100
11933	4106.000
11961	4107.300
11925	4107.600
11833	4108.900
11901	4110.900
11885	4111.500
11965	4113.000
11917	4121.600
11841	4121.900
11757	4126.300
11837	4126.300
11961	4128.600
11845	4131.200
11873	4141.400
11861	4142.200
11829	4142.300
11837	4144.000
11897	4146.000
11797	4148.100
11757	4158.200
11933	4158.400
11957	4158.700
11869	4159.100
11941	4162.300
11913	4163.600
11873	4165.000
11961	4169.000
11953	4170.700
11965	4171.500
11917	4172.700
11909	4175.600
11889	4177.300
11797	4181.000
11757	4188.300
11805	4192.500
11833	4192.600
11961	4199.400
11933	4200.100
11873	4203.000
11789	4205.700
11953	4205.800
11945	4207.900
11965	4210.500
11841	4219.900
11829	4222.600
11781	4230.300
11757	4233.000
11861	4233.600
11809	4235.200
11917	4235.800
11845	4236.500
11797	4238.000
11941	4238.600
11801	4242.700
11945	4249.800
11893	4250.000
11833	4253.200
11929	4254.000
11965	4257.100
11805	4257.300
11909	4265.300
11849	4268.100
11865	4268.300
11837	4271.800
11797	4272.000
11949	4274.900
11961	4278.800
11789	4287.000
11757	4287.100
11809	4287.400
11841	4287.400
11901	4287.900
11833	4288.100
11897	4288.500
11761	4291.300
11917	4291.700
11805	4295.000
11829	4305.200
11913	4305.400
11937	4305.900
11797	4310.100
11941	4311.800
11801	4312.000
11925	4315.900
11757	4317.500
11965	4322.500
11773	4322.600
11837	4322.800
11945	4323.000
11809	4326.800
11849	4329.700
11757	4338.900
11901	4341.800
11913	4344.300
11949	4349.000
11953	4354.800
11893	4357.400
11873	4357.800
11757	4358.400
11845	4360.300
11961	4360.300
11937	4361.300
11941	4361.300
11897	4363.000
11877	4367.300
11929	4370.100
11765	4372.000
11801	4372.200
11829	4374.200
11757	4378.600
11793	4380.100
11805	4391.800
11913	4391.900
11833	4397.700
11925	4405.000
11917	4406.900
11929	4407.200
11801	4408.200
11909	4412.900
11893	4413.300
11757	4413.700
11965	4416.800
11817	4418.300
11945	4420.300
11885	4424.100
11781	4424.800
11833	4429.500
11793	4429.800
11801	4436.200
11841	4436.400
11769	4436.800
11925	4436.800
11929	4439.400
11917	4440.500
11865	4441.500
11757	4445.000
11965	4447.000
11913	4448.300
11781	4459.400
11873	4466.000
11853	4466.200
11933	4469.200
11845	4469.800
11961	4470.200
11757	4470.600
11861	4474.200
11877	4475.300
11925	4475.300
11941	4475.300
11949	4475.700
11913	4479.600
11869	4487.600
11809	4488.800
11757	4491.100
11837	4491.400
11897	4491.700
11965	4491.900
11805	4492.600
11873	4494.200
11917	4500.600
11857	4506.400
11945	4507.200
11845	4510.200
11925	4511.500
11941	4512.000
11757	4519.600
11961	4526.100
11933	4526.400
11781	4527.500
11793	4528.600
11797	4528.900
11929	4529.300
11941	4539.900
11925	4541.900
11845	4544.200
11865	4544.200
11757	4544.700
11809	4545.800
11805	4546.800
11861	4547.100
11949	4549.100
11957	4551.600
11941	4553.500
11897	4562.000
11945	4564.800
11961	4572.700
11821	4573.200
11937	4573.500
11761	4576.000
11941	4580.700
11965	4582.400
11817	4587.100
11845	4592.400
11913	4592.900
11893	4593.600
11765	4594.000
11809	4603.100
11941	4605.900
11937	4606.000
11949	4606.200
11769	4606.300
11777	4618.900
11917	4619.800
11833	4620.500
11757	4620.800
11845	4620.800
11925	4621.500
11929	4631.900
11821	4632.600
11913	4633.100
11805	4635.400
11761	4637.800
11817	4640.300
11841	4646.300
11945	4652.600
11849	4653.100
11957	4654.400
11965	4655.400
11913	4656.100
11861	4656.400
11769	4660.300
11897	4661.300
11805	4663.700
11809	4672.300
11885	4672.700
11901	4672.700
11889	4678.100
11961	4683.000
11813	4683.100
11933	4683.500
11953	4686.400
11869	4686.600
11941	4687.100
11757	4689.000
11873	4689.300
11845	4696.000
11865	4698.200
11937	4704.700
11821	4704.900
11757	4710.800
11877	4711.000
11793	4715.800
11913	4721.200
11941	4721.800
11765	4723.300
11809	4726.200
11893	4727.000
11929	4731.900
11917	4732.200
11769	4732.600
11849	4736.000
11873	4736.700
11761	4736.800
11789	4738.400
11957	4738.700
11757	4740.300
11925	4741.700
11841	4748.500
11933	4755.200
11913	4755.400
11893	4757.500
11793	4758.400
11797	4761.300
11817	4762.000
11877	4767.600
11861	4771.700
11961	4773.300
11805	4774.600
11797	4778.300
11833	4779.300
11897	4779.500
11965	4788.900
11929	4789.100
11813	4789.500
11757	4791.500
11877	4797.400
11805	4799.500
11765	4801.200
11893	4803.100
11909	4803.800
11817	4804.500
11769	4805.200
11933	4808.700
11885	4815.800
11793	4816.200
11965	4818.700
11841	4819.300
11941	4819.700
11757	4822.200
11917	4822.500
11761	4822.900
11893	4828.300
11765	4832.500
11945	4836.000
11961	4836.900
11805	4839.700
11817	4839.800
11913	4839.900
11801	4842.700
11949	4845.000
11929	4850.300
11925	4850.800
11769	4854.500
11789	4855.300
11893	4860.400
11757	4861.300
11813	4865.900
11917	4867.100
11861	4868.400
11797	4870.100
11833	4870.200
11765	4873.700
11933	4874.400
11909	4879.700
11961	4880.300
11885	4881.900
11925	4882.100
11805	4882.400
11945	4883.900
11965	4884.800
11893	4893.700
11917	4911.900
11965	4912.300
11809	4912.800
11941	4914.500
11817	4916.600
11961	4917.500
11797	4929.800
11897	4932.000
11841	4934.400
11853	4935.200
11877	4936.800
11793	4941.300
11757	4945.000
11781	4946.600
11845	4949.000
11777	4952.500
11961	4953.500
11941	4953.600
11945	4954.100
11925	4961.500
11857	4963.500
11929	4963.900
11817	4964.000
11893	4964.200
11965	4969.500
11761	4975.000
11901	4978.200
11885	4979.200
11941	4981.800
11917	4983.400
11833	4986.600
11797	4987.800
11913	4990.400
11893	4994.300
11757	4994.700
11873	5004.700
11941	5005.000
11961	5005.200
11845	5011.700
11761	5014.800
11757	5015.200
11925	5015.200
11809	5017.000
11861	5018.600
11797	5021.600
11789	5022.800
11957	5024.000
11793	5025.100
11945	5025.100
11833	5033.000
11965	5034.800
11913	5038.500
11757	5043.800
11805	5043.800
11889	5044.300
11945	5050.800
11901	5053.500
11897	5054.800
11929	5056.500
11885	5057.500
11841	5058.200
11877	5058.600
11757	5060.500
11893	5060.500
11961	5065.100
11793	5066.000
11925	5079.100
11889	5082.600
11757	5083.900
11845	5086.200
11813	5089.400
11805	5089.500
11921	5092.200
11965	5093.200
11957	5093.500
11893	5097.700
11773	5099.900
11769	5101.900
11797	5105.300
11861	5108.900
11789	5113.000
11781	5116.200
11913	5116.900
11941	5117.000
11757	5120.000
11901	5126.900
11889	5128.600
11849	5129.600
11933	5131.900
11945	5133.500
11961	5134.500
11925	5136.600
11757	5143.300
11809	5146.600
11925	5155.300
11837	5156.800
11857	5159.300
11897	5161.300
11833	5161.500
11941	5164.400
11805	5166.200
11865	5166.700
11797	5166.900
11765	5171.100
11781	5172.100
11937	5172.700
11809	5177.100
11961	5180.600
11801	5181.000
11841	5181.800
11861	5182.700
11833	5187.100
11889	5192.300
11913	5197.400
11877	5200.100
11941	5200.400
11901	5201.500
11761	5201.900
11757	5203.200
11965	5207.100
11809	5209.100
11885	5217.600
11893	5219.500
11849	5220.800
11917	5221.200
11937	5223.800
11797	5224.800
11757	5227.800
11913	5231.900
11853	5237.200
11877	5237.400
11757	5245.200
11817	5247.600
11961	5252.900
11789	5253.300
11809	5257.800
11833	5258.100
11781	5258.400
11933	5260.000
11925	5260.200
11901	5264.600
11793	5265.200
11965	5269.300
11757	5274.100
11761	5276.100
11893	5277.800
11941	5284.000
11833	5289.100
11933	5292.200
11909	5295.500
11889	5296.200
11761	5296.500
11757	5302.000
11901	5304.300
11941	5307.300
11849	5308.000
11897	5308.400
11913	5310.100
11961	5310.700
11805	5311.000
11865	5311.000
11809	5323.500
11937	5323.500
11957	5323.700
11757	5325.500
11833	5327.500
11933	5328.700
11965	5328.900
11761	5329.100
11877	5338.300
11825	5340.700
11861	5341.700
11801	5341.900
11757	5343.300
11893	5347.000
11797	5352.900
11965	5356.200
11945	5356.900
11837	5357.700
11861	5357.800
11917	5359.800
11865	5361.800
11925	5363.800
11869	5365.600
11757	5366.500
11761	5371.400
11817	5375.400
11873	5378.200
11965	5379.200
11945	5380.400
11941	5389.200
11789	5393.200
11933	5393.200
11885	5402.500
11833	5407.900
11861	5407.900
11937	5410.700
11957	5411.400
11961	5411.400
11925	5411.500
11893	5422.300
11897	5422.400
11913	5422.500
11757	5424.300
11901	5428.200
11793	5435.400
11781	5437.300
11941	5437.500
11865	5445.300
11817	5447.300
11845	5455.000
11761	5455.200
11809	5457.300
11841	5457.400
11757	5459.000
11925	5465.800
11965	5466.200
11945	5470.300
11861	5471.300
11901	5474.300
11821	5478.300
11893	5485.800
11833	5491.200
11853	5491.400
11957	5492.300
11761	5493.200
11765	5495.200
11805	5500.300
11885	5507.800
11933	5511.000
11925	5512.100
11833	5512.600
11941	5516.300
11949	5520.700
11757	5524.100
11917	5525.000
11937	5526.100
11913	5526.700
11929	5528.600
11805	5529.300
11877	5533.600
11945	5537.400
11893	5541.400
11913	5546.300
11897	5546.400
11797	5551.400
11909	5556.600
11813	5558.500
11757	5560.800
11809	5561.000
11805	5561.800
11941	5562.100
11917	5562.800
11817	5568.500
11761	5569.200
11949	5569.400
11965	5569.700
11893	5576.700
11853	5576.800
11765	5577.300
11841	5578.800
11769	5581.100
11833	5589.500
11961	5591.900
11797	5592.200
11957	5592.300
11933	5594.600
11913	5594.900
11945	5603.300
11757	5606.100
11785	5606.200
11897	5608.700
11893	5608.800
11885	5609.000
11901	5609.300
11805	5613.500
11873	5617.800
11913	5624.400
11769	5628.900
11953	5629.600
11961	5632.500
11797	5640.700
11949	5643.200
11789	5644.400
11833	5644.800
11933	5650.400
11865	5658.400
11913	5658.800
11965	5658.800
11757	5661.000
11893	5662.800
11809	5663.000
11917	5665.900
11873	5666.000
11761	5672.300
11777	5679.600
11861	5679.800
11757	5684.400
11845	5685.900
11945	5686.400
11925	5689.800
11793	5692.100
11897	5694.700
11929	5695.500
11893	5696.800
11885	5698.000
11757	5700.100
11849	5705.300
11853	5707.700
11913	5712.400
11861	5713.100
11809	5715.500
11757	5719.200
11965	5720.400
11845	5720.900
11781	5731.300
11941	5734.700
11921	5737.000
11877	5738.000
11961	5739.500
11809	5741.600
11805	5747.300
11769	5748.700
11893	5750.900
11849	5751.000
11929	5754.500
11917	5754.600
11773	5755.000
11757	5766.600
11817	5767.300
11797	5768.500
11933	5769.400
11965	5769.800
11761	5772.000
11913	5772.900
11809	5773.500
11873	5779.800
11801	5780.100
11837	5780.400
11893	5784.000
11841	5785.500
11917	5801.700
11757	5802.600
11941	5803.600
11925	5804.100
11797	5804.300
11965	5809.200
11817	5809.300
11801	5809.800
11949	5816.500
11809	5816.600
11889	5821.100
11789	5823.100
11945	5824.300
11825	5828.700
11757	5830.200
11861	5832.900
11933	5836.800
11925	5842.700
11945	5843.300
11805	5843.400
11921	5845.100
11897	5846.300
11961	5850.000
11797	5854.100
11941	5856.200
11965	5860.000
11833	5860.200
11885	5860.900
11761	5874.600
11769	5877.900
11757	5878.600
11933	5881.200
11833	5882.000
11901	5882.100
11845	5882.200
11793	5883.000
11941	5892.000
11921	5894.800
11821	5895.100
11865	5897.900
11965	5904.600
11861	5910.400
11757	5916.400
11797	5920.800
11961	5921.200
11761	5921.400
11881	5921.500
11877	5923.000
11945	5925.100
11893	5926.900
11833	5927.100
11925	5929.000
11965	5930.600
11861	5932.900
11809	5940.800
11901	5941.300
11801	5942.800
11757	5943.400
11941	5943.400
11917	5945.900
11817	5947.900
11937	5948.100
11765	5949.700
11841	5952.500
11965	5958.300
11913	5962.000
11777	5964.000
11805	5964.300
11893	5970.300
11757	5972.700
11961	5976.800
11781	5978.100
11773	5980.100
11873	5981.200
11945	5983.300
11833	5992.300
11805	5993.300
11797	5996.200
11897	5999.200
11941	6000.500
11877	6002.300
11761	6004.400
11817	6007.000
11793	6008.600
11825	6010.800
11957	6011.800
11789	6012.700
11925	6014.200
11949	6015.600
11801	6016.500
11757	6018.100
11961	6019.100
11845	6021.100
11833	6032.500
11965	6033.300
11757	6036.400
11817	6040.600
11901	6041.900
11857	6044.500
11917	6046.500
11953	6046.600
11941	6048.200
11805	6050.400
11797	6057.700
11757	6062.300
11961	6064.400
11933	6065.100
11941	6066.700
11925	6071.700
11793	6074.500
11965	6075.000
11897	6075.400
11817	6075.600
11913	6077.100
11945	6079.800
11841	6090.200
11937	6091.500
11845	6093.200
11949	6093.900
11813	6094.500
11929	6096.200
11757	6096.500
11861	6102.800
11769	6105.200
11889	6105.400
11809	6105.500
11941	6106.700
11817	6114.600
11797	6116.900
11933	6117.300
11957	6117.500
11909	6121.400
11965	6122.400
11961	6123.400
11809	6123.500
11945	6125.400
11761	6134.700
11869	6135.300
11925	6135.300
11897	6135.500
11801	6137.400
11885	6137.700
11917	6141.200
11757	6144.100
11797	6149.400
11805	6156.000
11893	6156.000
11901	6156.000
11785	6156.900
11965	6157.400
11761	6162.300
11861	6168.400
11809	6171.200
11769	6172.600
11957	6172.600
11933	6174.400
11833	6174.600
11841	6183.100
11909	6183.100
11757	6188.900
11937	6189.700
11833	6194.000
11961	6194.400
11797	6197.100
11941	6197.700
11885	6198.200
11761	6203.600
11817	6205.300
11861	6211.100
11913	6211.400
11965	6213.800
11805	6221.000
11933	6221.500
11889	6223.000
11945	6223.100
11781	6224.500
11949	6224.600
11809	6230.800
11961	6232.100
11877	6234.700
11801	6235.300
11925	6236.400
11941	6241.100
11937	6241.400
11929	6244.300
11757	6254.100
11885	6262.000
11769	6264.900
11765	6267.400
11789	6269.200
11933	6270.400
11913	6271.500
11757	6273.800
11793	6275.000
11901	6284.900
11941	6285.300
11965	6288.400
11861	6294.600
11961	6296.900
11805	6298.900
11917	6298.900
11829	6300.200
11797	6304.100
11801	6304.400
11877	6304.600
11933	6305.500
11769	6306.200
11809	6308.100
11761	6317.700
11965	6320.300
11941	6323.200
11809	6329.500
11757	6331.200
11877	6335.300
11773	6336.500
11817	6337.400
11945	6338.700
11925	6340.700
11797	6340.900
11913	6343.600
11897	6345.300
11805	6347.300
11893	6349.300
11949	6355.600
11885	6355.700
11757	6358.700
11873	6358.800
11961	6361.600
11913	6369.500
11941	6371.600
11961	6377.600
11781	6377.700
11845	6382.700
11797	6389.200
11793	6389.800
11897	6390.200
11957	6390.200
11789	6390.600
11805	6390.700
11941	6392.900
11937	6393.300
11929	6396.400
11761	6397.900
11893	6400.700
11861	6409.800
11913	6410.000
11757	6411.700
11877	6412.900
11805	6416.900
11845	6417.000
11949	6426.200
11929	6426.400
11897	6427.600
11941	6431.500
11805	6434.800
11933	6440.600
11809	6442.800
11761	6445.500
11757	6445.600
11845	6445.900
11945	6454.000
11925	6457.900
11861	6458.100
11765	6458.900
11917	6461.000
11913	6468.700
11949	6473.000
11757	6474.400
11785	6474.400
11809	6476.600
11941	6477.800
11889	6479.200
11893	6479.300
11769	6492.100
11841	6492.200
11877	6492.800
11805	6492.900
11757	6501.600
11917	6503.600
11797	6507.200
11933	6507.700
11853	6511.200
11809	6511.600
11941	6512.700
11925	6518.400
11805	6520.600
11789	6521.400
11889	6522.500
11845	6524.300
11885	6533.400
11957	6535.400
11913	6539.600
11901	6541.200
11941	6541.500
11877	6543.200
11757	6547.100
11801	6547.300
11897	6547.900
11797	6548.900
11809	6551.900
11945	6558.000
11893	6568.400
11965	6568.900
11761	6569.300
11817	6573.900
11861	6574.400
11913	6574.500
11833	6580.900
11937	6588.600
11797	6589.300
11949	6593.000
11801	6594.100
11941	6594.100
11757	6603.100
11817	6603.500
11925	6604.600
11857	6605.900
11945	6607.700
11769	6611.200
11957	6621.500
11897	6622.400
11965	6622.400
11941	6623.000
11873	6626.000
11917	6626.200
11961	6626.400
11757	6626.600
11841	6632.100
11893	6636.700
11853	6637.500
11929	6641.700
11757	6643.600
11793	6644.200
11921	6650.800
11913	6651.300
11765	6656.300
11925	6659.000
11893	6660.900
11805	6661.400
11961	6663.700
11937	6665.500
11797	6671.800
11957	6672.700
11933	6674.300
11909	6674.600
11941	6675.000
11757	6682.400
11845	6690.000
11913	6690.200
11793	6692.100
11949	6692.500
11945	6692.700
11965	6693.200
11833	6693.900
11901	6694.400
11877	6705.400
11865	6706.100
11909	6709.600
11961	6710.400
11781	6717.700
11893	6718.600
11793	6719.300
11797	6720.000
11757	6721.400
11941	6732.300
11845	6732.600
11925	6734.900
11897	6736.900
11805	6738.700
11809	6741.000
11937	6741.200
11833	6743.800
11817	6746.700
11797	6748.000
11841	6749.900
11913	6750.300
11761	6763.300
11893	6765.600
11949	6766.100
11765	6770.000
11757	6771.500
11793	6774.600
11933	6774.600
11945	6782.200
11801	6783.100
11889	6785.500
11781	6787.300
11857	6787.300
11941	6788.400
11925	6797.600
11845	6803.400
11893	6803.800
11917	6804.000
11757	6809.300
11841	6809.800
11805	6812.800
11797	6816.200
11817	6816.800
11765	6818.900
11873	6824.900
11825	6827.400
11789	6832.600
11809	6835.400
11933	6836.700
11929	6837.200
11833	6841.400
11757	6841.800
11885	6842.800
11817	6845.300
11913	6845.500
11849	6846.100
11793	6850.700
11901	6856.200
11761	6861.300
11769	6862.400
11789	6862.400
11917	6864.700
11805	6871.900
11941	6879.500
11785	6880.400
11933	6880.400
11961	6882.400
11829	6887.300
11809	6891.900
11761	6892.600
11757	6895.400
11925	6896.700
11849	6897.100
11833	6897.400
11945	6899.500
11957	6902.500
11901	6907.200
11861	6907.300
11949	6908.700
11789	6914.000
11917	6915.800
11889	6917.300
11757	6918.200
11877	6918.600
11933	6925.200
11845	6927.300
11913	6927.400
11965	6936.700
11953	6939.300
11889	6944.300
11757	6946.600
11945	6947.100
11797	6951.300
11809	6951.800
11885	6952.300
11941	6952.500
11949	6954.000
11869	6958.700
11877	6961.700
11901	6961.900
11961	6962.700
11761	6965.900
11765	6965.900
11929	6972.600
11913	6973.000
11861	6973.100
11897	6973.400
11757	6975.400
11805	6980.100
11933	6983.100
11761	6992.400
11961	6992.700
11941	6993.300
11817	6995.700
11925	6996.600
11949	7001.700
11861	7008.100
11845	7009.500
11917	7010.200
11957	7010.800
11941	7014.200
11853	7020.400
11949	7022.000
11765	7023.100
11913	7023.800
11893	7027.700
11769	7028.200
11793	7036.400
11953	7038.100
11797	7040.200
11757	7040.500
11921	7040.700
11833	7040.800
11761	7041.000
11877	7043.900
11849	7048.800
11913	7050.500
11789	7055.500
11769	7055.800
11929	7056.000
11817	7058.700
11765	7058.900
11893	7062.200
11917	7069.500
11757	7070.200
11913	7072.400
11961	7072.600
11925	7073.200
11797	7073.900
11809	7075.800
11805	7076.400
11765	7077.200
11921	7077.800
11965	7077.800
11897	7079.100
11873	7085.500
11893	7085.700
11861	7088.100
11757	7090.400
11813	7090.400
11933	7091.700
11941	7094.500
11901	7095.000
11781	7095.100
11761	7095.500
11789	7103.200
11793	7103.800
11937	7106.800
11765	7107.500
11757	7107.600
11821	7107.800
11929	7109.400
11885	7111.100
11945	7111.300
11817	7111.700
11805	7118.600
11845	7122.700
11913	7137.200
11949	7138.600
11941	7140.600
11809	7144.600
11889	7145.600
11925	7146.300
11945	7149.700
11933	7152.600
11757	7153.200
11961	7156.000
11913	7164.300
11901	7165.800
11925	7166.800
11809	7167.800
11957	7173.900
11941	7176.500
11793	7181.600
11949	7182.000
11897	7183.200
11765	7191.700
11805	7196.300
11941	7199.700
11929	7200.100
11757	7203.200
11961	7207.600
11885	7207.700
11965	7216.300
11809	7219.300
11941	7221.900
11933	7225.000
11945	7226.000
11757	7232.100
11761	7234.600
11925	7239.000
11833	7241.300
11885	7241.300
11793	7241.400
11937	7243.800
11941	7248.000
11933	7258.700
11913	7264.000
11957	7270.300
11805	7272.200
11965	7273.000
11877	7273.600
11909	7277.500
11769	7281.200
11845	7286.200
11861	7287.300
11809	7288.300
11901	7289.100
11777	7297.800
11965	7298.700
11945	7300.900
11953	7301.100
11757	7301.600
11881	7305.200
11781	7305.700
11889	7314.500
11925	7317.300
11901	7319.300
11757	7319.600
11941	7321.400
11885	7330.200
11789	7331.600
11933	7337.600
11757	7342.100
11821	7346.100
11961	7346.300
11937	7349.500
11913	7351.500
11885	7352.300
11925	7353.300
11833	7364.200
11917	7364.500
11941	7367.700
11801	7368.000
11805	7368.000
11873	7369.200
11797	7376.300
11961	7384.300
11933	7384.400
11913	7384.900
11965	7399.400
11781	7400.000
11757	7403.700
11793	7404.300
11925	7407.100
11929	7409.500
11893	7415.300
11861	7421.400
11917	7428.100
11957	7428.800
11833	7432.900
11965	7434.900
11941	7438.200
11865	7440.800
11757	7442.000
11805	7447.700
11913	7448.600
11797	7457.200
11945	7459.800
11933	7460.200
11757	7460.300
11809	7460.500
11941	7466.000
11781	7466.500
11925	7478.700
11901	7481.500
11801	7482.200
11861	7483.300
11937	7484.500
11809	7488.300
11757	7488.500
11793	7491.500
11833	7492.500
11841	7495.000
11845	7502.900
11893	7503.400
11953	7504.000
11957	7504.100
11897	7504.400
11929	7505.700
11757	7508.100
11909	7508.500
11945	7510.700
11797	7515.600
11805	7518.000
11789	7518.800
11885	7519.100
11941	7524.400
11949	7530.300
11937	7539.000
11761	7539.300
11757	7542.500
11913	7542.500
11957	7542.800
11793	7546.800
11893	7555.100
11845	7555.600
11781	7557.400
11757	7558.200
11961	7562.200
11849	7563.500
11805	7563.800
11913	7571.300
11941	7573.900
11965	7578.800
11917	7579.500
11933	7579.500
11793	7579.600
11897	7579.800
11757	7582.600
11945	7587.500
11761	7588.500
11817	7589.800
11861	7590.300
11805	7590.800
11797	7595.400
11949	7595.400
11929	7599.700
11885	7599.800
11833	7600.100
11965	7605.300
11913	7609.700
11901	7613.900
11893	7614.300
11813	7617.900
11757	7618.400
11781	7623.800
11933	7624.800
11909	7632.600
11757	7643.700
11833	7644.200
11885	7644.400
11925	7644.500
11945	7646.400
11789	7647.300
11865	7647.500
11889	7651.200
11913	7658.900
11817	7659.100
11797	7659.400
11901	7660.100
11949	7662.300
11809	7663.100
11897	7663.300
11861	7663.800
11841	7664.400
11941	7664.900
11917	7673.700
11757	7676.000
11857	7677.900
11877	7683.800
11925	7689.000
11929	7690.700
11961	7691.600
11845	7691.800
11765	7694.700
11769	7696.600
11757	7697.400
11869	7702.400
11913	7703.200
11897	7705.100
11941	7716.500
11833	7719.700
11901	7719.900
11761	7720.000
11937	7720.600
11949	7720.800
11793	7721.800
11757	7723.200
11925	7739.100
11773	7746.100
11793	7748.700
11845	7754.900
11965	7757.500
11941	7760.700
11765	7764.900
11885	7765.800
11861	7767.800
11865	7770.000
11877	7772.400
11933	7774.500
11809	7776.900
11841	7780.400
11949	7780.500
11893	7780.900
11757	7781.300
11769	7793.500
11857	7796.300
11817	7796.700
11873	7796.800
11953	7797.400
11805	7797.600
11897	7797.800
11829	7800.100
11961	7805.600
11813	7806.400
11957	7809.700
11757	7810.900
11941	7811.800
11925	7812.400
11793	7814.500
11805	7820.900
11885	7822.000
11833	7823.800
11893	7824.100
11789	7826.300
11821	7826.400
11841	7826.400
11817	7827.900
11929	7828.100
11861	7828.500
11965	7828.600
11961	7835.000
11769	7839.300
11917	7842.000
11757	7844.900
11837	7845.000
11913	7845.600
11893	7852.400
11941	7856.900
11765	7865.900
11757	7869.800
11781	7873.600
11925	7875.400
11861	7882.000
11845	7885.900
11805	7886.000
11769	7886.100
11797	7889.600
11917	7896.900
11957	7897.600
11897	7904.900
11877	7908.700
11761	7910.200
11757	7911.300
11929	7911.800
11965	7914.900
11793	7927.200
11953	7930.200
11869	7930.300
11845	7930.600
11925	7930.600
11809	7931.400
11757	7932.100
11761	7938.000
11797	7940.800
11897	7944.700
11789	7945.000
11901	7946.900
11933	7949.300
11945	7950.700
11941	7950.900
11757	7951.100
11801	7951.600
11817	7955.100
11761	7958.900
11949	7961.400
11829	7961.500
11925	7962.900
11961	7964.200
11805	7965.700
11809	7970.600
11789	7977.200
11897	7978.000
11913	7978.100
11757	7978.400
11833	7980.600
11901	7982.000
11801	7982.200
11793	7987.000
11841	7994.700
11917	7998.000
11893	7998.400
11929	7998.700
11873	8001.300
11961	8002.400
11897	8003.700
11865	8009.500
11861	8009.800
11757	8010.600
11805	8013.200
11937	8016.800
11913	8017.900
11941	8021.700
11809	8031.600
11789	8032.300
11797	8032.400
11957	8035.100
11889	8035.300
11833	8036.400
11925	8037.400
11801	8037.900
11885	8038.100
11769	8046.100
11817	8048.500
11877	8048.900
11909	8050.800
11761	8051.400
11845	8052.300
11901	8060.100
11965	8061.400
11757	8064.000
11797	8066.100
11861	8067.100
11945	8070.000
11933	8079.700
11833	8080.800
11797	8084.300
11785	8086.900
11757	8087.100
11885	8088.000
11941	8089.600
11761	8091.100
11929	8092.800
11925	8093.300
11873	8093.600
11805	8100.200
11893	8104.200
11965	8105.000
11961	8107.800
11937	8110.100
11797	8121.400
11809	8122.300
11825	8123.800
11757	8125.800
11945	8125.900
11801	8126.000
11833	8134.100
11885	8137.400
11841	8137.600
11789	8138.700
11897	8142.600
11941	8148.000
11925	8154.100
11965	8157.500
11769	8162.400
11817	8165.000
11865	8167.200
11961	8167.300
11813	8167.800
11805	8171.700
11917	8173.200
11933	8176.200
11757	8179.300
11893	8184.000
11781	8185.900
11849	8186.500
11901	8189.900
11841	8191.000
11941	8191.200
11945	8191.500
11921	8195.300
11961	8196.100
11861	8197.700
11809	8198.300
11929	8199.400
11889	8200.100
11833	8201.400
11965	8203.900
11933	8204.600
11785	8212.100
11853	8213.200
11941	8224.300
11805	8225.500
11845	8227.700
11961	8227.700
11897	8230.800
11957	8231.200
11929	8234.400
11861	8235.600
11885	8245.100
11813	8245.200
11793	8245.700
11925	8247.300
11893	8247.600
11757	8249.700
11921	8251.000
11853	8251.800
11941	8257.700
11797	8264.500
11913	8265.400
11845	8267.500
11949	8271.000
11937	8271.200
11833	8272.500
11789	8276.900
11957	8279.800
11761	8283.600
11941	8284.700
11793	8285.400
11757	8294.600
11885	8296.600
11893	8297.000
11805	8297.100
11921	8298.700
11961	8299.800
11929	8304.400
11933	8309.300
11841	8309.400
11913	8314.800
11909	8318.400
11833	8319.800
11805	8320.700
11869	8321.700
11965	8324.600
11757	8331.600
11797	8333.900
11861	8336.800
11873	8336.900
11957	8342.700
11961	8342.700
11937	8346.600
11845	8348.800
11929	8348.900
11877	8349.600
11945	8353.000
11965	8355.300
11757	8357.300
11761	8358.000
11809	8361.100
11941	8362.200
11797	8365.700
11945	8372.100
11817	8375.400
11893	8375.600
11949	8378.200
11929	8382.100
11781	8382.600
11897	8382.600
11913	8387.800
11877	8390.100
11777	8390.500
11845	8392.300
11901	8392.300
11809	8393.400
11813	8396.200
11757	8398.500
11841	8398.900
11833	8399.000
11761	8404.200
11925	8405.000
11929	8406.100
11893	8409.400
11941	8411.300
11965	8415.300
11781	8418.100
11757	8423.100
11877	8424.900
11961	8425.200
11805	8429.300
11913	8430.300
11933	8430.400
11889	8430.900
11797	8441.400
11833	8445.100
11781	8445.200
11789	8445.700
11957	8445.700
11965	8446.100
11757	8448.100
11801	8448.800
11873	8449.600
11917	8450.800
11761	8462.800
11841	8466.800
11757	8467.000
11913	8467.100
11765	8469.700
11845	8473.200
11877	8476.700
11901	8484.100
11945	8485.600
11797	8487.900
11941	8489.700
11909	8492.500
11949	8493.100
11933	8494.400
11833	8499.600
11937	8504.100
11777	8504.500
11877	8506.500
11757	8506.800
11925	8507.700
11929	8511.000
11893	8511.100
11961	8511.700
11941	8518.300
11817	8524.400
11945	8527.600
11965	8530.500
11757	8532.600
11913	8532.600
11761	8536.900
11769	8544.000
11961	8544.500
11837	8547.600
11853	8550.700
11845	8551.900
11861	8554.900
11765	8555.900
11757	8560.600
11829	8560.600
11793	8561.400
11797	8562.600
11805	8563.300
11801	8564.100
11913	8564.300
11909	8565.400
11929	8574.100
11789	8575.900
11833	8577.600
11813	8579.000
11957	8582.200
11893	8583.200
11873	8583.300
11901	8583.300
11757	8584.200
11933	8586.100
11845	8587.100
11821	8591.700
11897	8594.000
11941	8596.000
11937	8605.500
11913	8606.300
11949	8609.700
11769	8610.700
11765	8612.600
11793	8621.400
11941	8622.500
11761	8624.800
11925	8633.100
11961	8633.600
11773	8634.900
11861	8634.900
11845	8635.000
11849	8635.100
11957	8637.000
11757	8641.700
11837	8642.200
11917	8644.800
11841	8645.300
11761	8649.600
11789	8650.000
11805	8650.900
11921	8652.500
11797	8653.200
11913	8655.300
11897	8656.300
11961	8664.800
11877	8665.100
11765	8668.500
11945	8673.300
11757	8675.700
11893	8677.000
11913	8682.300
11817	8682.400
11965	8682.700
11809	8685.000
11761	8688.500
11941	8691.600
11849	8696.000
11933	8698.000
11801	8698.200
11793	8698.300
11949	8698.500
11937	8700.200
11757	8700.500
11869	8700.600
11961	8705.100
11833	8709.300
11805	8710.800
11917	8716.700
11873	8720.100
11941	8720.200
11925	8734.400
11781	8734.600
11933	8736.800
11957	8737.700
11773	8739.300
11901	8740.300
11757	8741.000
11809	8741.600
11801	8742.100
11833	8743.300
11857	8746.600
11897	8753.900
11781	8756.200
11817	8756.400
11865	8756.600
11841	8759.600
11793	8759.700
11829	8761.600
11789	8762.100
11769	8767.500
11757	8774.500
11933	8776.200
11913	8779.400
11901	8781.100
11953	8783.000
11809	8783.300
11893	8786.300
11897	8786.300
11757	8791.400
11941	8793.600
11965	8795.200
11761	8795.900
11913	8801.500
11937	8802.900
11805	8803.000
11885	8805.600
11793	8807.100
11845	8809.200
11949	8809.400
11757	8816.300
11817	8820.000
11925	8821.700
11893	8825.600
11793	8829.800
11941	8830.000
11833	8831.700
11797	8832.200
11781	8839.800
11901	8840.100
11957	8843.000
11933	8844.200
11841	8846.800
11913	8847.100
11809	8850.400
11757	8851.400
11889	8851.700
11965	8852.500
11789	8861.900
11917	8864.700
11961	8866.000
11913	8870.100
11877	8870.900
11925	8874.100
11817	8879.600
11941	8884.100
11809	8887.800
11929	8890.000
11965	8890.200
11945	8897.200
11893	8897.400
11769	8906.400
11757	8907.100
11809	8908.900
11841	8909.600
11805	8909.800
11797	8912.800
11877	8913.800
11781	8919.100
11965	8926.200
11913	8928.300
11893	8932.600
11901	8934.700
11873	8938.800
11757	8939.000
11941	8941.200
11805	8942.500
11885	8947.600
11869	8948.100
11961	8951.200
11865	8954.200
11845	8954.900
11965	8958.000
11757	8960.900
11945	8963.200
11793	8968.300
11893	8971.000
11897	8971.700
11841	8974.800
11853	8979.100
11913	8983.100
11881	8986.400
11845	8989.800
11805	8990.300
11857	8995.200
11941	8995.500
11817	9000.200
11929	9008.900
11897	9010.200
11789	9010.600
11925	9015.200
11757	9017.800
11761	9020.000
11941	9021.800
11893	9026.500
11917	9028.700
11769	9029.700
11937	9030.400
11921	9032.900
11849	9036.600
11825	9038.300
11833	9039.500
11801	9039.900
11781	9040.300
11889	9049.500
11925	9050.300
11757	9050.900
11789	9050.900
11785	9051.100
11861	9051.300
11921	9056.500
11933	9056.700
11761	9059.200
11797	9068.100
11901	9068.700
11833	9069.400
11965	9070.700
11953	9081.100
11917	9084.600
11961	9084.600
11805	9085.100
11885	9085.400
11829	9085.600
11897	9093.400
11757	9096.500
11913	9101.900
11925	9102.600
11893	9105.200
11841	9109.200
11845	9109.600
11801	9110.100
11757	9112.700
11793	9117.300
11813	9126.900
11837	9126.900
11765	9129.000
11849	9133.000
11913	9135.400
11797	9139.600
11757	9146.400
11933	9147.200
11781	9148.800
11805	9149.200
11941	9151.400
11913	9152.600
11937	9157.000
11877	9157.900
11929	9160.300
11861	9165.500
11757	9166.800
11897	9167.000
11941	9167.000
11945	9170.600
11809	9176.600
11965	9183.600
11893	9183.900
11761	9184.800
11757	9186.700
11897	9189.300
11917	9192.100
11941	9195.800
11797	9200.100
11849	9205.100
11757	9207.700
11933	9207.700
11789	9213.800
11833	9214.100
11865	9215.700
11761	9216.300
11817	9221.600
11945	9223.800
11913	9224.400
11897	9225.600
11901	9228.300
11841	9228.600
11805	9234.800
11761	9246.200
11893	9248.400
11917	9249.100
11757	9253.100
11913	9262.600
11941	9265.300
11917	9271.000
11797	9271.800
11833	9273.500
11761	9275.200
11785	9276.900
11805	9277.500
11949	9286.200
11769	9286.600
11789	9288.300
11957	9291.600
11913	9291.700
11925	9296.700
11757	9300.600
11941	9305.900
11833	9307.700
11893	9307.700
11793	9309.100
11929	9310.200
11789	9320.600
11805	9320.600
11889	9321.300
11845	9321.400
11913	9322.100
11757	9330.900
11953	9331.200
11873	9333.900
11893	9335.400
11965	9335.700
11937	9339.300
11921	9342.700
11941	9342.900
11961	9344.700
11897	9349.600
11797	9350.900
11913	9356.800
11845	9356.900
11801	9358.900
11925	9365.300
11781	9365.600
11757	9366.800
11793	9366.900
11929	9366.900
11893	9373.200
11865	9377.800
11965	9386.000
11761	9388.100
11757	9388.300
11901	9391.600
11945	9391.600
11861	9394.900
11913	9395.100
11885	9395.700
11797	9402.600
11941	9404.300
11917	9411.400
11821	9412.000
11757	9412.500
11805	9416.600
11949	9422.100
11913	9429.800
11937	9436.400
11909	9436.700
11845	9437.100
11961	9447.100
11797	9457.100
11757	9459.800
11853	9463.300
11945	9463.600
11933	9464.100
11833	9465.800
11925	9467.800
11913	9471.100
11805	9474.800
11941	9477.900
11869	9482.800
11929	9485.900
11845	9486.600
11897	9487.200
11757	9489.000
11913	9489.500
11893	9492.400
11921	9501.500
11933	9502.100
11877	9504.900
11901	9506.200
11957	9510.700
11861	9513.200
11961	9513.200
11793	9513.300
11833	9522.800
11841	9525.300
11849	9526.500
11893	9529.300
11785	9532.900
11929	9539.400
11761	9540.000
11941	9542.500
11789	9544.000
11757	9544.500
11925	9544.900
11833	9548.700
11901	9551.600
11817	9552.300
11965	9553.800
11773	9556.800
11945	9560.500
11897	9560.900
11865	9564.400
11801	9564.700
11841	9566.500
11789	9576.300
11797	9582.100
11877	9586.200
11801	9588.100
11769	9589.600
11805	9590.200
11785	9590.600
11765	9590.800
11893	9592.400
11917	9593.000
11913	9604.100
11797	9607.600
11901	9608.600
11833	9609.100
11889	9610.600
11957	9611.600
11965	9614.000
11885	9615.400
11781	9620.100
11921	9621.200
11841	9623.400
11961	9623.500
11877	9629.500
11805	9632.900
11813	9633.200
11809	9634.300
11757	9644.300
11781	9646.700
11797	9647.300
11941	9648.400
11801	9649.100
11933	9649.600
11873	9654.800
11829	9662.000
11757	9663.700
11793	9667.900
11845	9668.300
11833	9673.100
11813	9680.800
11965	9681.400
11941	9686.000
11889	9687.900
11917	9688.100
11901	9688.400
11801	9698.500
11761	9699.100
11953	9699.300
11921	9699.800
11849	9700.600
11769	9700.800
11765	9701.400
11877	9706.000
11893	9709.400
11913	9709.400
11889	9713.000
11873	9713.700
11961	9718.100
11861	9719.500
11797	9722.300
11869	9723.500
11909	9723.500
11925	9728.500
11845	9730.400
11801	9732.000
11757	9732.400
11833	9733.200
11865	9739.600
11965	9744.000
11933	9747.100
11781	9753.600
11913	9754.500
11757	9761.800
11801	9762.300
11941	9763.100
11901	9766.400
11921	9766.700
11933	9768.300
11897	9773.100
11805	9776.200
11809	9776.400
11869	9782.700
11929	9783.900
11757	9784.400
11849	9787.300
11913	9795.100
11945	9795.300
11965	9799.200
11885	9800.500
11757	9811.300
11845	9811.800
11793	9812.900
11877	9813.300
11813	9816.500
11797	9819.900
11781	9820.000
11941	9823.900
11765	9829.400
11965	9830.600
11893	9832.500
11817	9833.000
11849	9837.300
11761	9841.300
11757	9847.000
11797	9849.900
11781	9850.200
11961	9850.200
11861	9851.400
11809	9853.400
11841	9853.400
11793	9855.200
11805	9857.300
11965	9859.500
11817	9867.000
11913	9867.400
11813	9870.400
11897	9871.000
11893	9871.600
11929	9874.500
11757	9875.200
11781	9875.300
11793	9884.200
11789	9888.700
11941	9891.400
11833	9894.400
11961	9898.000
11877	9900.600
11929	9906.500
11845	9907.500
11925	9907.800
11945	9909.600
11757	9910.200
11897	9910.900
11941	9919.500
11885	9923.100
11761	9923.200
11769	9926.100
11833	9936.000
11765	9936.200
11893	9938.200
11793	9943.800
11761	9944.900
11797	9945.300
11965	9947.000
11957	9947.100
11861	9950.400
11941	9956.500
11917	9958.900
11757	9965.200
11833	9970.700
11865	9971.600
11933	9973.100
11913	9975.400
11797	9979.500
11925	9983.500
11945	9983.600
11837	9986.500
11805	9988.100
11869	9990.100
11845	9992.800
11965	9992.800
11757	9997.000
11961	10003.200
11817	10003.700
11865	10004.600
11917	10007.000
11873	10008.600
11797	10010.500
11965	10010.800
11885	10020.100
11909	10020.100
11945	10020.100
11849	10020.800
11893	10021.000
11853	10022.800
11777	10023.700
11789	10030.200
11941	10033.900
11805	10037.500
11809	10038.000
11769	10038.600
11877	10043.400
11761	10043.500
11965	10043.600
11757	10047.600
11797	10051.500
11893	10053.300
11861	10054.300
11789	10061.000
11833	10068.100
11921	10069.100
11957	10069.200
11965	10072.900
11765	10073.100
11805	10073.100
11877	10073.900
11933	10074.000
11961	10074.200
11945	10075.500
11873	10076.000
11901	10079.000
11893	10079.200
11781	10082.500
11813	10089.100
11861	10089.500
11809	10090.700
11757	10092.700
11941	10094.200
11897	10096.200
11793	10102.000
11797	10106.600
11885	10110.400
11765	10116.000
11893	10116.200
11769	10124.700
11841	10124.900
11961	10126.000
11789	10126.100
11809	10126.600
11917	10127.700
11861	10128.000
11761	10128.200
11805	10129.500
11877	10131.200
11793	10132.900
11965	10133.400
11889	10134.300
11869	10137.600
11921	10137.700
11941	10142.500
11933	10142.900
11801	10143.200
11853	10145.800
11845	10148.100
11957	10150.500
11765	10151.000
11925	10151.500
11913	10154.300
11949	10159.600
11953	10162.600
11861	10165.400
11889	10165.500
11769	10167.400
11885	10177.500
11757	10177.800
11961	10179.800
11941	10180.300
11817	10181.100
11865	10183.200
11929	10183.600
11925	10184.100
11893	10184.500
11793	10184.800
11965	10189.400
11765	10194.900
11781	10194.900
11849	10195.100
11933	10197.500
11797	10204.200
11757	10207.300
11805	10208.400
11909	10212.000
11933	10217.200
11913	10217.800
11813	10218.900
11873	10219.000
11869	10219.300
11757	10231.200
11861	10231.300
11949	10231.300
11901	10231.800
11769	10231.900
11833	10237.200
11789	10244.600
11793	10249.500
11937	10251.300
11941	10252.500
11801	10252.900
11757	10254.100
11761	10254.100
11933	10255.000
11921	10255.900
11805	10256.500
11957	10263.600
11829	10266.900
11897	10268.300
11813	10268.500
11873	10269.200
11877	10269.800
11961	10270.600
11861	10270.800
11769	10271.100
11825	10271.200
11817	10281.700
11853	10281.900
11957	10291.500
11757	10292.500
11965	10293.700
11917	10295.400
11885	10295.800
11813	10296.900
11893	10297.500
11921	10305.300
11877	10306.200
11873	10309.400
11805	10310.300
11797	10311.300
11861	10316.100
11785	10317.300
11945	10317.300
11781	10319.900
11893	10321.700
11965	10321.700
11809	10325.700
11757	10326.200
11941	10328.500
11761	10332.900
11805	10335.900
11789	10338.200
11917	10338.500
11877	10344.400
11885	10345.100
11925	10345.800
11817	10354.200
11769	10359.500
11949	10360.200
11793	10360.500
11961	10366.200
11901	10366.600
11953	10368.800
11941	10369.100
11841	10369.300
11897	10369.700
11761	10372.200
11809	10373.800
11917	10375.900
11833	10376.100
11789	10378.500
11801	10383.800
11769	10387.400
11785	10392.000
11805	10396.000
11965	10396.400
11761	10402.500
11941	10403.000
11821	10405.300
11757	10410.900
11917	10421.400
11949	10422.100
11861	10427.600
11845	10427.900
11961	10428.900
11805	10432.800
11765	10437.100
11853	10437.500
11945	10437.700
11913	10438.000
11809	10440.700
11873	10449.200
11965	10452.000
11857	10452.200
11917	10453.900
11885	10454.300
11869	10454.400
11769	10454.600
11801	10461.200
11941	10461.300
11797	10464.400
11861	10465.300
11949	10470.400
11877	10472.700
11925	10474.600
11757	10475.900
11825	10476.500
11785	10478.100
11809	10479.100
11941	10489.500
11865	10491.600
11917	10493.500
11761	10494.800
11757	10495.000
11857	10495.900
11893	10497.000
11937	10498.600
