# NEST version: 3.9.0-post0.dev0
# RecordingBackendASCII version: 2
sender	time_ms
13292	503.000
12612	504.200
13476	504.300
13784	504.400
14700	504.400
13296	504.900
14408	506.900
13636	507.800
13204	508.000
12128	514.700
13188	517.200
13396	517.800
12980	517.900
12800	520.500
14580	534.700
12472	535.600
14396	536.600
13340	537.300
12340	538.800
14276	540.700
12424	542.500
14480	543.300
13060	543.900
14648	545.100
14268	547.500
13600	547.900
14040	552.600
12696	553.800
12600	554.400
13936	554.600
12080	556.500
12704	557.500
13732	558.000
12864	558.400
14464	558.800
13968	562.100
13460	562.800
13084	573.500
13776	573.700
12108	574.100
13196	574.200
14276	574.300
12432	574.500
12648	576.800
12128	579.500
13476	579.700
12940	585.700
14044	585.700
13736	585.800
14036	586.300
14468	587.100
14792	590.300
13552	591.800
14760	591.900
12704	592.000
13696	592.200
14740	592.900
13928	602.100
14668	606.100
11996	607.200
12344	609.400
12668	609.400
12288	609.600
13560	610.000
14724	610.600
14280	611.000
14796	614.500
13636	615.400
13264	620.600
12580	623.800
12704	625.600
13312	625.600
14684	625.800
12448	627.400
13680	628.000
11976	628.600
14840	629.200
14272	629.500
12224	631.800
13660	631.900
12752	635.800
14432	636.000
14836	636.400
12900	637.900
14332	638.600
14568	639.900
13156	640.600
14688	640.700
13196	641.400
13536	646.400
14128	651.400
13336	652.300
13784	652.300
14680	653.200
12140	654.200
12704	654.900
14812	655.300
12944	658.300
12960	659.500
12108	660.800
12624	662.800
12980	665.700
12936	667.500
13264	668.600
12252	670.400
12276	671.600
13548	672.600
12172	672.800
12604	672.900
13292	678.800
12704	680.100
14684	686.400
13928	686.500
13524	687.200
13048	687.700
12236	687.900
14808	688.000
11996	688.600
14548	689.100
13044	689.200
13500	689.500
13776	689.600
13316	690.100
14136	700.100
13692	702.100
13132	703.600
12016	703.900
13560	704.000
12868	705.300
13788	705.700
13824	706.200
14036	706.800
13736	709.800
14820	709.900
12968	710.000
12392	720.300
12268	720.800
14740	720.800
14352	721.500
13476	721.600
14600	721.900
12492	723.000
12704	723.100
12692	724.000
12332	725.800
14348	725.800
14044	728.800
13388	729.000
12980	729.300
13820	732.400
14276	737.700
12712	738.400
12224	739.800
14100	740.300
14320	741.600
14708	743.500
13436	743.800
14476	744.200
13532	748.300
12580	749.400
12616	756.700
12988	760.600
14280	760.900
14580	761.100
12780	762.200
12944	764.800
13988	764.800
13268	765.400
12644	768.300
13232	769.600
12860	770.000
11996	770.500
12232	770.600
12948	777.700
11976	779.800
12624	781.700
12080	781.900
14520	781.900
12180	782.600
14772	782.600
12620	783.000
13300	783.300
14620	783.900
12048	784.900
13336	786.100
12756	792.200
14684	792.800
12596	793.500
13776	794.300
13060	795.200
12120	795.500
12716	796.100
12812	796.200
13312	796.500
13692	796.600
12580	796.800
12296	797.100
12704	808.500
13336	810.700
12824	811.800
13732	811.800
13564	812.500
12032	813.800
12128	813.800
13836	821.200
12500	828.000
12644	829.600
12960	831.800
13012	832.800
13752	836.000
12040	838.500
14376	840.800
13300	843.200
14844	847.100
14648	849.300
12104	849.800
14652	850.400
12140	851.000
12812	854.200
13468	855.700
14312	859.600
13644	863.400
12260	867.800
13300	873.500
12124	876.700
12704	877.400
13060	880.400
14128	881.900
14220	882.100
14548	882.100
13312	882.800
14760	885.800
14188	886.700
13692	886.800
14744	887.700
12924	889.100
12060	889.600
14048	889.800
13148	890.700
13696	892.600
13512	897.700
12952	900.100
12692	900.500
12224	904.400
13012	905.100
12860	908.000
12652	909.100
12580	910.700
13156	913.800
12120	914.500
13732	917.200
14708	918.400
12080	919.300
13896	920.300
13128	921.300
13188	921.600
14268	922.300
13292	928.000
13416	928.400
12940	929.200
13060	930.900
12644	932.200
12756	932.500
12004	932.800
12252	933.600
12012	934.200
14612	935.100
12960	935.700
12344	936.500
14636	936.800
13136	939.800
12780	940.200
13436	940.200
12224	940.900
14788	941.100
14500	941.400
13288	942.100
11976	943.000
14400	951.100
13512	958.800
12380	959.000
14468	959.800
13048	960.200
12588	960.300
12856	960.400
14372	961.600
14396	962.700
13144	963.700
14760	965.200
12704	970.800
14320	971.100
13384	971.400
13136	973.400
13940	973.900
14248	974.000
12444	974.100
14336	974.100
12756	977.300
14580	983.500
12148	984.600
13300	987.200
14040	989.000
12812	989.500
13684	992.100
12960	992.500
12936	992.900
13568	995.500
14620	997.500
14740	1001.100
13012	1006.000
14104	1006.400
14308	1006.500
13396	1006.900
13320	1007.500
14636	1008.000
14420	1010.400
12980	1010.700
13292	1020.000
12232	1024.100
14648	1026.500
13024	1027.100
14280	1029.900
13188	1041.400
14276	1042.400
14420	1044.100
14212	1044.800
14248	1044.900
14504	1045.200
13868	1046.700
13404	1047.300
12820	1048.400
13044	1049.500
12616	1049.900
12984	1051.400
13136	1054.200
14776	1060.800
13340	1062.100
14708	1065.100
13592	1065.400
11976	1071.200
13268	1071.600
13448	1073.500
13232	1073.700
12988	1074.500
13776	1075.200
13784	1081.600
12080	1081.700
12936	1082.000
14204	1082.000
14532	1087.600
14272	1090.900
13164	1092.400
14108	1092.900
12304	1093.700
12580	1093.900
13252	1094.600
14276	1101.100
13736	1101.300
14396	1101.700
14564	1101.700
12456	1103.300
12868	1108.200
12176	1109.300
12224	1110.300
12980	1110.700
12016	1110.800
12920	1115.300
12500	1116.200
12512	1116.700
12120	1122.200
13300	1122.700
12704	1124.400
12372	1126.000
14680	1127.000
12060	1127.500
13056	1130.100
12996	1130.200
13992	1130.300
13408	1130.600
12520	1137.000
13588	1140.800
13732	1142.000
14060	1148.900
12452	1150.000
13496	1151.100
14776	1151.400
12088	1153.200
12344	1158.900
12920	1158.900
12224	1159.200
14400	1160.700
12652	1161.200
12996	1162.000
14468	1162.200
14120	1163.400
14212	1163.500
13944	1165.600
13176	1166.400
14040	1166.800
13836	1169.000
14280	1169.000
12124	1170.400
12668	1173.300
12728	1173.800
14476	1173.800
13776	1174.000
13188	1174.200
13352	1174.400
14488	1175.400
13116	1175.600
14688	1175.600
12656	1177.700
12276	1178.900
13388	1178.900
12480	1179.600
14228	1183.100
13196	1184.200
13928	1184.200
12348	1189.100
13264	1189.100
13012	1193.300
12756	1193.500
12768	1195.700
14320	1196.200
14276	1196.400
14740	1196.700
14496	1199.300
12648	1203.600
13636	1205.000
12596	1206.600
12968	1207.300
14396	1207.400
14016	1211.000
13300	1212.800
14768	1213.200
14620	1213.500
12988	1214.200
14572	1214.500
13212	1215.600
11976	1220.500
12944	1220.800
13056	1224.700
12080	1225.200
12268	1225.900
12424	1228.800
14468	1231.700
12124	1231.800
13300	1234.200
12860	1234.300
13476	1236.600
13836	1237.200
13896	1237.900
14344	1241.400
12448	1246.100
12400	1250.600
13776	1250.800
13044	1252.100
12108	1253.000
14760	1258.200
11976	1259.600
14636	1260.200
12856	1261.400
14020	1263.300
13264	1265.500
13276	1266.500
12924	1267.000
14768	1272.700
14128	1273.600
13300	1274.700
13548	1275.800
13036	1280.000
12580	1280.800
13168	1281.500
13868	1282.600
14156	1282.900
14212	1283.300
12028	1283.500
13320	1283.800
14592	1286.100
12080	1291.100
12440	1299.800
14040	1300.900
13340	1301.200
13976	1302.000
12488	1303.500
12620	1308.700
14400	1312.000
13444	1314.200
14220	1315.100
13516	1315.400
12856	1317.200
14684	1318.100
14320	1318.200
14580	1318.300
12216	1318.400
12976	1319.900
12944	1320.300
14584	1323.000
14312	1325.200
12700	1325.800
13808	1329.600
14380	1331.100
12088	1331.700
13012	1332.000
14396	1333.500
14532	1335.500
13212	1338.600
12704	1339.900
13188	1339.900
13132	1341.200
13136	1341.200
12360	1341.300
13024	1341.400
12664	1343.600
14036	1343.600
12812	1344.000
12644	1344.200
13576	1344.300
13800	1346.200
14016	1346.200
13056	1346.400
14620	1347.700
14536	1352.200
13292	1353.500
12080	1354.800
14708	1355.100
13276	1355.600
12380	1358.300
13656	1363.200
13420	1363.300
13880	1364.400
13684	1365.400
14344	1365.700
12904	1368.000
12704	1369.700
14420	1370.000
13256	1370.900
14312	1371.100
14280	1372.300
13636	1373.700
13132	1379.600
12808	1379.800
13248	1381.200
12444	1382.200
12868	1382.400
13336	1384.800
12608	1385.000
13196	1385.900
13232	1386.000
13148	1386.300
14036	1386.600
12580	1386.800
13600	1386.900
14536	1387.000
13040	1387.300
12848	1387.500
12224	1387.600
12748	1387.900
14708	1388.200
14432	1388.600
13568	1388.700
13512	1389.100
13292	1389.200
14184	1395.700
14572	1398.700
12744	1399.900
12088	1400.400
12048	1401.800
14448	1401.900
12664	1402.200
14688	1402.500
12828	1402.600
12604	1402.900
12944	1402.900
12980	1402.900
12080	1403.200
14488	1403.400
12284	1403.900
12596	1404.400
13800	1418.600
12924	1419.800
12184	1420.300
14204	1420.300
14472	1420.800
14548	1422.200
13444	1422.600
12016	1423.100
14280	1427.000
13564	1433.500
14232	1438.800
14396	1439.300
13064	1439.900
13300	1440.300
14236	1441.500
14756	1441.600
12868	1446.200
14104	1446.900
13908	1448.400
13476	1450.100
12936	1454.300
13284	1455.400
12580	1459.400
12088	1460.400
12864	1461.400
13944	1462.000
13264	1463.800
12704	1465.400
13976	1467.100
14572	1468.700
14636	1469.300
13196	1470.300
14276	1476.200
12900	1480.200
13232	1482.400
14016	1482.800
14128	1484.400
12648	1487.500
12452	1488.300
13660	1489.300
12192	1489.400
13076	1489.800
13676	1490.100
12704	1491.200
12948	1495.200
12280	1496.500
14620	1502.000
14016	1504.200
13352	1504.700
14572	1505.500
13048	1505.800
13152	1506.900
13140	1507.400
13568	1508.100
12472	1511.400
12148	1515.700
12436	1516.100
13024	1517.200
13900	1517.900
13188	1518.900
13224	1519.700
14488	1519.900
13432	1520.700
14520	1522.700
12656	1525.700
12644	1527.100
12860	1527.200
12348	1527.300
12904	1534.600
14724	1536.000
13532	1536.700
13732	1539.400
14212	1539.400
12828	1542.300
14280	1542.700
12740	1543.200
12968	1546.300
12172	1547.500
13136	1549.800
13012	1554.400
14644	1555.500
13928	1557.700
14568	1558.500
13396	1558.600
13316	1560.300
13500	1560.500
14192	1560.900
13148	1561.000
13948	1561.400
13212	1561.800
12196	1562.100
14468	1562.600
13552	1562.800
13464	1564.200
14248	1575.000
14204	1575.400
12940	1577.700
12044	1577.900
12944	1579.400
13376	1579.700
14760	1579.700
13292	1579.800
13400	1579.800
12480	1580.500
12972	1582.100
13132	1590.200
13832	1591.700
14184	1593.500
13196	1593.900
13264	1594.100
12232	1596.200
13940	1596.900
13500	1598.800
13688	1604.700
13784	1606.600
13732	1606.800
12748	1615.500
14580	1616.200
14536	1618.600
12704	1625.100
13076	1625.900
12348	1627.400
12544	1629.700
12612	1630.300
12292	1632.400
13444	1635.000
14072	1635.800
14320	1637.900
12428	1638.800
13196	1638.800
14396	1638.800
12080	1639.100
12424	1639.800
12476	1640.100
12868	1640.700
12856	1641.500
13292	1641.500
14420	1641.500
14580	1641.500
13048	1642.100
14460	1642.100
13144	1649.200
12164	1649.300
13880	1649.300
14788	1649.700
14432	1650.500
12644	1652.200
13320	1652.300
13392	1653.000
14584	1656.400
12704	1656.900
12148	1657.000
14704	1657.100
12924	1658.400
13784	1668.000
13292	1671.200
13920	1671.600
12108	1671.700
12432	1672.000
14740	1672.100
13204	1673.500
13436	1673.800
13724	1674.000
12324	1674.100
13024	1676.600
14388	1677.200
12668	1686.900
12124	1691.000
12380	1691.200
14280	1691.700
12240	1692.200
14620	1692.200
13672	1692.600
13732	1692.700
11996	1692.800
12320	1692.900
14060	1693.000
13060	1693.200
13464	1699.300
13104	1700.900
14036	1707.500
13448	1708.600
14796	1708.900
12748	1710.500
14040	1714.000
12232	1714.500
13928	1714.900
13680	1716.400
14420	1722.100
13624	1725.400
13132	1726.400
14396	1726.500
12828	1726.600
12880	1726.600
13688	1727.700
12160	1731.100
13056	1735.600
13968	1737.200
12980	1738.000
13488	1739.800
13736	1741.400
14156	1742.700
13260	1743.000
14648	1745.400
13140	1749.100
12868	1752.000
13400	1753.600
14016	1754.800
13268	1756.100
12860	1756.200
13936	1757.200
12808	1759.100
13096	1759.100
14844	1763.000
12620	1763.300
12432	1765.200
12704	1766.700
12276	1774.600
14560	1775.000
13828	1775.400
13196	1777.300
13928	1777.800
12704	1780.100
12232	1782.800
12060	1791.800
12624	1794.800
12912	1795.500
13476	1795.700
12128	1803.200
13448	1803.700
12860	1805.300
12172	1805.700
14204	1806.300
13168	1806.600
12096	1807.300
12344	1809.200
14396	1811.400
12268	1811.800
12044	1815.100
13844	1815.100
13672	1815.400
12196	1817.900
12596	1818.000
14724	1824.000
13696	1824.100
12440	1824.300
12772	1826.000
13784	1826.500
12840	1826.600
12852	1827.600
14480	1828.000
12108	1829.100
12060	1829.200
13800	1829.300
12968	1829.700
13276	1835.600
13476	1840.400
12704	1840.900
12868	1841.600
13132	1843.200
12812	1845.400
13568	1845.700
12128	1846.000
13048	1848.300
13532	1849.000
13828	1852.400
12548	1852.700
13416	1857.100
13944	1858.000
14280	1858.400
12148	1858.900
12520	1859.200
13504	1859.800
12980	1859.900
13868	1860.100
12952	1860.500
14420	1860.900
12976	1861.200
13588	1862.900
14496	1868.200
14320	1871.300
12668	1872.900
13296	1875.700
12620	1876.100
12580	1876.400
14396	1877.000
13576	1881.700
11996	1884.900
12704	1891.500
13040	1891.500
13044	1894.000
13264	1894.300
14184	1897.100
14288	1897.100
12224	1897.900
13416	1900.200
12900	1902.100
12080	1904.500
14244	1905.000
12184	1905.700
14212	1908.600
12492	1909.500
12820	1910.200
13896	1918.500
14708	1919.000
13452	1920.600
14568	1924.100
14128	1927.500
14804	1928.100
13184	1929.700
14204	1931.600
13376	1932.100
13136	1933.800
12868	1934.000
13568	1935.100
13732	1935.400
13400	1935.600
13264	1945.500
13476	1946.500
14636	1947.000
12060	1947.900
12080	1951.000
13864	1952.100
13164	1953.100
13292	1953.700
13728	1953.900
14156	1955.500
12936	1955.900
12704	1959.400
13880	1959.600
13624	1959.700
13436	1960.200
13516	1960.800
12344	1967.600
13940	1967.900
12940	1969.900
13696	1970.300
12184	1971.400
13040	1971.700
12560	1973.100
13292	1980.400
12272	1980.600
13024	1980.700
13520	1981.700
12620	1982.800
13604	1983.100
12948	1983.600
14276	1983.700
13056	1987.400
12644	1990.300
14688	1990.400
12128	1990.600
12028	1994.400
14280	1994.400
13772	1995.200
12936	1997.900
14400	2002.800
14648	2003.000
14760	2003.900
13176	2004.000
13828	2004.400
14660	2007.000
14396	2007.100
13012	2008.300
14420	2009.300
13112	2016.600
12440	2016.900
14212	2017.000
12400	2018.000
12404	2018.300
12380	2019.000
12704	2019.700
14056	2019.900
13072	2021.200
11976	2021.500
13940	2023.600
13448	2026.800
13728	2026.800
12620	2027.400
13396	2028.500
12484	2031.300
12144	2032.100
14656	2032.300
13924	2035.200
13332	2035.500
13732	2036.600
12300	2038.800
12016	2039.000
13552	2039.400
12080	2040.000
14592	2040.200
14420	2040.500
13896	2040.600
13312	2040.800
14100	2041.700
13048	2049.100
13444	2050.900
14092	2051.200
13116	2052.500
13968	2053.200
12964	2053.500
14228	2055.800
13532	2056.000
12424	2059.400
13928	2063.300
12080	2063.900
12348	2064.300
12124	2066.200
14024	2069.100
13732	2073.100
13896	2075.000
12952	2075.200
14572	2076.000
14040	2076.300
12972	2076.800
13932	2077.000
11972	2080.600
12704	2083.900
14772	2084.300
13300	2085.500
12856	2086.600
14036	2087.100
13136	2088.300
12448	2088.600
12188	2089.100
12160	2089.600
14580	2091.900
13560	2096.300
14644	2097.500
13176	2098.200
14320	2098.400
13268	2101.200
12120	2102.400
12980	2104.200
12500	2104.800
12936	2105.200
14236	2105.200
14016	2105.800
13024	2105.900
13144	2109.000
14252	2114.700
12232	2116.100
13256	2121.500
14604	2121.900
12648	2122.100
13012	2122.700
13476	2129.600
12704	2130.700
14276	2130.700
14420	2130.800
14280	2131.300
12108	2131.400
12624	2131.800
13136	2134.800
13928	2137.800
11976	2138.400
13436	2140.800
14040	2141.600
12768	2142.200
12080	2143.800
12880	2143.800
13280	2148.400
14000	2149.000
13512	2159.900
14680	2160.800
13340	2167.200
12084	2167.500
14092	2168.200
13476	2168.400
12744	2168.700
12124	2168.800
12968	2168.800
12972	2169.000
14420	2169.300
13104	2169.400
12380	2169.800
12644	2171.200
13504	2172.300
13316	2177.600
12344	2185.000
13320	2186.800
13708	2188.100
12936	2189.800
12656	2189.900
13340	2196.200
13516	2196.300
12220	2196.800
13276	2197.300
14320	2200.100
13144	2204.100
12620	2205.100
12944	2205.600
13920	2206.100
12180	2207.600
12516	2208.100
12772	2208.600
14396	2209.500
12276	2212.800
14040	2212.900
13012	2220.000
12856	2223.400
13512	2223.900
12936	2225.400
12008	2226.500
11976	2229.400
14740	2236.800
13548	2237.400
14592	2237.400
12348	2237.700
12340	2238.000
12704	2239.700
14420	2239.700
12764	2241.800
14280	2243.400
12332	2244.300
14644	2244.800
12668	2245.300
12620	2249.600
12128	2255.800
13996	2260.200
12400	2260.400
14480	2261.600
14396	2265.900
12712	2267.300
12580	2268.300
12040	2271.400
14652	2280.100
12704	2280.300
13456	2281.600
13500	2282.200
13944	2285.300
13136	2285.400
13320	2285.500
14744	2285.900
13476	2286.000
13588	2286.000
14680	2288.600
14644	2304.600
12300	2304.700
12852	2305.400
12080	2307.000
13684	2314.100
12376	2314.300
13568	2314.400
13732	2316.000
14580	2316.800
14604	2317.000
13444	2318.100
13044	2319.300
12348	2319.700
13132	2319.800
13260	2320.200
14672	2321.200
13516	2322.000
14320	2324.200
14248	2324.700
12224	2331.800
14276	2332.600
12980	2337.700
14392	2339.300
13116	2339.500
13228	2339.700
13184	2341.100
12692	2347.900
14592	2349.200
11976	2353.100
14676	2353.600
13732	2358.100
14388	2365.200
12312	2365.800
14824	2368.300
12016	2368.800
13476	2369.100
13776	2369.600
12840	2371.000
12348	2371.900
14528	2371.900
12276	2372.000
12960	2372.000
13560	2372.400
14568	2373.200
13060	2373.500
12080	2384.900
13448	2392.000
13600	2392.000
14572	2392.500
13732	2392.600
13084	2393.200
13264	2393.700
13932	2404.800
12952	2408.200
14276	2412.000
13576	2412.400
13972	2413.000
12704	2420.100
13420	2421.400
14684	2421.400
12028	2421.900
13968	2422.000
13392	2422.400
12940	2422.500
12980	2423.400
12752	2423.500
12140	2427.500
12868	2427.500
13048	2429.000
13996	2429.100
13728	2431.100
13300	2431.600
14320	2435.400
12856	2436.500
12080	2439.200
14072	2439.200
14572	2439.900
14212	2440.100
12936	2441.300
13588	2441.700
13060	2441.900
13568	2442.200
14252	2442.200
13148	2445.200
12108	2447.200
11972	2451.600
12716	2452.800
12944	2453.900
14100	2454.200
14128	2454.300
12800	2456.800
12692	2457.900
12216	2458.000
14632	2458.900
14356	2459.200
13256	2459.400
12688	2460.400
12108	2460.500
14700	2461.200
13496	2462.600
12808	2464.200
13564	2465.600
12232	2467.100
13784	2469.700
12980	2470.000
13788	2473.600
14568	2473.800
14248	2474.100
13576	2477.200
13968	2478.000
12080	2478.100
14488	2480.700
12108	2481.100
14332	2481.900
14796	2488.600
13384	2488.700
13348	2490.900
12088	2491.100
14292	2492.300
13608	2497.400
13768	2501.700
13232	2504.400
13400	2505.500
13320	2506.300
12712	2507.000
12872	2507.800
12604	2508.800
12276	2509.000
13332	2509.300
14580	2510.300
13684	2512.400
13828	2512.700
14644	2521.000
12296	2522.800
13728	2523.900
12148	2524.600
12592	2526.500
12704	2528.400
13012	2528.500
12528	2528.900
12016	2529.700
13844	2532.000
13784	2532.900
13292	2533.500
13532	2534.000
14060	2535.600
12900	2536.400
12224	2539.500
14268	2540.400
13516	2542.200
13220	2543.100
12108	2543.300
14396	2545.700
12972	2546.400
12868	2546.600
14632	2550.700
12276	2551.100
12224	2561.600
12704	2562.000
13672	2562.300
12348	2562.800
12896	2563.100
14172	2563.200
13048	2563.300
12960	2563.400
13136	2563.700
14276	2563.800
14040	2564.500
12144	2566.700
12476	2569.300
12216	2571.900
12232	2571.900
13776	2575.300
12472	2577.700
14620	2578.200
12344	2579.000
13184	2579.000
13660	2579.100
12940	2579.400
12948	2579.800
12968	2580.100
12704	2584.000
12044	2587.400
13384	2588.500
13448	2589.400
12340	2592.800
14280	2593.100
11968	2595.900
13444	2596.300
12288	2596.600
12944	2597.400
13464	2598.300
13048	2598.500
12908	2598.700
14516	2600.500
13732	2602.500
12080	2602.600
12820	2604.000
13620	2604.200
13148	2606.100
13752	2608.100
14276	2615.100
12452	2615.300
14320	2615.500
12672	2616.100
13384	2616.200
14268	2616.500
12772	2619.600
13784	2620.700
14844	2623.800
14796	2627.500
14724	2629.400
13400	2629.700
12080	2630.200
13188	2630.600
12812	2633.300
14536	2633.300
14116	2635.800
13496	2639.300
13320	2641.100
12256	2641.900
13896	2644.900
12648	2645.700
13732	2647.900
14260	2647.900
13832	2648.100
12844	2648.700
14080	2649.000
14220	2649.900
12704	2653.300
14740	2655.400
13384	2658.300
13292	2658.500
12188	2659.400
14204	2660.900
13756	2662.900
13624	2664.800
13136	2665.400
12068	2665.500
12644	2666.500
13116	2666.500
12348	2666.700
14372	2666.700
14400	2667.000
13968	2668.000
13936	2668.100
14156	2668.800
14480	2668.900
13516	2669.600
12620	2670.000
12896	2671.200
11976	2671.600
12936	2671.800
12860	2676.000
13148	2676.500
14840	2681.200
12516	2684.500
14268	2684.800
12400	2684.900
13576	2686.300
14312	2687.800
12948	2688.300
12600	2688.500
14420	2689.100
12088	2689.200
12340	2689.400
12936	2690.600
13224	2693.300
14320	2693.900
13188	2694.100
13024	2694.500
12292	2694.600
12252	2695.400
13232	2695.400
13168	2701.800
14592	2703.200
14652	2703.800
13468	2705.000
12672	2706.300
12704	2706.800
13588	2706.800
12288	2707.200
13784	2707.600
12080	2707.900
14576	2708.000
14776	2708.000
12108	2708.500
13340	2709.600
13940	2714.100
13244	2716.900
12860	2717.000
14280	2719.100
14740	2720.800
13392	2722.000
12820	2724.000
14204	2725.300
12016	2727.400
12380	2731.900
12224	2732.300
12148	2737.200
14572	2737.300
12616	2739.700
14260	2740.000
13336	2740.700
14476	2741.200
14408	2745.100
13568	2747.500
13420	2748.500
14328	2749.600
13832	2750.100
12960	2750.400
12744	2752.000
12108	2754.200
14532	2755.100
12464	2755.900
12048	2756.000
13292	2756.100
14204	2756.300
14760	2756.500
12164	2756.700
13828	2756.900
13176	2758.200
12944	2758.500
13348	2759.300
14468	2764.400
12412	2769.300
13416	2770.200
14276	2770.300
13520	2775.300
13144	2776.000
14396	2777.900
12920	2778.000
14420	2778.300
12224	2778.600
12860	2779.700
12120	2780.300
12444	2780.300
12448	2781.200
13972	2784.700
13256	2785.000
14792	2785.300
13292	2790.000
13012	2791.100
13284	2791.200
13476	2791.700
13228	2792.000
12080	2794.500
13828	2795.400
14464	2795.900
12172	2796.000
13524	2802.600
11976	2804.400
14568	2804.400
13760	2805.200
12712	2805.700
12572	2806.600
12296	2808.100
12968	2808.200
13712	2808.400
14020	2808.500
13056	2808.600
13920	2810.000
12048	2813.100
13104	2815.800
14552	2816.300
14728	2817.600
12820	2819.300
13136	2820.700
12248	2821.400
14100	2822.200
13820	2823.600
12944	2824.400
12088	2824.700
14276	2825.000
13688	2825.400
14648	2825.500
12656	2825.900
13732	2826.100
14060	2826.200
14632	2826.400
11968	2826.500
12108	2828.100
13500	2829.200
12124	2829.900
13336	2831.600
12044	2832.000
13400	2835.000
12972	2840.400
13676	2840.900
12868	2841.000
13488	2841.600
14040	2842.400
13232	2846.100
14648	2852.500
13292	2857.000
12344	2857.200
12980	2860.900
12748	2861.200
13504	2861.300
12940	2861.500
14536	2861.700
13568	2864.600
13124	2867.000
12412	2868.300
14724	2868.600
13928	2871.300
13512	2871.400
13140	2873.700
14132	2876.900
12692	2879.700
14656	2879.900
13488	2880.200
12932	2881.100
14276	2881.700
13056	2882.800
12744	2883.400
13404	2885.800
14376	2887.400
12924	2888.900
13264	2891.900
12340	2893.900
12628	2896.000
12580	2896.900
12712	2897.300
12512	2897.400
13024	2909.800
12044	2910.000
12704	2910.500
11976	2910.600
12428	2911.200
13276	2913.800
13292	2914.100
14680	2914.100
13588	2914.500
12484	2914.900
12440	2921.400
13672	2924.400
13924	2924.400
12492	2924.900
12060	2925.900
13340	2926.300
14536	2926.300
13732	2932.700
13336	2933.700
13384	2934.200
12704	2934.400
13752	2935.300
12080	2936.000
13476	2936.800
13516	2938.500
13492	2939.100
12256	2940.200
13232	2940.600
14320	2941.700
13432	2941.800
14284	2943.800
12504	2944.000
13600	2945.800
12232	2946.700
12128	2948.800
14336	2957.800
14332	2958.500
12748	2959.000
13380	2959.500
13340	2976.300
14536	2979.500
12800	2980.800
13532	2980.900
13132	2983.000
13732	2985.700
14644	2986.300
12648	2988.100
12980	2989.300
12944	2989.800
13696	2990.900
12044	2991.000
12704	2991.300
12948	2992.000
12644	2993.200
13048	2993.500
14248	2993.500
12624	2993.700
12824	3001.500
13928	3002.200
12724	3005.000
14128	3005.600
12068	3005.800
12924	3006.100
13316	3006.100
14040	3006.200
13144	3006.500
12148	3006.600
11976	3008.300
13924	3008.600
13540	3009.200
12060	3009.300
12980	3011.700
13024	3017.000
13320	3022.900
13476	3023.000
13568	3023.800
14004	3024.100
13012	3024.200
12016	3024.600
14268	3025.100
12944	3025.600
14272	3027.900
14580	3028.500
13524	3029.000
13224	3030.500
12496	3033.900
12800	3034.300
14488	3034.500
14620	3035.600
14840	3038.000
13388	3046.400
12256	3047.600
13976	3047.900
13212	3048.800
12580	3050.300
14040	3051.000
12704	3058.200
13356	3060.300
13568	3061.700
13776	3062.100
14532	3063.400
13572	3064.600
12796	3066.000
12644	3068.000
12940	3069.800
13136	3072.300
12348	3072.800
12372	3073.600
13624	3074.400
14844	3074.400
14520	3075.000
12868	3078.200
13532	3078.300
13124	3079.700
12080	3079.900
13292	3081.300
13984	3081.900
13560	3082.800
13012	3087.400
14760	3087.400
13112	3090.100
13384	3091.000
14468	3095.400
14320	3095.600
12520	3096.200
12828	3096.600
13080	3099.200
13844	3100.300
14128	3101.200
14008	3102.100
13292	3102.300
13136	3104.700
12704	3109.600
12716	3117.900
14480	3118.300
12712	3119.200
12048	3121.500
13940	3123.200
13512	3126.300
12668	3126.400
12216	3126.600
13320	3126.600
13340	3130.600
13044	3131.000
12840	3134.800
13960	3135.000
12980	3137.500
14536	3138.800
13732	3141.700
13984	3141.800
12848	3142.400
14128	3142.600
14108	3146.100
13136	3153.200
12904	3153.600
13388	3155.300
13188	3155.700
14136	3156.400
14060	3156.700
14048	3158.500
13516	3159.200
14168	3159.900
12200	3161.400
14844	3166.600
14212	3167.300
12124	3168.700
14396	3170.600
14724	3173.400
12088	3173.600
13092	3173.800
13940	3177.000
13692	3177.900
14708	3179.000
12976	3179.300
14680	3180.500
11976	3182.300
12060	3183.200
12620	3183.800
13456	3185.100
14808	3185.700
13060	3186.900
14040	3186.900
14172	3187.200
12224	3187.700
13056	3188.200
12080	3191.700
13292	3191.900
12380	3194.300
12300	3194.900
13444	3199.600
13132	3200.100
12148	3203.300
13652	3203.500
14376	3204.100
14184	3204.600
12868	3205.800
14400	3205.800
13492	3207.600
14004	3207.600
12960	3207.700
12344	3216.900
14280	3217.400
13928	3218.600
13284	3218.700
12072	3220.000
13060	3220.200
13272	3221.700
14680	3225.600
13184	3228.700
13456	3229.400
13688	3229.900
13132	3230.100
12144	3230.600
14420	3230.900
14396	3231.000
13568	3231.400
14040	3239.700
13196	3240.000
12896	3240.300
13476	3240.500
13056	3241.000
13244	3241.200
12040	3242.000
13148	3242.800
13044	3243.300
13140	3244.700
13416	3246.100
13400	3247.100
14388	3247.400
12360	3248.000
13292	3248.600
12124	3249.900
12644	3252.100
12756	3256.900
14104	3257.800
13144	3258.300
14420	3264.800
12140	3265.100
13080	3268.000
14500	3270.700
12668	3276.900
13180	3277.500
12476	3281.100
12188	3281.600
12936	3282.600
12648	3283.100
13276	3284.400
12344	3292.900
13928	3294.300
13864	3296.300
12644	3299.300
13300	3299.300
14004	3299.300
13548	3299.800
14532	3299.800
12704	3300.000
12536	3300.300
14580	3301.200
13504	3305.600
12392	3308.200
12980	3309.100
12744	3314.400
13880	3315.100
12648	3315.300
14640	3315.800
13284	3316.800
14620	3317.000
14548	3318.100
12748	3319.700
12704	3321.400
14424	3321.900
12812	3322.800
13908	3323.400
12756	3328.100
14696	3328.600
13864	3332.300
14812	3332.700
13476	3335.300
13264	3335.500
13796	3335.500
12060	3339.700
14472	3342.100
14320	3342.700
12940	3342.800
14236	3344.600
13144	3344.800
12344	3345.100
12580	3349.000
13136	3350.000
13276	3350.100
14636	3350.800
12776	3351.700
12276	3351.800
13672	3352.800
13728	3361.500
13516	3361.700
13060	3362.500
14744	3363.600
12340	3363.900
12716	3364.800
12780	3367.100
13512	3367.700
12404	3372.700
12620	3372.700
12616	3373.400
11980	3374.700
13936	3376.500
12644	3379.200
12856	3379.300
13132	3384.100
12088	3389.500
13292	3391.900
14548	3392.000
13864	3392.100
12916	3392.300
14192	3392.600
14356	3392.700
12444	3393.100
12672	3394.900
13704	3403.700
13012	3405.700
12232	3409.500
13880	3409.700
12668	3411.000
14432	3411.300
14004	3411.900
12108	3412.000
13496	3412.000
12032	3412.100
13820	3412.400
13520	3412.600
14604	3412.900
12936	3415.100
13428	3428.700
12580	3429.300
12060	3429.900
14176	3430.000
13292	3432.200
13928	3432.400
14248	3435.900
12120	3436.700
13924	3436.800
12704	3437.100
13196	3437.300
13680	3437.400
12588	3437.600
13056	3441.200
13060	3441.900
13168	3447.800
13880	3449.600
13276	3450.200
14400	3450.300
14072	3453.600
12868	3456.100
14040	3456.600
14772	3457.000
13112	3457.800
14476	3457.900
14152	3458.400
12088	3459.000
14828	3459.200
13636	3460.600
14716	3462.900
13400	3465.300
12592	3470.000
12108	3471.100
14640	3472.900
14612	3473.200
12440	3475.400
12940	3475.600
14620	3475.900
12348	3476.700
14688	3481.200
14336	3485.000
12488	3487.900
13048	3489.500
12600	3489.700
14760	3491.500
14036	3495.400
13012	3497.200
13560	3497.800
12704	3501.200
12080	3506.000
13516	3508.800
13092	3510.900
14572	3510.900
14108	3511.300
14192	3511.600
12232	3514.300
13124	3518.200
13148	3520.000
13696	3520.700
13232	3522.200
13320	3522.800
13680	3524.200
13476	3526.000
13400	3527.600
14336	3528.200
14580	3529.000
12144	3529.100
12448	3529.100
14372	3531.000
12896	3532.400
13736	3533.600
12620	3535.800
12344	3539.500
12648	3539.700
13524	3540.200
13960	3541.300
13116	3544.700
12652	3545.000
12088	3549.000
13300	3551.400
12080	3551.700
14276	3551.700
12812	3554.600
13924	3556.100
14420	3556.900
12076	3560.800
13148	3567.100
12712	3567.500
13532	3569.700
14480	3569.700
14536	3571.000
14512	3571.100
14476	3577.200
14372	3579.900
13460	3580.300
12392	3581.100
14036	3581.100
13292	3582.000
13512	3582.800
13516	3587.500
12668	3591.000
12436	3591.100
14744	3591.200
13520	3594.800
14040	3594.900
12108	3596.500
13316	3596.500
13904	3597.700
12772	3598.800
11980	3599.500
12852	3602.200
12704	3603.500
12132	3607.400
13864	3607.500
13156	3608.800
12252	3611.800
12768	3612.700
14744	3614.000
13492	3615.200
12672	3615.300
12744	3615.700
12756	3616.400
14796	3617.700
13048	3618.600
12804	3619.300
12080	3619.900
13012	3620.600
12812	3621.300
12224	3626.400
14320	3628.100
12276	3629.000
12896	3629.700
14284	3631.300
13348	3631.500
13264	3632.400
13128	3633.000
14572	3634.000
14024	3634.300
13496	3638.200
12868	3638.400
12704	3645.200
12432	3647.400
13292	3648.300
14008	3656.600
12944	3657.800
13300	3658.700
13476	3660.800
14260	3662.300
13600	3664.200
14056	3665.000
14268	3665.900
14552	3666.600
12272	3667.100
14548	3668.200
13568	3672.000
12900	3673.000
12232	3674.400
12640	3676.500
12452	3677.800
14656	3677.800
12704	3681.800
13516	3682.800
14424	3683.500
11976	3684.600
13712	3684.700
13896	3685.600
13684	3686.200
14168	3686.500
13248	3686.700
14468	3688.600
13012	3690.100
14476	3694.200
12980	3697.200
12292	3698.300
13828	3698.400
12296	3699.400
14420	3700.100
12652	3700.200
12596	3700.400
14400	3700.400
12624	3700.600
13136	3700.800
13056	3701.100
12620	3701.600
12940	3702.300
13460	3702.500
12844	3705.000
13120	3705.200
12580	3705.500
12936	3711.300
13148	3713.400
12080	3714.800
13244	3716.000
13512	3717.700
12852	3718.500
12048	3719.500
13668	3719.900
12340	3720.300
12968	3720.500
12428	3725.000
13188	3726.900
14636	3728.500
13268	3728.700
13104	3730.700
12300	3734.000
14212	3734.800
13060	3736.500
12756	3737.300
12336	3738.300
12908	3740.500
13924	3743.700
12016	3745.700
13928	3748.300
14792	3748.500
14708	3752.700
14580	3753.800
12348	3754.400
12444	3755.200
14288	3756.700
12812	3756.900
13832	3758.500
13128	3759.000
12288	3762.000
14268	3762.600
13024	3762.900
13684	3763.100
12080	3763.300
14320	3763.800
13772	3773.700
13668	3775.200
13660	3775.300
13320	3775.400
14440	3775.600
13188	3776.000
14220	3776.300
12704	3779.600
12596	3785.600
11996	3787.800
14632	3792.100
14428	3793.200
12712	3794.400
12344	3794.600
14424	3794.800
14684	3796.000
12704	3798.500
14604	3800.300
12652	3803.900
13940	3804.700
14268	3808.100
13292	3808.800
13184	3810.800
14496	3814.000
13148	3814.300
13532	3815.700
13144	3816.300
14568	3816.400
12204	3817.500
13800	3817.700
12088	3818.400
12600	3818.900
13024	3820.800
14420	3823.200
13300	3827.700
13340	3827.800
14204	3829.300
12340	3832.000
12224	3835.600
13060	3836.400
13532	3845.100
14708	3845.200
13524	3845.600
13908	3845.700
14724	3846.000
12140	3846.700
11996	3847.700
12264	3848.500
14276	3849.900
14060	3850.000
14420	3850.200
12704	3850.300
13148	3850.800
14580	3850.800
12288	3851.300
12472	3851.700
13136	3852.000
14344	3853.400
12476	3854.400
12520	3854.700
13512	3856.300
14748	3858.200
12224	3860.300
12492	3861.900
14376	3863.300
12908	3868.100
13348	3868.100
13416	3870.700
13924	3870.800
13928	3872.800
13188	3877.400
14724	3877.600
12772	3877.800
13132	3877.900
12172	3878.100
14396	3886.200
14668	3887.200
12344	3888.000
12424	3888.400
12332	3888.800
13728	3889.100
13012	3893.000
13960	3897.900
14400	3904.100
13736	3904.500
12124	3904.900
13044	3906.600
13232	3906.700
14004	3923.000
13416	3926.000
13444	3926.700
12520	3927.200
12108	3927.300
12756	3928.100
14828	3928.600
14708	3928.900
13220	3929.200
14352	3930.200
14480	3930.200
12584	3934.100
13568	3935.500
14248	3935.800
14792	3937.100
13396	3939.300
14420	3941.700
14768	3944.700
11968	3944.800
13148	3945.000
13264	3946.300
14756	3946.300
12652	3946.800
14488	3948.300
13828	3948.700
14280	3948.900
13316	3950.000
12704	3950.700
12972	3951.200
13476	3953.000
14608	3954.300
14676	3955.000
12812	3957.800
14268	3958.800
13504	3960.900
14572	3961.400
14580	3961.500
12756	3961.800
12580	3962.600
12824	3962.900
14548	3963.100
13132	3963.800
13692	3964.200
12656	3967.200
13516	3967.800
13728	3968.400
13220	3972.600
13340	3974.600
12080	3975.400
12820	3975.500
13752	3975.500
13432	3977.500
12980	3977.600
12276	3981.600
13500	3996.200
13284	3996.800
11968	3997.000
13292	3997.600
12088	3998.700
13476	4000.800
12032	4000.900
12868	4003.500
13512	4004.100
13564	4004.200
11996	4004.400
12980	4005.500
13820	4008.800
12640	4013.800
13272	4017.800
13736	4018.600
13340	4018.800
12644	4020.500
13548	4021.200
12980	4022.800
14532	4022.800
14100	4030.300
14220	4031.200
14808	4031.600
12060	4034.000
13380	4034.500
13320	4035.200
12668	4035.500
12812	4036.100
12072	4037.600
13568	4042.300
13132	4042.800
14204	4044.200
12888	4044.800
12108	4045.800
14420	4047.000
12472	4047.400
12080	4047.800
14620	4048.600
12936	4051.100
13836	4053.000
12696	4057.200
13116	4058.500
11968	4059.000
12944	4059.000
14276	4060.600
13756	4061.600
13476	4068.900
13492	4070.500
14552	4072.700
14060	4073.200
12124	4073.300
13392	4074.000
13524	4074.800
14280	4075.400
14720	4075.700
13916	4076.200
14160	4076.400
13276	4078.800
14724	4078.800
14396	4079.800
14644	4089.300
12712	4090.500
14572	4092.200
14580	4092.700
13232	4095.000
13300	4095.800
12868	4099.200
12960	4103.600
14184	4104.100
13896	4104.400
13292	4108.500
12840	4109.200
12348	4110.500
13040	4117.400
13044	4117.800
12080	4122.800
12008	4123.400
13032	4124.200
12108	4124.300
12936	4124.600
12704	4125.200
13460	4125.500
13048	4126.500
14488	4128.100
14520	4129.500
14260	4139.400
13560	4140.800
13924	4143.000
12980	4144.100
12856	4144.800
13300	4145.000
13176	4146.600
14468	4146.700
14788	4149.100
12684	4150.200
12868	4151.500
14396	4151.800
12060	4152.500
12344	4157.900
12080	4158.000
12440	4159.000
13476	4159.400
11976	4159.600
13696	4161.300
13732	4161.500
13136	4161.700
13880	4161.800
13348	4164.900
13820	4165.200
13996	4166.500
12412	4167.100
13384	4167.400
12780	4169.400
14760	4169.500
14520	4171.400
14680	4171.500
14708	4173.200
12704	4175.200
13152	4176.000
14084	4176.100
14580	4178.100
13432	4178.200
14288	4178.500
13260	4179.700
12748	4185.000
14268	4185.300
14840	4185.500
13060	4185.600
14260	4185.900
13696	4186.000
12856	4186.400
14632	4187.100
12616	4187.400
12108	4187.900
13476	4191.000
11976	4193.500
13944	4195.300
12868	4195.400
13784	4196.400
12264	4196.800
14648	4197.200
14544	4198.900
12296	4199.100
12600	4200.000
14276	4203.400
13896	4204.700
14128	4205.000
13684	4205.400
12252	4205.600
13580	4205.600
12712	4206.700
12980	4212.100
13196	4212.200
14372	4212.300
12756	4219.200
12952	4221.500
14572	4223.600
14760	4224.400
12412	4225.700
12820	4227.200
13080	4234.000
14648	4235.000
13060	4237.000
13272	4238.500
14420	4239.500
12744	4241.400
12512	4245.900
14696	4250.400
13316	4250.900
13264	4253.300
14096	4253.700
13292	4254.900
14396	4258.400
13512	4261.600
14548	4268.600
14212	4268.800
12704	4270.100
12944	4270.200
14040	4272.000
12272	4273.300
13324	4273.500
13444	4273.600
12628	4274.600
13968	4274.600
12644	4274.800
14792	4274.900
13448	4275.000
12456	4281.000
13944	4281.700
14644	4285.700
12672	4286.900
12760	4290.100
12340	4292.500
14620	4296.700
12912	4297.600
13056	4298.800
13800	4299.700
14572	4300.900
12080	4301.000
13148	4304.800
12348	4306.900
12860	4310.300
13316	4312.200
14156	4313.300
11976	4314.100
13056	4316.300
13828	4319.000
13136	4319.400
14636	4319.900
14400	4320.300
13424	4320.500
12852	4321.200
13384	4321.200
14276	4323.300
14688	4324.600
12080	4324.700
13856	4325.100
12216	4326.600
14480	4327.000
13404	4329.000
13380	4329.100
13732	4329.900
14236	4330.700
13292	4337.000
12140	4338.600
12936	4338.800
11968	4339.400
12124	4340.700
12844	4343.600
12868	4344.300
14376	4344.300
12392	4352.700
13476	4353.700
12560	4354.400
14808	4355.500
13768	4356.000
13060	4357.200
12756	4357.300
12644	4357.600
13928	4359.700
12108	4360.000
12592	4360.100
13196	4360.600
14580	4362.700
12944	4363.700
14420	4374.300
14696	4378.200
12288	4378.900
14700	4379.200
14740	4379.600
13044	4379.700
12344	4383.400
13732	4384.100
13776	4384.800
11976	4388.100
12044	4388.900
12232	4390.200
12868	4391.900
14708	4392.500
12744	4392.600
13396	4397.600
13944	4397.700
14372	4399.900
12052	4401.400
12692	4401.900
12908	4403.900
13320	4409.600
13432	4413.100
13192	4416.100
12348	4417.100
12704	4417.500
12256	4419.600
13136	4419.800
12820	4421.100
13476	4424.300
13512	4427.600
12860	4428.400
13152	4429.000
12968	4430.400
14680	4433.900
11968	4434.700
14488	4435.200
12948	4435.700
11972	4435.900
13244	4438.100
14380	4439.100
14004	4439.500
12080	4447.300
14320	4449.500
12348	4449.700
13168	4449.900
13636	4450.300
13320	4450.700
13292	4452.200
12640	4454.400
14468	4455.500
14800	4456.100
13148	4457.000
13156	4458.000
13216	4459.400
12344	4460.700
12340	4461.300
14280	4461.600
12068	4468.000
13728	4469.700
14396	4472.600
12000	4476.600
14572	4476.600
12060	4477.800
12756	4478.000
14268	4478.600
13380	4484.300
14376	4490.900
14312	4493.600
13168	4499.600
13908	4500.600
13048	4502.700
12704	4503.400
12844	4505.700
13056	4507.800
14528	4512.600
14844	4513.600
13444	4513.900
14276	4514.700
13448	4525.300
12016	4526.200
12620	4526.800
12272	4527.100
12888	4528.000
13012	4528.100
13564	4529.200
13148	4529.400
12044	4529.800
13316	4539.600
14272	4539.900
14840	4540.000
12424	4540.100
13436	4544.100
14844	4545.300
14040	4549.700
13320	4552.100
11996	4553.100
14592	4554.000
14648	4557.400
13148	4558.300
12048	4558.400
13024	4563.100
13056	4565.800
13292	4570.200
14196	4571.800
12232	4576.400
13276	4578.500
12692	4585.900
12900	4588.300
14792	4588.300
12432	4590.100
13528	4591.900
13492	4598.400
12272	4601.700
13476	4603.100
12428	4603.200
12628	4603.600
12796	4604.600
13488	4604.800
14480	4604.900
12348	4605.200
12360	4605.300
13212	4605.500
13420	4606.000
13048	4617.400
12484	4618.600
13880	4620.100
13136	4620.500
12936	4620.600
12472	4620.800
14184	4621.700
14016	4622.200
12188	4622.500
12088	4622.700
14744	4628.900
14844	4630.600
14172	4630.900
12804	4631.300
13684	4631.900
14680	4632.000
13492	4634.800
12580	4635.200
14768	4636.000
13060	4636.800
13016	4636.900
11976	4637.100
13568	4637.400
13432	4638.800
12080	4647.400
12188	4648.100
14700	4649.000
13292	4650.600
12088	4652.400
13352	4653.100
13112	4653.900
13056	4654.600
14408	4654.600
14652	4655.200
12060	4655.400
14740	4655.700
14792	4656.400
12868	4656.700
13452	4658.200
13276	4659.900
12128	4660.200
14236	4661.700
13320	4663.300
12960	4668.400
12644	4668.700
14248	4669.500
13776	4670.500
12452	4670.600
14380	4670.700
14644	4671.200
12032	4671.900
12900	4673.600
12428	4673.900
12944	4677.200
13188	4680.800
14464	4682.000
14372	4682.600
13476	4683.900
14572	4684.200
14580	4684.200
12392	4686.000
14688	4687.000
12080	4688.200
13168	4693.300
14228	4694.800
12068	4695.900
14620	4698.400
13960	4702.300
13300	4702.400
13016	4703.000
13268	4705.500
12336	4705.600
13516	4705.700
12644	4708.200
12900	4708.700
14396	4708.900
13292	4710.500
12148	4712.000
14040	4712.600
13980	4713.100
13592	4715.700
14260	4717.200
12300	4717.400
12440	4720.100
14420	4720.300
13276	4724.000
12948	4725.100
14184	4726.200
14340	4726.400
12704	4728.200
11996	4732.200
13020	4733.600
13188	4733.600
13576	4733.700
14172	4733.700
12296	4734.600
13388	4734.700
13456	4736.700
12252	4736.900
12728	4737.500
14276	4740.100
12224	4740.700
12396	4744.900
12164	4752.900
12040	4753.500
13752	4754.800
13128	4755.900
14260	4756.400
13416	4757.200
12080	4757.700
13336	4761.200
12320	4761.600
13536	4764.800
13512	4765.100
13808	4765.700
13060	4765.800
13588	4766.400
13292	4766.700
14708	4769.900
12060	4773.000
12296	4773.200
14580	4777.000
12940	4778.100
12348	4778.200
12996	4778.400
14632	4779.900
12128	4780.700
12868	4781.200
13856	4781.300
12476	4781.800
12236	4782.200
13940	4784.900
13268	4786.900
14212	4789.200
12148	4790.200
12704	4790.500
12920	4792.000
13048	4793.800
13432	4795.300
12780	4797.200
13264	4803.100
12344	4803.200
12124	4805.700
13836	4806.000
13064	4807.700
13400	4808.000
12704	4817.200
14276	4817.200
13012	4818.300
14268	4818.400
14388	4818.800
12628	4820.700
12188	4821.500
13516	4822.900
12340	4824.800
13388	4824.900
14184	4826.700
13060	4834.700
13576	4835.100
13696	4838.900
12420	4839.200
13132	4839.600
14040	4839.600
14396	4841.300
14328	4841.800
13276	4841.900
13636	4842.800
14572	4843.400
13120	4847.100
14236	4850.300
14808	4850.600
14420	4856.700
13320	4856.800
12080	4858.500
12216	4861.300
14700	4861.500
12672	4862.400
13188	4862.500
13692	4862.500
13488	4862.900
14844	4866.700
13316	4866.900
12132	4868.600
12296	4869.500
14468	4871.700
14204	4877.300
13776	4879.100
12648	4882.400
12600	4882.500
14572	4882.700
13516	4883.100
13520	4885.100
13908	4885.300
12124	4885.700
13564	4886.700
14536	4888.000
13132	4892.600
12704	4893.500
14420	4895.500
13292	4895.800
13128	4905.200
13272	4905.800
12972	4906.400
13048	4906.600
13056	4907.200
14388	4907.300
13940	4910.600
13696	4913.600
12860	4914.200
12620	4915.300
12124	4917.900
12012	4918.400
13136	4919.300
14464	4919.500
12224	4922.600
12704	4923.100
12200	4923.600
12980	4925.200
13272	4929.000
12088	4930.500
13564	4931.500
13380	4932.100
14580	4932.900
13624	4934.700
12604	4935.400
11996	4937.600
12392	4937.600
13548	4937.600
12276	4939.000
14376	4942.700
12340	4949.300
13300	4950.700
13488	4953.300
14152	4953.800
12620	4956.800
13292	4957.700
12044	4961.200
14736	4966.800
13900	4967.200
13748	4968.600
12580	4971.400
12848	4972.800
14356	4972.900
14272	4973.500
12736	4977.100
14136	4977.800
13124	4981.400
12288	4982.200
12648	4983.200
12160	4983.500
14284	4983.500
14620	4984.800
13188	4986.900
14276	4987.900
12656	4990.900
14496	4991.400
14344	4994.900
14676	4995.700
13672	4997.200
14688	5000.100
14488	5002.400
12096	5003.800
12336	5003.900
12900	5004.800
13048	5005.900
13384	5005.900
12300	5006.600
12400	5007.300
13820	5008.800
13264	5010.500
12940	5010.800
12692	5011.100
12920	5011.300
12580	5012.700
13336	5013.400
12108	5013.800
13728	5014.300
14844	5014.500
13320	5015.300
13488	5019.300
13676	5020.900
14004	5026.200
13924	5026.500
12380	5030.500
14732	5036.900
12800	5042.600
12108	5043.000
12852	5043.100
12080	5043.800
13056	5044.800
12352	5047.600
13512	5049.100
12048	5050.000
12716	5051.900
12596	5053.200
13568	5054.100
14548	5054.600
12704	5056.400
14724	5059.700
12968	5061.700
13044	5063.800
13056	5066.900
12604	5070.200
12944	5072.600
12080	5072.800
14708	5076.200
13692	5081.200
13396	5083.100
12124	5083.600
13384	5083.900
13432	5085.400
12512	5085.500
13320	5086.300
12648	5089.200
12644	5089.300
14500	5089.300
13148	5090.700
12024	5091.200
13132	5096.500
14276	5096.900
12756	5097.700
12860	5098.100
13264	5099.700
12148	5100.000
12980	5101.300
13292	5102.200
12008	5103.200
13404	5103.200
14396	5104.000
14036	5111.400
13012	5112.800
14260	5113.900
12768	5115.100
14580	5115.900
13384	5121.200
14432	5121.700
12080	5130.400
12968	5131.000
12944	5131.300
14092	5132.200
14680	5132.500
13276	5132.600
14280	5133.700
14612	5134.200
12456	5135.400
13468	5136.000
12640	5138.500
14520	5143.600
13048	5143.900
12704	5148.300
14488	5148.500
14652	5149.000
12712	5151.300
12612	5152.000
12164	5152.100
12648	5153.000
12124	5153.200
14808	5163.500
14276	5166.400
14172	5167.700
12044	5168.600
13760	5168.900
12936	5174.800
13700	5177.300
13568	5178.900
13740	5180.300
12712	5182.600
12160	5183.100
12812	5183.300
13776	5189.000
13928	5189.100
12804	5190.600
13056	5196.400
13532	5198.500
13512	5198.900
13432	5199.500
12340	5200.200
13048	5200.700
12164	5201.300
14276	5203.300
13232	5207.200
12360	5209.200
12704	5211.800
12936	5215.500
13184	5215.800
13276	5218.100
14396	5218.300
14060	5218.600
13732	5219.000
13244	5219.100
12584	5219.200
12224	5221.200
12060	5221.900
12824	5232.300
14468	5234.400
14724	5234.700
13156	5234.800
12980	5235.500
14636	5236.700
12428	5236.800
13828	5236.800
13736	5241.700
12432	5246.000
11976	5246.300
12080	5251.700
13220	5254.000
13732	5256.900
13316	5258.800
13272	5259.100
14480	5259.300
14040	5259.500
12072	5261.300
13400	5262.000
12756	5267.500
12924	5269.600
13436	5273.600
13836	5273.900
14208	5274.900
12704	5278.200
13012	5284.300
13056	5287.400
13300	5288.500
14228	5289.700
13844	5290.500
14088	5290.900
14384	5291.100
14060	5293.100
13588	5293.500
13532	5293.800
13900	5294.000
12448	5303.500
13184	5304.000
13420	5305.100
13768	5305.900
12668	5307.700
12128	5308.100
13948	5308.300
13044	5308.600
13864	5310.000
14592	5310.400
13732	5310.600
12980	5312.200
12336	5315.300
13048	5317.300
14320	5317.300
14812	5318.200
12028	5320.200
12380	5320.200
14180	5323.300
14724	5323.500
12580	5323.900
14120	5324.600
13568	5324.900
12080	5325.200
13084	5327.500
13340	5328.400
13512	5328.500
14708	5328.600
14060	5337.700
14328	5338.400
14580	5339.400
14372	5339.900
13732	5340.100
14048	5344.000
12764	5347.900
14612	5351.400
13888	5352.000
13244	5353.400
13488	5356.700
12156	5357.600
13176	5357.700
13900	5358.100
13248	5359.100
14276	5360.200
13764	5360.500
11996	5367.500
14580	5369.200
14420	5374.300
12736	5375.200
12120	5376.400
13344	5376.800
14400	5376.900
13116	5377.100
14344	5379.900
12704	5380.100
12580	5381.500
13044	5383.700
13736	5385.900
14204	5386.800
14796	5393.500
14376	5394.200
12712	5394.500
13564	5395.800
13384	5396.700
12264	5398.100
14668	5402.200
14564	5402.600
14652	5403.400
14420	5407.100
14580	5407.900
13752	5411.000
14508	5411.600
13336	5412.700
12656	5418.900
12140	5421.400
13116	5421.500
14724	5423.600
12340	5425.100
13212	5426.900
14268	5429.200
12472	5430.600
12760	5430.800
11968	5432.900
14040	5433.100
12800	5437.000
14108	5437.200
14636	5438.000
13048	5438.100
13076	5438.200
14236	5439.900
13568	5440.500
13348	5441.100
12144	5445.700
13492	5447.400
14400	5447.600
12580	5448.800
12080	5449.100
12712	5450.100
14420	5451.100
12852	5452.700
13344	5453.300
13740	5454.700
13292	5461.600
12748	5463.400
13936	5463.900
13024	5464.300
13476	5466.300
12644	5469.300
12344	5471.200
14648	5472.900
14016	5473.500
12348	5474.400
13168	5477.000
13644	5477.700
12352	5482.200
12304	5482.300
13024	5483.000
14260	5483.200
12912	5483.300
13732	5484.200
14004	5484.800
12164	5485.900
13516	5492.600
12232	5495.600
12704	5498.000
12344	5499.100
12148	5499.200
13604	5499.700
13276	5505.500
13504	5506.200
13204	5507.000
12856	5507.100
13416	5508.400
12812	5510.600
14464	5510.700
13164	5511.100
14320	5511.500
12336	5511.600
12940	5511.800
12088	5512.000
13084	5512.100
13132	5512.200
12244	5512.700
12968	5512.800
13776	5513.100
12512	5513.300
13316	5513.800
14040	5518.900
13264	5523.300
12144	5524.500
12948	5527.200
14108	5529.900
12896	5533.000
12592	5533.900
12120	5534.900
12060	5535.100
13012	5535.300
13896	5537.400
13024	5540.000
13136	5540.600
14680	5541.900
12336	5544.900
12252	5545.300
12672	5545.300
14280	5545.500
14636	5546.200
13152	5547.100
13736	5547.100
14276	5547.300
13568	5547.900
13048	5552.600
12008	5552.700
12852	5556.100
14724	5557.400
12944	5558.700
13144	5561.400
12352	5562.800
14248	5565.100
14420	5565.600
13388	5565.800
14060	5566.300
12288	5566.800
12620	5571.000
13712	5572.100
12684	5574.000
13116	5578.400
14536	5582.600
14336	5587.000
13516	5587.100
12312	5587.200
13476	5591.900
13136	5592.000
12972	5592.200
13984	5592.200
14776	5592.800
13292	5593.000
13384	5593.100
12224	5606.400
13632	5606.600
14424	5606.800
14844	5607.300
13116	5607.400
12108	5607.700
13276	5607.800
14756	5608.100
14452	5608.800
13728	5609.200
13284	5621.800
12620	5624.500
13776	5626.500
12580	5626.800
13880	5627.200
14268	5627.200
13588	5627.600
14580	5627.800
12948	5628.300
13916	5628.600
13260	5628.800
13512	5629.300
13212	5629.500
12980	5629.600
14408	5630.200
13384	5630.300
12924	5630.800
14680	5631.300
14276	5633.200
14280	5640.000
13524	5641.600
13836	5643.200
14568	5643.300
14040	5644.900
13896	5645.100
12500	5645.200
13772	5645.400
14552	5646.000
12148	5646.700
12616	5646.800
12344	5647.300
14272	5651.300
14840	5653.400
12800	5654.300
13644	5654.600
13532	5658.500
13968	5658.700
13356	5661.200
13048	5661.700
12704	5666.700
13476	5667.000
13336	5668.500
12580	5671.900
12224	5672.700
13560	5678.600
12900	5678.700
13188	5679.100
12148	5679.400
13488	5679.400
13436	5680.000
12060	5680.500
14280	5680.500
13568	5681.100
13548	5681.300
14308	5681.400
12744	5681.600
12068	5681.900
14320	5681.900
14088	5682.200
14004	5682.500
12080	5682.600
11968	5683.400
12352	5683.700
12728	5686.500
13692	5688.500
14580	5690.500
12952	5695.600
13176	5695.600
13596	5696.000
13116	5696.300
12672	5696.600
14372	5696.700
13368	5700.100
14396	5702.700
13984	5703.300
13336	5708.300
13828	5708.300
13476	5714.400
12580	5715.300
12704	5715.300
12936	5715.300
12108	5715.600
13400	5716.400
12812	5717.600
12080	5717.900
13276	5730.000
12128	5731.100
14212	5731.500
13452	5732.800
13532	5733.600
13228	5733.900
13684	5734.000
14248	5734.000
13416	5734.200
13732	5734.300
12944	5736.800
12864	5743.200
12060	5743.400
14792	5743.900
14572	5748.600
13944	5754.400
12768	5755.200
12644	5760.900
13444	5766.300
12504	5766.600
12624	5767.000
14592	5768.100
12124	5771.400
13496	5775.400
14556	5776.700
13580	5778.300
13928	5779.900
13492	5781.200
12224	5782.100
14016	5782.700
13336	5785.900
12044	5786.400
11976	5792.100
13944	5795.300
13320	5798.400
12016	5803.300
13048	5805.300
12256	5806.300
13012	5807.900
12120	5808.500
13272	5811.500
13548	5815.300
12896	5815.700
13376	5816.000
12764	5816.600
13168	5817.200
12944	5817.800
14288	5822.700
13696	5823.500
12392	5824.800
14320	5828.200
12904	5829.400
13024	5831.600
13736	5834.800
13448	5837.500
13668	5838.000
12672	5841.000
14276	5843.000
12936	5843.100
13680	5843.700
12620	5844.200
12652	5845.800
13508	5846.200
12868	5847.200
14136	5847.300
13476	5848.800
12080	5851.400
14724	5851.900
14580	5852.900
12856	5858.600
12412	5863.500
12644	5863.600
13244	5863.800
13012	5864.300
14804	5864.600
12088	5865.100
13772	5865.200
13292	5874.500
13476	5877.400
12704	5879.600
12976	5879.800
12504	5880.900
14620	5881.400
14336	5882.600
13264	5886.100
12580	5888.000
12108	5890.100
12696	5899.700
12868	5900.100
12148	5903.100
13568	5904.700
12256	5905.900
13348	5906.100
12708	5906.600
12132	5907.000
12936	5910.200
14012	5910.200
12428	5911.000
12580	5912.900
14372	5913.400
12452	5916.600
12352	5918.400
14604	5920.900
13292	5924.900
12704	5925.700
14548	5928.600
13696	5928.900
12480	5930.500
12124	5937.600
13152	5939.500
14672	5939.600
13112	5939.700
13672	5940.100
12892	5942.000
12620	5942.200
13736	5942.700
12748	5942.800
12012	5943.000
13272	5943.600
14280	5946.300
13384	5948.800
12088	5951.100
12780	5951.800
13148	5951.800
14716	5952.100
12868	5954.800
14760	5955.200
12944	5955.600
12580	5955.800
11968	5956.000
12556	5956.400
14320	5960.000
13476	5961.400
14100	5961.500
14248	5963.200
14272	5963.600
13516	5966.300
12640	5966.700
12744	5967.300
13776	5967.400
12476	5970.500
14316	5971.700
14420	5980.300
13096	5980.700
13688	5983.100
12644	5984.900
14352	5985.100
13888	5991.500
13728	5993.900
12084	5996.800
13696	5998.400
11968	5999.000
13644	6001.800
14640	6002.000
14472	6003.800
13136	6012.000
12948	6015.500
14004	6015.500
13568	6016.100
12744	6016.200
13292	6016.300
14180	6016.400
12080	6016.900
13316	6017.100
13732	6023.900
11976	6025.300
13084	6025.500
12796	6026.600
12628	6029.700
14564	6033.700
14708	6034.700
14172	6035.700
12280	6037.800
12848	6041.500
14688	6044.900
13232	6046.500
12872	6046.700
13416	6047.200
14176	6047.500
14636	6048.800
13488	6049.000
13636	6051.700
13588	6055.400
13188	6056.100
14248	6057.500
11996	6058.300
12288	6060.700
12644	6061.000
14844	6065.700
13476	6067.000
14532	6067.100
12124	6070.400
14212	6072.800
12016	6073.600
12448	6073.800
13564	6073.800
14808	6074.300
12704	6075.000
12940	6075.600
12952	6084.200
13176	6088.600
14320	6089.500
12080	6090.600
12436	6090.600
12768	6090.600
14288	6090.600
13292	6091.400
12172	6093.100
13144	6093.200
14380	6095.300
13940	6101.800
12232	6104.100
13276	6104.100
13476	6105.000
14280	6105.300
13972	6105.900
14512	6111.100
12900	6115.200
13588	6117.000
13516	6117.400
13148	6117.700
14040	6119.700
12620	6119.800
13012	6120.300
13764	6120.600
13864	6121.000
13276	6122.300
14068	6122.600
13060	6132.800
14840	6133.300
13944	6134.400
12920	6136.000
13468	6136.400
12692	6139.800
12972	6142.200
14572	6142.800
13696	6144.100
12856	6150.000
12672	6152.300
12644	6154.400
13656	6154.700
14424	6154.900
12284	6155.900
12860	6155.900
12652	6156.400
12980	6157.100
13340	6162.700
13292	6169.700
12868	6171.200
12072	6172.200
12456	6172.900
12824	6172.900
13928	6174.200
13568	6177.300
12580	6181.600
13300	6183.100
13064	6186.200
14684	6186.200
12344	6186.500
13276	6186.500
14280	6187.100
12140	6188.800
12332	6189.500
13460	6189.600
12692	6193.700
13728	6194.600
12940	6196.000
13264	6198.600
12016	6202.200
13680	6205.100
13732	6205.200
12964	6205.500
14408	6207.300
13512	6208.100
12288	6209.100
12704	6209.500
12776	6210.600
13292	6210.800
14040	6219.000
13356	6222.800
13532	6222.900
14228	6224.000
14744	6224.200
12648	6232.900
13732	6236.500
13752	6237.200
12860	6239.300
12940	6244.500
12900	6244.700
13956	6246.700
12580	6251.200
12704	6251.200
14016	6252.800
13940	6253.000
14276	6258.100
13672	6259.300
14628	6265.800
13488	6268.000
14376	6269.800
14744	6272.200
13656	6281.000
13532	6282.300
13264	6283.700
14016	6283.900
13372	6284.700
14644	6285.400
13012	6286.200
14248	6286.400
12948	6288.700
14208	6297.700
12380	6303.200
14760	6304.700
12332	6305.800
13320	6307.900
13464	6312.200
13060	6315.800
13864	6318.700
12048	6319.700
13516	6321.000
12852	6321.600
14212	6321.600
14304	6321.700
13836	6324.700
13488	6326.200
13604	6326.900
13024	6331.700
13532	6332.300
14576	6333.100
13012	6334.800
13292	6335.000
14356	6336.200
13736	6336.800
13448	6337.500
13764	6337.600
14276	6338.000
14568	6338.500
13608	6338.700
12620	6339.300
12764	6340.000
13056	6340.200
12876	6340.300
13676	6341.100
14704	6341.400
12868	6341.800
13072	6345.300
14004	6353.300
13264	6356.600
14632	6357.200
12080	6357.600
14464	6357.600
14724	6357.700
14396	6357.900
12864	6358.400
13740	6358.400
13696	6358.600
13928	6358.900
13148	6359.000
12856	6359.200
11996	6367.100
14280	6369.800
12300	6371.600
13784	6372.200
14580	6373.800
14796	6374.800
12432	6375.000
12008	6375.200
14060	6375.800
12128	6376.000
12920	6376.500
13732	6376.600
13468	6378.200
12704	6380.300
14244	6381.400
13188	6383.500
14488	6387.000
12944	6387.400
12984	6390.300
13268	6390.700
14320	6392.800
13896	6393.200
13136	6397.900
14760	6399.700
12080	6400.000
13772	6400.600
14512	6404.000
14420	6404.400
11976	6404.900
12956	6405.600
12344	6408.100
14464	6411.700
13104	6413.400
13392	6413.800
14708	6414.300
13828	6414.400
13396	6416.600
13740	6417.200
13292	6418.800
14536	6421.400
14036	6424.000
14580	6427.300
14420	6427.400
13300	6427.600
12940	6428.300
13024	6429.100
13696	6430.700
12868	6432.100
14660	6432.700
12908	6436.400
12352	6436.600
13576	6436.800
12748	6440.900
12692	6441.400
12860	6441.500
12580	6445.100
12948	6445.200
14688	6446.500
14448	6453.300
13264	6456.600
12292	6456.800
12296	6456.900
13568	6457.200
14372	6457.500
12704	6458.100
13876	6459.100
13052	6459.900
14128	6469.600
12696	6469.800
13964	6476.400
13292	6476.500
14772	6477.300
14780	6477.300
12332	6480.200
14536	6481.000
11976	6486.200
12124	6493.600
12848	6494.500
13176	6495.400
12336	6495.700
13384	6496.000
14724	6497.200
13776	6500.200
13588	6500.300
12424	6501.100
14744	6501.300
12080	6506.400
12688	6507.300
12276	6507.500
13924	6507.700
12744	6509.100
12644	6509.200
13624	6509.600
12620	6509.700
12140	6512.300
12340	6512.500
13400	6512.900
14684	6524.100
12400	6526.000
13132	6529.100
13568	6536.000
13872	6536.500
14184	6536.800
14016	6538.000
13736	6538.300
13660	6538.600
13712	6539.900
13764	6544.800
12596	6544.900
13156	6549.300
14700	6551.600
13608	6551.900
12536	6553.900
12908	6556.300
14212	6557.300
13060	6558.500
12276	6563.600
13140	6566.800
14380	6569.000
14288	6569.700
13500	6570.300
13340	6570.600
12812	6570.800
12668	6571.600
12140	6572.700
14420	6576.200
14060	6579.700
14320	6580.200
14724	6580.700
13148	6581.100
13920	6581.900
13096	6582.000
12444	6585.100
12380	6588.800
12124	6589.100
13564	6589.600
12856	6590.200
13336	6590.700
12012	6590.800
12044	6590.800
13420	6591.400
13600	6591.800
12704	6592.600
14280	6600.600
14840	6600.900
13732	6602.100
13712	6602.200
12060	6603.000
14308	6606.200
13660	6607.400
12580	6607.500
13212	6607.500
14652	6607.600
14600	6607.700
14740	6607.800
13228	6608.300
13808	6608.300
12640	6608.700
12704	6608.700
13436	6608.800
13828	6611.300
13532	6612.700
12924	6614.400
14268	6619.000
14720	6620.500
14276	6623.900
14648	6626.100
13188	6626.300
13448	6626.600
12712	6627.000
12216	6627.100
14568	6627.200
12376	6628.800
14808	6630.300
14636	6630.400
12960	6638.200
14500	6640.600
13228	6641.600
13488	6641.700
13896	6642.800
14212	6642.800
12108	6643.400
12668	6643.400
13328	6643.400
13396	6643.500
13120	6643.700
13380	6643.800
14008	6643.800
12400	6644.000
13388	6644.100
12840	6645.800
14536	6653.700
12080	6659.500
12344	6663.100
13264	6664.900
13280	6665.900
13548	6666.200
13140	6669.500
14036	6673.400
13112	6674.700
12200	6675.600
12404	6676.000
13800	6677.000
13468	6684.200
13696	6687.700
12704	6688.900
14680	6689.200
12124	6691.500
13420	6692.000
13292	6693.300
13168	6695.500
12432	6700.200
14432	6703.500
13384	6703.900
13024	6704.300
13016	6704.500
14684	6704.600
12352	6705.000
12156	6706.600
12164	6707.300
12196	6711.800
14644	6717.200
12140	6719.000
12580	6720.700
12940	6720.900
13316	6720.900
14280	6721.000
14060	6721.200
12752	6721.800
13176	6722.300
14568	6723.100
12924	6728.800
14732	6729.000
14108	6733.000
13276	6733.100
13268	6735.300
13776	6739.600
14396	6744.600
11976	6745.100
14212	6745.900
12944	6746.100
13188	6746.100
13388	6746.100
12488	6746.300
13012	6750.200
14248	6752.800
12672	6756.500
14320	6756.500
12636	6759.500
13144	6759.700
14040	6761.400
13156	6762.300
12048	6762.900
12276	6762.900
14092	6763.600
13292	6764.100
12224	6766.500
12124	6768.200
13996	6770.700
14408	6770.700
12752	6771.800
14376	6773.000
14380	6773.600
12856	6773.900
12756	6774.400
13112	6774.400
14564	6774.600
12568	6774.900
13504	6775.200
13772	6777.600
12828	6780.500
12936	6781.300
12988	6782.000
13588	6782.800
13832	6783.100
14684	6786.900
13684	6790.500
13496	6791.500
14812	6792.000
13676	6792.600
14180	6794.600
13272	6799.900
12948	6800.500
11996	6801.700
14604	6808.700
13044	6809.700
13320	6809.900
12232	6811.500
13104	6812.700
14580	6813.800
14432	6814.200
12488	6815.000
13388	6824.200
12656	6827.500
12500	6827.700
12584	6827.700
12704	6827.900
12108	6831.200
13604	6834.000
13800	6835.500
14280	6838.300
14228	6840.600
12012	6840.800
13692	6841.000
13784	6843.000
14184	6847.100
13336	6847.500
14236	6849.400
13820	6850.000
13276	6854.100
13732	6854.800
14220	6855.900
12224	6857.200
13588	6859.200
12140	6865.300
12812	6868.500
13148	6869.600
13476	6870.100
14276	6878.400
13272	6879.300
12896	6880.000
13104	6880.400
12496	6881.400
14580	6882.100
12860	6882.300
14420	6882.300
13840	6883.100
13136	6884.600
12352	6885.600
12440	6889.200
12744	6891.100
12300	6891.400
12620	6894.000
13124	6894.000
13184	6895.100
13188	6895.500
12704	6896.200
14708	6897.000
12868	6897.300
12188	6899.100
12028	6900.100
12296	6900.800
13300	6910.800
13012	6912.000
12080	6912.200
12752	6914.100
13924	6915.100
13032	6915.200
12936	6916.800
12108	6919.400
13264	6920.800
14328	6921.500
13532	6928.800
14484	6929.000
12600	6932.600
13396	6932.600
13180	6932.700
12648	6933.600
13184	6939.200
13588	6939.500
12756	6939.800
13148	6940.700
13684	6943.200
13384	6946.500
14732	6948.000
12868	6948.300
11996	6948.400
14516	6949.900
14272	6952.100
13376	6952.400
12656	6952.600
12080	6955.300
13340	6955.800
14700	6956.800
12980	6957.400
13732	6961.600
13864	6963.700
12636	6965.400
14184	6966.300
13516	6966.800
13476	6971.000
14844	6973.200
13024	6973.400
14276	6973.500
12580	6973.600
12800	6973.900
13136	6973.900
13940	6974.200
14340	6977.100
12120	6978.800
13300	6979.500
12860	6980.200
13320	6982.300
13424	6984.700
12080	6984.900
14612	6989.200
13284	6990.000
12648	6991.000
12728	6992.300
12292	6992.600
12856	6996.600
14152	6998.100
14228	6999.700
13520	7000.800
14684	7002.400
14184	7003.900
12812	7007.200
14616	7008.700
14636	7008.800
12340	7011.400
13292	7011.700
12080	7012.600
13716	7016.700
13636	7021.000
12776	7021.300
12960	7021.400
13056	7021.700
14564	7022.000
13692	7023.000
13532	7023.300
14688	7024.000
12088	7026.100
14652	7026.900
12044	7032.100
14844	7032.600
13316	7034.100
12148	7037.700
13288	7039.300
14372	7041.900
12868	7042.800
14840	7043.100
13684	7051.000
14584	7052.000
13148	7055.100
14184	7056.000
13476	7056.300
13220	7057.700
12216	7058.300
12048	7059.000
13272	7061.100
13292	7061.500
14420	7061.500
14212	7062.700
12224	7065.000
13316	7065.800
12288	7066.700
13468	7068.200
13196	7068.900
12644	7070.200
14252	7073.100
13776	7075.400
13708	7075.700
13048	7075.800
13568	7077.700
14708	7077.700
12060	7080.100
12900	7085.000
14320	7091.400
13476	7092.500
12128	7092.600
12920	7093.100
12940	7093.200
13320	7093.200
14272	7093.200
13436	7093.300
12852	7093.400
13256	7094.000
12276	7098.000
12448	7099.400
13496	7102.800
13924	7103.900
14764	7106.200
13144	7106.300
13036	7107.500
14276	7107.500
12856	7107.700
12728	7107.800
14840	7107.800
12016	7109.900
12620	7118.900
12276	7125.700
13364	7125.700
12080	7127.200
12868	7127.600
13400	7127.700
13232	7127.800
12184	7128.100
13300	7128.300
12856	7128.700
14428	7128.700
12588	7130.500
14540	7130.500
14204	7133.900
14420	7134.700
12756	7135.100
13024	7137.900
14004	7140.500
14372	7141.600
13184	7142.000
12704	7143.300
12116	7145.100
14048	7145.200
14060	7148.200
13636	7151.200
14740	7151.700
12712	7151.900
12140	7153.000
12164	7153.400
13048	7156.700
12692	7162.300
12632	7164.300
12968	7165.900
12352	7166.200
13300	7167.800
12668	7168.700
12784	7171.000
13168	7172.900
12144	7175.300
14204	7177.900
13820	7179.000
14248	7181.300
12704	7184.400
13840	7191.900
13300	7192.400
13828	7195.600
12812	7197.200
13588	7200.300
12080	7201.800
14640	7202.600
14048	7203.700
14000	7203.900
12140	7204.000
12112	7204.700
12868	7210.700
12016	7211.800
13512	7213.600
12044	7218.500
14016	7218.900
13120	7219.300
14756	7219.500
11976	7219.900
14700	7219.900
14408	7220.100
12712	7220.300
12620	7220.700
13776	7220.700
13188	7222.200
14788	7224.700
13928	7225.900
14572	7227.600
13012	7228.300
13936	7229.500
12980	7230.300
14464	7230.900
12704	7233.900
14276	7237.200
12424	7240.700
13488	7242.000
14648	7242.100
14036	7242.900
14808	7243.700
12644	7243.800
12936	7243.800
12864	7244.100
12756	7244.700
12224	7245.300
12232	7245.800
14060	7246.600
12620	7249.200
13060	7249.600
12812	7252.300
12960	7253.900
14280	7255.600
13188	7256.500
14408	7259.900
13056	7260.400
13136	7260.600
12060	7261.000
13600	7261.000
14312	7261.800
12468	7262.600
13828	7264.000
13732	7264.700
12480	7267.200
14380	7267.900
12080	7270.500
14176	7271.500
12412	7271.800
14020	7274.200
12704	7275.100
12352	7277.200
12612	7277.700
12128	7279.700
13836	7280.900
13400	7282.500
13588	7282.600
14168	7282.900
12596	7285.300
13340	7285.400
13212	7286.100
13524	7287.400
13436	7287.900
14472	7289.400
13736	7293.100
12108	7296.300
13444	7301.500
14652	7301.600
14276	7303.300
14572	7305.200
14480	7305.300
13316	7308.500
12648	7316.100
12272	7316.600
12696	7317.000
12860	7317.100
14744	7317.100
13248	7317.200
13272	7317.700
14488	7318.000
12080	7318.100
13056	7318.100
14396	7318.400
14540	7318.500
14792	7319.300
13776	7321.600
14100	7322.200
14468	7323.900
11976	7326.500
13928	7326.500
14620	7326.700
13828	7326.800
13800	7327.100
12108	7330.700
14724	7330.800
12704	7332.100
14592	7332.800
14420	7333.200
13520	7333.400
13328	7334.400
12080	7335.400
13188	7336.900
14248	7340.400
14580	7340.900
13896	7345.800
14808	7345.900
13496	7346.500
12744	7347.300
14208	7348.100
12296	7349.300
14268	7353.100
12232	7353.200
13244	7353.200
13444	7354.400
13468	7358.100
12496	7364.700
13152	7365.900
13516	7366.200
13996	7366.200
12868	7366.400
12900	7366.600
14040	7366.800
13568	7368.400
12908	7368.500
14396	7369.300
14280	7370.100
13740	7373.900
13192	7376.200
13732	7377.200
14320	7377.800
14236	7382.900
13176	7383.200
12300	7383.300
12772	7383.300
14060	7383.800
13020	7385.300
12868	7386.400
14688	7386.500
13820	7386.800
13788	7388.900
12480	7395.400
14644	7397.900
12144	7400.200
13456	7400.300
12452	7400.500
13292	7400.700
12692	7402.900
13556	7407.500
12336	7407.600
12528	7407.700
12108	7408.200
12168	7410.600
14420	7414.600
12068	7414.800
12756	7415.800
12148	7416.100
13728	7416.200
11976	7416.700
14040	7416.800
14568	7416.800
13564	7418.300
13628	7425.000
12644	7425.200
13996	7425.500
12704	7426.200
13272	7426.700
13776	7428.000
13444	7428.400
13436	7430.400
12980	7433.200
14100	7433.300
12512	7434.300
14580	7437.900
12780	7439.700
14760	7440.700
12616	7442.800
13836	7443.100
12612	7443.300
13940	7443.500
13224	7446.900
13176	7447.200
14764	7450.500
14320	7451.200
12252	7455.800
12128	7456.200
13424	7457.200
14196	7459.300
12804	7459.700
12756	7463.600
13524	7466.100
13488	7466.600
14060	7467.400
13060	7474.600
13056	7475.000
14228	7476.000
14808	7476.500
14516	7476.900
13752	7480.800
12344	7481.000
13776	7483.900
12776	7484.500
14716	7487.800
13928	7489.000
12860	7489.100
13840	7489.400
12704	7489.800
13496	7491.700
13896	7491.700
12564	7491.900
14376	7491.900
13136	7492.300
14204	7492.800
13364	7494.100
11976	7495.800
14276	7497.200
12812	7499.600
14488	7506.200
13044	7508.400
12128	7510.100
12704	7511.300
12288	7511.600
12088	7512.400
14760	7513.700
13292	7517.700
13708	7520.200
12636	7521.200
14016	7523.500
13476	7524.000
13060	7525.700
14180	7527.000
13196	7528.400
12980	7529.100
14092	7530.100
11976	7531.100
14628	7534.200
14272	7534.800
13392	7536.500
14548	7539.900
13276	7541.700
12188	7543.500
12812	7544.500
12940	7544.600
12860	7545.300
12044	7545.400
12080	7547.700
12656	7549.400
12400	7551.600
14232	7555.300
14212	7556.200
14320	7561.000
12948	7561.200
12852	7565.000
12284	7566.700
12028	7572.900
13116	7575.700
14420	7576.800
12472	7577.800
14036	7577.900
13044	7578.000
12956	7579.100
14452	7579.600
14724	7579.800
12060	7580.300
14276	7584.900
14300	7585.600
14236	7586.400
14756	7586.800
13432	7586.900
13140	7587.000
12032	7588.100
13384	7595.900
12704	7598.700
13880	7601.900
12936	7602.700
13268	7604.800
13552	7606.900
13020	7609.100
13064	7610.000
12348	7610.700
14180	7610.900
13456	7611.300
13424	7612.900
12580	7616.100
13696	7617.100
13364	7618.000
13284	7619.800
14168	7622.100
13016	7622.300
14260	7622.800
13400	7625.500
13124	7627.900
12988	7629.700
12920	7631.100
12620	7631.800
13272	7632.600
12044	7636.100
13940	7639.500
13340	7639.700
13640	7640.700
12392	7640.900
12456	7640.900
13024	7641.000
12644	7641.200
12128	7641.600
12588	7642.500
12432	7644.200
14684	7648.300
12164	7649.000
13432	7649.300
13728	7649.800
14276	7653.500
13732	7661.000
12840	7662.100
12224	7662.300
14580	7662.500
12748	7662.600
12960	7662.900
12352	7665.900
13024	7676.600
14816	7676.900
12780	7678.500
13048	7679.100
12476	7679.300
13492	7680.000
13292	7681.500
13384	7682.400
12156	7684.700
13896	7687.100
13944	7687.200
14420	7690.800
14604	7692.100
14648	7692.200
14512	7692.500
12140	7693.000
13956	7697.900
14608	7700.700
12860	7702.300
12124	7702.400
12128	7702.800
12712	7703.000
13760	7707.300
11996	7707.900
13060	7708.800
13056	7711.400
12704	7714.100
12044	7716.000
12080	7716.000
13112	7716.500
14700	7716.500
13888	7717.100
14840	7717.100
14280	7717.200
13248	7717.500
14016	7717.600
13188	7718.900
13136	7719.300
14040	7719.700
13048	7719.900
14572	7720.200
13680	7720.500
14088	7720.600
13416	7720.700
14260	7722.200
13768	7724.200
14276	7732.500
13232	7733.000
12744	7741.700
12800	7745.900
14128	7747.900
12752	7749.500
13824	7757.500
12108	7757.800
12080	7758.400
13144	7758.400
12628	7761.300
12144	7762.000
14708	7764.400
14420	7765.000
12016	7765.600
12900	7765.600
12940	7766.400
14656	7767.400
13444	7769.300
13388	7771.600
13276	7774.400
12048	7775.900
12148	7776.400
13700	7777.400
13476	7778.000
12300	7778.600
14040	7779.800
13628	7781.200
14184	7781.200
13188	7782.100
13132	7783.400
14272	7784.300
12860	7784.800
13292	7785.600
12704	7799.400
12620	7800.100
12432	7801.000
12864	7801.500
14212	7801.900
12580	7802.100
12016	7802.200
14632	7805.300
14508	7805.400
12452	7807.300
13908	7807.400
12496	7811.600
12392	7812.600
13732	7813.000
14268	7813.100
12128	7813.200
14636	7813.200
12480	7813.600
14688	7817.500
12844	7819.900
12108	7823.700
12296	7825.600
12824	7826.000
13080	7826.000
12744	7826.400
12748	7826.900
13940	7827.200
13868	7827.300
14040	7827.300
13728	7827.400
14416	7828.000
12380	7828.800
12272	7829.000
14824	7829.600
14192	7829.900
13320	7830.300
13924	7836.900
13448	7842.300
14536	7843.000
13476	7843.600
14760	7844.100
14680	7844.400
12704	7844.900
14420	7847.100
13384	7847.300
14156	7855.400
12948	7856.800
13756	7857.200
12900	7857.700
12252	7858.000
12588	7858.700
14044	7859.900
13372	7861.300
13336	7862.900
12016	7866.900
13052	7869.900
14468	7870.100
12216	7870.800
13944	7870.800
14280	7871.600
13776	7873.000
12044	7873.700
13168	7874.800
14016	7875.300
14372	7876.600
14580	7876.700
13896	7877.300
13024	7878.500
12472	7880.000
12288	7882.700
12652	7883.500
14420	7885.100
14744	7886.700
14568	7891.100
13136	7894.100
12224	7894.200
13400	7894.800
12212	7895.100
14532	7895.500
14472	7896.700
12184	7897.200
13144	7897.600
12808	7898.000
14740	7898.700
12256	7902.300
13432	7911.200
12288	7911.900
14280	7914.200
13320	7915.700
13960	7916.000
14336	7916.200
14420	7916.900
13908	7920.400
12140	7924.800
13188	7925.900
13496	7926.300
12248	7927.900
12044	7929.300
13392	7931.300
12080	7931.600
13668	7932.200
13292	7934.400
12748	7935.300
14100	7943.300
12200	7946.400
13060	7948.500
13316	7949.000
14036	7949.300
12704	7949.500
14212	7955.000
14708	7957.200
13984	7957.600
13800	7958.400
13400	7959.000
14220	7959.900
13784	7960.100
12288	7960.500
13660	7960.700
13032	7961.900
13772	7962.700
14532	7963.100
14632	7963.500
14356	7967.300
12376	7968.300
12868	7974.900
12520	7975.400
12856	7975.900
13048	7975.900
13044	7978.800
14336	7979.600
12088	7979.800
14044	7979.800
14724	7980.000
13272	7980.200
12332	7980.500
13516	7980.500
12080	7981.000
14268	7986.600
12736	7991.700
12704	7995.200
12344	7995.700
13532	7995.700
12048	7998.000
13140	8000.400
12224	8000.500
13136	8001.100
12948	8002.600
14248	8002.900
13188	8003.800
14660	8004.900
12840	8005.100
14272	8006.700
14356	8006.700
12232	8007.100
14184	8007.800
13744	8008.400
14420	8008.400
12252	8009.900
13732	8010.000
13388	8012.900
13516	8013.000
14464	8013.500
13504	8014.200
12932	8014.300
13696	8014.600
12108	8015.200
14684	8015.600
14380	8016.200
12172	8024.800
14212	8030.100
12060	8030.600
13676	8031.700
14636	8033.400
13172	8035.500
13568	8039.300
13500	8039.700
13152	8040.000
14508	8044.800
13048	8045.500
12704	8046.400
12780	8046.700
14420	8048.000
13292	8048.100
12860	8048.300
13340	8048.500
12856	8049.400
14268	8049.500
14104	8054.200
12644	8054.400
12756	8055.200
14276	8056.100
12124	8057.500
13456	8059.700
13116	8060.500
13044	8060.700
12412	8061.200
12100	8063.900
13588	8064.400
14580	8065.600
13232	8066.300
12936	8073.900
12900	8074.200
13292	8076.800
12120	8078.300
14408	8078.500
13512	8078.900
13060	8080.500
12168	8081.000
14040	8082.500
13844	8084.300
12080	8084.700
12448	8084.900
12592	8085.400
12016	8085.500
12856	8086.900
12944	8087.500
13048	8088.400
14648	8089.000
14792	8089.000
13684	8092.100
12972	8093.300
12224	8093.700
12904	8096.200
13732	8097.000
13496	8097.100
12252	8097.500
13012	8098.200
13204	8098.700
13864	8099.100
14320	8099.600
11988	8099.900
14060	8101.300
12580	8107.500
14004	8108.100
13096	8109.100
14784	8111.900
14040	8112.900
13344	8113.200
14644	8114.400
12900	8115.100
13328	8117.200
12812	8118.000
12704	8118.300
12936	8119.800
12216	8120.400
13336	8121.300
12860	8122.900
12340	8123.500
13464	8123.700
14744	8133.000
12748	8133.200
12080	8135.800
12108	8137.000
12616	8137.300
13152	8138.500
12448	8139.100
14448	8139.900
13272	8140.800
13708	8141.300
13548	8143.000
13928	8143.500
14724	8154.600
12964	8155.200
13520	8155.400
13432	8155.800
12812	8156.800
12444	8160.300
13936	8160.300
12088	8165.800
13144	8166.400
13292	8167.900
12988	8168.500
13024	8168.900
13880	8168.900
14544	8172.600
12704	8174.200
12028	8176.200
14236	8176.500
14644	8176.600
13340	8178.100
13552	8178.200
14840	8178.300
14572	8178.900
11976	8179.500
13276	8183.200
12380	8186.300
14580	8187.100
12404	8189.800
13320	8191.900
12400	8193.700
14464	8193.700
14480	8193.900
13392	8196.000
13396	8196.400
11976	8197.300
12016	8197.300
13056	8197.800
14420	8198.000
13292	8199.500
12576	8199.700
14212	8205.700
14760	8206.300
12232	8212.300
14276	8212.400
13732	8212.700
12132	8213.800
12944	8214.000
13148	8214.800
13272	8214.900
12124	8217.000
12012	8217.200
13080	8217.400
12916	8218.400
12360	8218.600
12772	8221.200
13116	8228.300
12704	8228.400
13300	8229.100
12044	8229.700
13184	8230.400
12196	8230.500
12868	8232.600
13960	8235.800
11968	8237.200
12344	8237.200
13944	8238.900
14772	8242.100
13404	8245.100
12564	8247.100
13568	8249.000
14228	8249.100
13748	8249.600
12960	8250.500
12704	8253.100
12936	8258.800
12504	8263.800
12644	8267.700
12080	8269.100
12296	8273.400
13080	8277.900
14276	8278.900
14420	8281.800
12300	8281.900
12264	8284.300
14212	8288.500
12704	8290.200
14724	8295.500
13516	8296.100
12060	8303.300
13776	8304.000
13468	8304.500
14792	8305.400
14128	8306.600
12760	8311.000
14724	8311.400
13256	8312.400
14260	8314.400
13292	8319.200
13012	8319.900
12960	8325.700
14420	8327.200
13840	8329.100
13500	8329.300
12908	8333.900
12108	8334.500
12224	8340.400
13380	8340.400
13836	8341.400
12812	8341.600
14432	8345.700
13696	8346.200
12668	8346.300
14232	8347.200
12080	8350.000
12644	8352.500
13776	8353.800
13688	8355.400
12060	8358.300
14648	8358.900
12236	8361.800
12980	8362.200
13456	8362.800
12128	8365.100
11996	8365.200
12024	8365.200
13476	8366.600
14320	8369.300
12348	8369.500
13112	8370.000
13468	8371.300
12672	8371.500
12780	8372.100
12120	8372.700
12428	8375.100
13600	8378.600
13500	8379.800
12856	8381.400
14204	8383.200
14372	8389.600
13336	8392.900
12972	8393.100
12924	8393.800
13124	8394.300
13144	8395.600
12060	8400.200
12520	8403.700
14788	8404.500
13800	8405.000
13900	8405.600
12768	8406.200
13048	8407.300
13196	8407.500
13320	8407.800
12196	8408.400
13820	8411.900
14536	8413.500
13604	8413.700
12124	8417.300
12704	8417.700
12600	8418.800
13920	8420.700
14268	8422.600
12496	8425.100
14736	8426.200
12492	8427.400
12008	8428.300
14276	8428.700
12776	8429.300
12128	8431.500
14156	8431.600
13768	8431.900
13384	8432.300
12444	8432.700
14724	8433.000
14112	8442.300
14532	8445.000
13044	8445.200
14684	8445.700
12224	8446.200
13776	8446.300
13436	8446.700
14408	8449.000
12760	8461.400
14760	8464.900
12868	8467.000
13320	8468.200
12216	8469.000
12580	8469.000
12032	8470.800
12344	8472.300
12744	8472.300
13436	8473.900
13264	8477.400
14276	8477.800
13444	8481.000
13148	8482.600
12876	8483.000
13272	8483.100
14212	8485.000
13248	8485.700
14420	8486.600
12656	8486.800
14236	8489.800
12024	8491.400
13520	8493.500
14176	8493.600
12812	8494.800
14796	8495.600
12704	8502.700
12340	8504.600
13592	8504.700
13560	8505.100
12736	8505.400
13732	8505.600
13448	8505.800
13476	8506.900
13292	8507.500
11996	8507.600
14844	8508.000
14128	8508.200
12648	8508.400
12400	8508.600
12940	8509.100
13048	8516.400
13456	8516.500
14256	8517.000
12104	8519.300
12396	8519.700
14652	8520.400
14104	8521.200
13624	8522.100
14724	8523.100
13336	8527.800
12012	8529.900
13120	8530.300
12124	8532.000
13024	8532.600
14592	8534.300
12132	8542.000
14212	8543.300
12648	8544.000
13348	8544.300
13148	8544.900
14396	8545.300
14060	8545.500
14172	8545.500
12936	8546.100
12360	8546.400
13592	8547.100
13532	8547.600
12136	8549.600
13116	8559.000
13696	8559.900
14572	8560.100
14196	8562.800
13928	8563.400
13012	8563.600
13136	8563.600
12620	8564.200
12344	8564.600
13740	8567.400
12300	8567.800
12724	8569.800
12820	8570.700
13444	8570.700
12520	8572.900
14652	8575.100
14684	8576.300
12980	8577.300
13732	8577.900
13896	8578.100
12440	8580.700
12108	8581.500
14400	8584.000
13292	8584.200
13776	8584.300
14288	8591.700
14272	8595.100
13736	8596.000
13756	8596.100
13516	8596.200
12948	8596.300
14104	8599.200
14840	8599.900
14040	8603.900
13420	8605.200
12644	8608.700
12828	8610.500
13340	8612.700
13524	8613.400
12340	8615.000
13296	8617.800
12428	8617.900
14180	8629.300
12900	8633.200
12668	8634.200
12968	8635.800
14592	8636.100
13316	8642.000
12704	8642.400
13024	8643.500
12288	8644.100
12080	8646.300
14528	8647.800
14792	8647.800
14808	8648.300
12160	8649.700
14512	8652.200
13268	8653.500
12224	8655.100
13696	8655.200
12440	8656.500
11968	8661.900
12796	8663.600
11976	8664.600
12424	8670.500
13060	8671.100
12372	8676.800
14580	8679.700
13552	8681.800
14508	8682.300
14680	8682.300
12580	8682.400
12980	8682.500
13776	8682.800
14040	8682.900
12800	8683.900
13276	8684.900
13232	8685.200
13388	8685.600
14128	8686.600
14544	8691.600
12604	8693.600
12120	8693.800
14708	8695.800
14500	8696.700
12860	8697.100
13452	8697.400
12780	8697.900
13488	8700.400
13128	8700.500
13984	8703.300
13832	8705.800
12712	8707.400
14464	8709.500
14840	8711.100
13376	8711.700
12936	8715.200
12504	8715.600
12108	8715.800
13112	8715.800
11968	8716.800
12704	8717.900
14344	8718.200
13836	8719.900
14020	8719.900
14700	8720.200
12252	8721.400
13924	8722.100
14376	8725.200
13264	8736.200
12136	8736.900
13024	8737.600
12080	8739.900
13392	8740.300
14576	8741.000
13532	8749.500
12484	8750.200
14632	8751.100
13764	8752.700
14644	8754.100
13084	8754.500
12376	8755.700
14072	8755.900
14572	8760.200
12744	8763.900
13400	8764.300
13292	8765.000
14716	8765.100
14184	8765.300
13900	8765.900
13280	8766.200
14276	8772.600
13496	8774.300
13176	8775.600
14496	8775.600
12856	8777.000
14108	8778.800
14376	8785.000
14104	8785.600
13116	8787.500
14136	8789.400
13840	8790.000
13060	8790.800
12344	8792.500
12148	8794.400
13048	8794.700
13568	8794.800
12564	8795.700
14640	8796.000
12156	8796.100
13456	8797.100
12964	8797.800
13188	8799.000
14248	8801.500
14672	8802.200
13896	8803.300
14120	8805.800
12656	8807.100
13276	8808.400
12080	8808.500
14620	8810.800
13836	8816.000
14128	8819.900
11976	8820.400
13732	8821.100
14420	8823.500
12528	8824.200
13168	8826.200
14496	8828.500
14808	8831.700
12340	8832.200
14692	8833.700
12620	8835.200
13144	8837.100
12804	8838.800
12704	8839.800
12012	8840.300
13924	8841.200
14396	8841.900
12712	8843.600
13568	8847.500
12644	8847.600
12108	8848.200
13444	8851.200
13824	8857.000
12716	8857.400
13156	8857.400
13012	8857.800
12300	8861.300
13352	8862.900
13136	8863.600
14320	8866.300
14040	8866.900
13132	8868.000
13496	8868.700
12592	8872.600
12948	8873.000
13672	8874.600
14480	8877.800
14280	8878.200
14004	8878.500
14420	8879.600
12860	8880.300
12060	8880.500
12944	8881.100
13856	8884.400
12340	8885.100
14740	8885.400
13996	8887.800
13568	8888.500
14780	8888.900
14744	8890.300
13136	8890.400
14708	8891.400
13316	8892.400
12496	8893.600
14552	8894.300
13272	8894.700
12492	8896.400
12768	8896.800
14572	8897.600
12108	8898.300
12672	8898.400
12724	8900.500
13784	8906.400
12704	8906.600
12968	8907.000
13888	8907.000
14452	8908.100
12744	8909.600
12948	8909.900
14536	8910.800
12144	8911.500
12748	8912.300
12580	8917.000
13148	8918.000
13468	8918.300
12980	8920.000
14568	8920.800
14344	8922.200
12056	8922.300
12296	8924.200
14156	8926.400
12976	8928.400
12060	8931.700
12644	8931.900
14520	8932.700
12048	8933.700
13044	8938.600
12088	8939.900
14844	8940.100
13292	8940.800
13328	8943.200
13316	8943.400
13136	8944.800
13568	8945.400
13740	8945.500
13736	8948.600
12648	8950.300
14396	8950.300
13320	8950.800
14276	8954.600
14004	8956.000
12288	8956.900
13696	8960.600
12080	8961.100
14620	8961.300
12804	8962.200
12756	8963.600
14248	8965.700
14724	8966.000
13684	8967.800
13012	8969.400
12344	8971.300
14320	8973.800
12972	8977.000
12812	8977.100
12952	8977.300
14276	8980.400
13232	8981.300
12424	8981.700
13776	8982.800
14464	8983.000
13204	8983.100
12248	8983.300
14840	8984.600
14420	8985.000
12080	8989.700
12148	8989.900
13600	8991.000
13320	8998.500
14528	8998.500
12132	8998.600
13532	8998.800
12108	8999.000
14212	8999.100
12704	8999.600
12344	9001.300
13012	9001.400
14572	9003.900
13828	9006.400
13380	9009.600
14272	9010.200
13688	9010.600
14204	9010.700
12144	9014.800
12940	9015.100
12148	9015.500
12868	9015.600
14060	9018.200
14500	9018.300
12008	9018.400
14568	9019.300
12352	9020.300
12348	9024.800
13732	9026.300
12016	9028.100
13144	9028.600
12772	9030.200
12944	9033.100
13264	9034.400
13148	9034.900
12856	9035.200
12124	9035.500
13132	9036.900
14208	9037.700
12924	9046.300
12224	9051.500
13204	9051.900
13544	9052.800
13532	9053.900
13968	9054.100
13476	9054.500
14844	9055.700
14092	9056.400
13184	9056.700
13168	9062.800
13292	9065.600
13352	9069.200
12016	9069.300
13456	9069.600
12088	9069.700
12468	9069.700
13112	9069.700
14452	9070.200
13088	9072.100
12748	9073.400
13132	9073.600
13504	9076.600
12492	9077.200
14432	9077.800
12980	9078.900
14648	9079.700
12224	9081.500
13820	9081.800
13144	9082.300
12128	9084.100
13244	9084.700
12968	9084.800
12108	9085.700
13628	9086.000
13732	9086.400
13384	9093.300
14592	9098.100
13516	9098.900
14100	9099.800
14396	9100.800
14400	9104.300
12088	9104.600
12456	9104.800
14668	9105.300
12976	9105.600
12644	9108.500
13452	9109.300
14648	9109.600
13292	9112.800
12108	9112.900
14420	9113.100
14040	9113.300
12704	9113.800
12948	9113.900
12972	9114.400
14020	9115.600
12648	9116.000
13436	9117.200
13636	9117.500
13984	9117.700
13136	9123.400
13524	9127.400
12952	9128.700
14408	9129.200
12380	9130.700
13940	9131.000
14060	9131.100
14544	9131.200
14356	9131.800
13092	9148.400
12524	9148.700
12244	9149.000
14016	9150.600
13116	9152.700
13456	9152.800
13532	9158.400
12644	9163.200
13944	9167.600
12060	9168.400
13320	9168.800
14036	9169.800
13736	9171.500
14088	9173.400
13056	9177.000
12012	9179.600
14476	9179.800
13212	9180.000
13836	9185.300
14792	9188.700
14844	9189.200
14292	9190.900
14396	9190.900
13324	9192.500
12412	9195.400
13096	9197.300
12944	9197.500
13548	9197.600
13708	9197.700
14276	9205.200
12516	9207.900
13476	9208.700
14396	9208.700
14420	9208.700
11976	9209.400
12712	9210.500
13136	9210.700
12300	9211.500
14796	9213.300
12696	9217.200
12656	9217.300
12080	9217.400
12276	9221.900
12912	9223.900
13696	9224.900
12108	9225.800
14648	9226.100
13732	9229.600
13400	9230.800
13860	9230.800
13136	9231.500
12704	9232.400
13300	9235.000
12340	9236.400
12288	9238.600
14612	9238.600
12296	9238.800
12184	9241.600
12924	9242.200
13928	9242.200
14792	9243.100
12980	9243.600
12344	9247.800
12536	9248.700
12948	9253.700
12868	9255.500
13376	9257.000
13276	9257.700
14844	9258.400
12044	9259.600
13072	9259.600
13272	9261.900
12856	9262.500
13168	9263.700
14280	9263.800
12496	9266.500
12672	9268.300
14520	9268.400
12648	9268.600
12776	9269.700
12944	9269.800
12584	9271.100
14204	9271.700
13444	9271.800
14616	9271.800
13036	9272.500
14276	9276.100
13476	9287.900
13772	9289.300
14468	9289.400
14320	9290.800
12148	9293.300
14572	9297.400
12900	9298.400
13032	9301.600
13444	9302.800
13588	9314.800
12704	9315.100
12124	9317.000
12804	9320.100
13136	9321.300
14280	9321.400
14680	9321.700
14248	9322.200
14344	9322.300
14472	9322.600
13656	9324.100
13168	9324.200
13488	9331.300
14572	9331.400
12276	9331.700
13056	9332.500
13900	9334.600
13176	9338.700
13684	9339.200
13880	9341.200
14548	9342.300
12080	9344.100
12924	9344.100
14284	9344.700
14376	9346.400
12856	9346.800
14276	9347.400
13384	9350.400
12748	9351.700
12780	9354.000
13444	9355.500
14520	9355.800
12644	9357.900
12828	9358.200
12156	9358.300
13164	9359.300
12276	9359.700
13548	9359.700
12140	9360.500
13148	9362.500
13400	9367.100
12704	9371.500
12080	9372.400
13928	9374.000
12936	9374.100
12428	9374.500
12620	9377.800
14456	9383.300
12752	9387.300
13476	9390.600
14568	9392.200
14280	9392.800
13836	9393.400
14372	9394.200
12144	9394.300
13668	9394.300
13460	9395.400
12276	9396.000
14488	9402.300
12344	9402.400
13276	9403.700
14408	9403.800
14644	9404.700
12124	9406.200
13292	9408.100
13316	9408.100
13012	9409.700
12008	9410.900
12896	9411.400
14580	9411.500
12424	9411.600
13476	9412.300
13984	9415.800
14472	9416.600
13820	9418.300
14040	9419.500
14744	9422.400
12060	9423.000
12224	9423.100
14572	9426.400
14420	9429.000
12668	9434.900
14336	9435.100
13696	9437.100
12108	9439.400
13340	9439.600
13244	9441.100
13144	9441.500
12148	9442.800
11968	9443.000
12640	9443.400
14552	9443.900
11976	9444.900
14396	9445.600
13320	9445.800
12948	9446.200
13256	9449.600
12548	9452.300
14108	9458.600
13092	9458.700
14212	9459.900
14708	9461.000
12704	9463.500
12108	9465.400
13268	9468.200
13060	9468.700
13732	9469.100
14204	9469.900
12156	9470.400
13396	9470.400
13256	9470.600
14060	9472.200
12276	9472.700
12188	9484.000
13780	9486.100
14844	9486.100
13048	9486.600
12704	9488.100
13628	9490.500
12252	9490.800
13196	9491.400
13128	9491.500
13708	9492.500
13984	9493.400
13420	9497.600
14580	9501.300
12124	9503.400
12756	9503.400
12856	9505.100
12980	9505.400
13024	9508.600
13704	9510.700
12936	9511.400
12804	9512.100
13740	9512.900
13864	9513.800
12012	9514.200
12976	9516.300
14520	9516.500
14660	9517.400
14200	9519.900
12944	9524.600
13488	9525.600
14212	9529.100
12824	9529.700
13836	9532.800
13496	9533.300
14036	9537.500
12232	9538.400
12032	9538.700
13908	9539.600
12860	9539.900
13732	9540.100
12080	9541.000
12352	9541.700
13276	9543.500
14372	9544.100
12528	9545.100
13060	9552.500
12472	9553.000
12348	9556.300
14528	9557.300
13024	9558.200
13044	9558.300
13272	9558.900
13316	9559.900
13524	9561.100
13476	9561.600
14744	9561.900
12972	9562.500
12124	9570.600
13444	9571.100
13656	9571.400
12900	9572.000
13896	9573.100
14384	9573.200
12704	9577.200
12448	9578.500
13104	9581.300
12140	9585.300
12772	9588.400
14040	9588.900
14072	9589.500
13420	9589.900
12520	9590.000
13320	9590.600
12968	9591.600
12936	9591.700
14564	9592.300
12012	9592.400
13840	9593.200
13820	9593.900
13292	9597.500
14580	9598.900
12344	9602.000
14844	9608.800
12296	9610.000
13756	9610.800
14592	9611.600
13188	9613.600
13864	9616.400
14280	9616.700
13496	9617.400
13880	9619.300
14344	9620.800
12276	9623.700
13284	9625.100
12112	9625.300
12876	9627.900
13568	9628.700
13136	9628.800
14248	9630.000
12616	9630.300
12252	9630.500
12496	9630.700
13740	9630.800
14572	9630.800
14836	9631.100
14228	9632.000
13516	9632.100
13292	9632.400
13436	9633.100
12856	9635.900
14724	9639.300
12380	9640.300
13932	9645.600
11996	9648.900
13264	9649.100
12620	9652.200
13300	9659.800
14564	9662.600
13132	9663.000
14328	9663.200
14676	9663.600
12060	9668.300
14068	9672.700
13292	9672.900
13024	9675.800
12108	9676.400
12348	9679.400
12668	9681.200
14536	9681.400
14036	9682.000
13400	9684.200
13316	9688.000
13380	9690.200
12704	9693.800
14040	9694.200
14268	9696.500
12644	9697.800
12128	9698.200
13272	9698.400
11976	9699.400
13476	9700.000
14600	9700.500
12016	9701.000
13548	9701.300
12972	9703.600
14260	9706.900
14044	9707.100
13060	9707.200
13524	9709.800
12536	9710.900
12856	9710.900
14228	9713.500
12672	9714.300
13196	9717.300
13340	9717.800
13836	9718.700
12380	9720.700
13048	9721.800
13328	9726.900
13212	9727.800
12900	9728.200
12600	9734.900
12304	9736.700
13768	9743.500
12844	9743.600
13732	9746.500
14672	9746.700
14300	9747.000
13292	9747.100
13272	9747.400
14104	9748.900
12988	9749.100
13176	9750.300
13144	9750.500
12668	9751.000
12620	9751.400
14128	9751.700
12348	9751.900
14680	9752.300
12448	9752.700
13568	9752.700
14788	9755.500
14504	9757.300
14236	9757.400
14592	9758.400
13736	9758.600
12108	9759.200
12740	9763.200
13924	9763.400
12140	9763.600
13756	9764.000
12876	9764.200
13476	9766.800
12624	9770.400
14040	9771.200
13532	9772.300
13340	9775.400
13048	9777.000
14552	9777.500
14280	9780.400
12704	9782.000
14184	9782.900
13764	9783.600
14808	9783.700
14032	9784.100
12336	9784.400
12080	9784.500
14172	9784.600
14268	9785.000
12528	9785.200
13896	9785.300
14740	9785.400
12912	9785.600
12756	9785.800
13272	9789.400
14232	9789.500
14812	9791.400
13292	9794.300
13260	9794.500
12428	9796.000
14136	9796.000
12216	9796.100
12644	9797.300
12876	9798.000
14356	9799.200
13316	9800.400
13248	9800.900
12468	9807.000
14708	9809.900
14580	9812.900
12412	9813.100
13680	9813.200
12088	9813.500
12932	9815.600
13264	9817.200
12456	9819.100
13048	9820.300
13588	9820.600
12620	9830.700
12224	9832.300
12348	9834.100
12744	9834.600
12016	9837.500
13044	9837.700
14520	9842.400
14280	9843.200
12048	9844.000
14480	9846.700
13752	9847.700
14428	9848.400
14248	9848.700
13400	9851.300
11976	9851.600
13512	9852.000
14204	9852.000
13568	9852.900
12644	9853.200
12108	9854.900
14420	9855.200
14064	9855.400
13284	9856.400
13692	9856.900
12936	9858.800
14724	9859.500
12580	9861.800
14772	9865.300
13060	9866.200
12120	9868.500
13204	9869.800
14636	9870.000
12812	9870.700
14040	9872.000
13500	9872.200
13168	9873.300
12932	9874.400
13164	9875.900
12528	9876.000
13412	9885.500
14312	9887.000
13996	9889.600
14680	9890.700
14376	9890.800
13992	9897.300
13276	9898.400
12028	9903.400
12812	9905.900
14724	9908.600
13488	9910.900
13364	9914.400
14004	9915.300
14580	9919.200
14204	9919.600
12868	9919.900
12188	9920.700
12852	9920.700
14396	9920.900
13352	9922.100
12148	9922.600
13736	9924.100
12620	9932.700
13460	9933.300
12900	9934.400
13300	9935.000
14572	9936.600
12080	9937.900
13456	9938.000
14644	9938.000
12120	9938.400
13024	9938.400
13740	9938.700
13136	9944.000
12856	9945.700
13316	9947.000
12924	9953.500
13300	9954.300
14432	9955.900
11996	9956.600
12756	9956.800
14732	9957.100
13532	9957.500
13972	9962.300
14424	9962.600
13952	9964.600
13460	9965.200
12748	9967.300
14580	9968.700
14276	9969.200
12980	9971.000
12276	9974.000
14308	9975.400
13264	9976.600
13576	9982.300
13420	9986.500
13056	9993.000
14756	9993.700
13140	9995.500
13320	9997.700
11976	10003.400
14424	10004.800
12428	10005.700
13836	10007.400
12744	10008.400
14276	10013.200
14568	10021.900
13696	10022.100
12816	10022.400
12120	10022.500
12944	10022.800
14704	10022.900
14648	10023.000
12344	10025.500
12028	10025.600
12868	10027.500
14580	10027.700
14508	10036.100
12704	10038.300
14720	10038.500
11976	10039.500
12080	10040.000
14724	10040.200
14572	10045.300
14248	10045.600
13936	10048.100
12628	10050.000
13600	10050.800
13776	10056.000
12044	10056.800
13500	10057.600
14320	10058.700
12800	10059.300
13388	10061.800
12428	10062.000
13400	10062.300
13532	10062.300
12080	10067.900
13164	10069.600
13104	10070.600
12704	10071.500
12448	10072.300
13996	10072.900
11976	10073.600
13680	10074.400
14184	10077.600
14620	10087.200
12032	10091.700
13060	10093.000
12108	10093.700
14044	10094.200
14648	10094.200
13276	10100.300
12148	10101.200
13396	10102.400
13564	10105.600
14016	10109.400
13944	10110.200
12944	10110.300
14276	10110.300
12348	10110.500
12436	10110.600
13960	10111.000
12712	10111.300
13732	10111.400
12972	10111.800
13940	10111.900
13196	10115.800
14744	10120.100
12016	10121.000
12812	10124.400
14592	10125.000
12432	10126.600
12080	10127.300
14040	10127.600
12464	10127.700
13364	10127.700
12868	10128.400
12756	10129.800
12392	10133.400
13696	10135.000
12776	10135.300
13292	10138.300
13568	10138.600
13264	10141.700
13024	10143.600
13276	10143.900
12344	10144.500
12796	10148.800
13476	10152.900
13300	10153.500
14040	10155.900
12980	10161.400
13420	10162.200
12444	10164.500
14572	10164.500
13588	10165.100
12436	10165.400
13012	10165.600
13384	10165.800
12088	10166.100
12868	10166.500
12900	10168.100
12752	10176.500
13696	10181.400
13144	10182.900
12940	10183.900
13476	10185.600
11976	10186.500
12580	10188.400
12824	10190.800
12624	10191.400
12124	10192.700
14400	10194.000
13588	10195.000
13444	10196.200
13132	10197.700
14236	10198.200
12224	10198.800
12276	10199.100
12444	10206.600
12272	10211.300
14280	10211.300
13320	10211.400
13928	10211.600
13960	10211.800
13996	10219.200
13616	10219.400
13268	10220.100
13776	10220.900
13048	10222.400
12080	10224.600
12644	10227.100
13044	10227.400
14484	10228.300
13532	10229.800
12704	10232.700
13684	10234.700
13320	10235.600
12980	10235.800
13468	10236.200
14580	10237.500
13552	10242.800
13212	10244.200
13264	10247.600
13868	10247.700
12620	10250.000
12008	10251.100
12080	10251.100
13696	10253.500
12664	10253.700
12860	10254.200
14596	10254.300
12828	10254.500
14488	10254.600
13188	10254.800
12944	10255.000
13056	10255.300
12124	10255.700
14044	10256.200
13136	10256.300
13488	10263.200
12992	10266.800
12412	10267.400
13516	10267.800
14568	10268.300
12960	10268.400
13476	10269.000
12224	10269.100
13028	10269.100
13800	10269.500
12348	10269.700
12744	10270.400
11996	10271.400
11992	10271.700
12192	10272.100
14452	10272.500
13880	10275.700
13144	10277.800
12684	10279.600
13396	10281.600
13728	10282.300
14248	10283.600
12452	10287.700
14228	10290.500
12108	10292.500
13300	10292.600
13688	10292.900
14520	10296.700
14572	10297.200
14420	10297.500
13276	10298.300
13292	10303.800
13400	10304.700
12756	10306.000
12672	10306.500
12380	10308.700
14492	10309.200
13436	10309.900
12068	10310.100
12868	10310.100
13164	10310.500
14644	10310.800
12348	10311.200
13708	10311.700
12904	10313.200
14760	10313.200
13048	10314.500
12692	10318.700
13060	10319.900
12900	10321.100
12648	10328.200
12972	10329.200
14724	10329.800
14396	10331.200
12108	10332.800
14648	10333.300
12940	10334.600
13104	10335.000
14040	10339.000
14544	10340.600
14152	10342.200
13712	10342.400
13940	10345.400
14580	10346.200
12592	10346.600
14184	10347.100
13228	10347.900
13372	10348.100
14284	10349.400
12704	10349.900
12324	10350.600
13588	10351.200
14480	10351.700
12756	10356.900
12296	10357.300
13928	10361.300
13292	10362.500
13264	10364.200
12432	10365.100
12996	10365.100
13412	10366.900
14420	10367.700
13156	10367.900
13608	10367.900
13312	10368.100
13056	10369.000
14724	10369.800
11968	10375.900
13732	10377.900
11996	10379.300
13164	10381.300
12704	10381.400
13340	10381.400
13756	10382.300
13044	10384.100
12212	10384.300
13476	10385.400
13112	10387.800
12144	10388.600
14408	10391.000
12224	10392.100
14136	10392.200
13012	10393.900
12504	10394.400
13708	10403.000
13048	10403.100
12976	10405.800
13024	10406.300
12124	10411.100
13500	10411.600
14480	10412.500
14612	10412.600
13564	10413.200
12756	10417.000
12392	10418.400
12216	10420.000
12804	10420.200
14796	10420.500
12636	10420.800
12032	10421.400
13488	10421.400
13136	10422.000
12704	10423.100
14496	10423.700
13264	10424.600
13740	10425.400
13656	10427.200
14312	10427.200
12856	10428.600
12948	10430.300
12780	10434.700
12512	10438.600
13136	10440.300
12124	10446.300
13476	10447.100
13732	10447.300
13532	10448.500
12468	10448.700
14276	10449.500
13568	10449.900
12968	10455.000
14680	10456.700
12900	10461.700
12948	10462.200
14204	10463.500
12704	10463.600
13400	10468.100
13692	10468.500
12216	10469.500
14100	10470.600
14496	10471.200
12980	10471.400
13460	10474.100
12756	10476.000
13060	10476.100
13316	10477.100
13224	10481.400
12080	10488.400
13532	10491.400
12704	10492.100
12736	10492.100
13264	10492.400
14168	10492.400
12644	10492.500
12972	10492.500
13340	10492.500
12432	10492.600
14184	10492.600
13024	10492.800
14844	10493.200
14480	10493.300
12760	10493.400
12144	10493.800
