# NEST version: 3.9.0-post0.dev0
# RecordingBackendASCII version: 2
sender	time_ms
4472	501.100
4440	504.200
4724	504.500
4428	505.300
4168	505.600
4312	505.700
4644	505.800
5276	506.100
4176	506.500
4788	507.700
4412	511.800
4704	516.300
4676	518.300
5256	518.700
5268	518.800
5248	520.000
5128	521.000
4388	524.100
4844	524.700
5144	528.000
5084	529.700
4536	532.700
4320	535.800
5220	537.500
4224	539.200
4660	540.300
4460	540.600
4540	540.800
5192	542.400
4712	542.900
4984	543.600
4676	548.300
4636	549.400
4788	549.900
4164	555.600
4428	558.900
4748	559.100
5188	559.100
5208	559.100
4192	559.200
4908	559.500
4704	559.600
4208	559.700
4836	559.800
4624	560.300
4712	560.500
4404	560.900
4316	576.200
4768	576.200
5044	576.800
4224	577.300
4496	578.000
4272	580.100
4420	582.800
4188	586.400
5208	590.300
5220	592.900
4792	593.100
4840	595.200
5136	600.600
4476	600.700
5248	600.900
4352	603.600
5028	614.000
4816	614.600
5192	615.600
4380	616.700
4568	616.900
5128	617.200
4320	617.800
5292	621.000
4228	623.700
4564	624.200
5244	625.600
5296	626.300
4992	628.800
4312	629.000
4840	630.000
5240	633.900
4536	636.900
5124	639.600
4852	648.600
5008	651.800
4792	652.100
4596	652.200
4288	652.300
4828	652.800
4676	653.100
5220	653.100
4552	654.200
5052	654.200
4788	655.200
5032	655.700
4220	655.800
4224	656.600
4748	656.700
4616	657.300
4184	666.200
4628	667.000
5260	667.000
4192	669.600
5272	669.600
5100	669.800
5268	670.000
4744	670.100
5224	670.500
4984	670.800
5108	672.200
4208	672.700
4492	672.800
4172	673.000
4640	673.000
5140	673.900
4988	686.500
4940	688.000
4264	688.200
5056	688.200
5244	688.400
4852	688.700
4276	688.800
4404	688.900
4664	689.400
4500	689.800
5232	689.900
4580	690.400
4960	691.200
4160	691.600
4788	691.700
4436	692.400
4320	703.700
4928	705.500
4460	706.800
4140	708.800
4984	709.600
5044	709.800
4280	713.500
5076	723.600
4812	725.200
5252	725.400
4216	725.600
4568	725.600
4512	725.700
5268	725.700
4200	725.900
4584	726.000
4788	727.000
5156	731.400
4676	740.600
4320	741.400
5004	741.500
4184	741.600
4572	742.000
5208	742.000
4352	742.200
4496	742.200
4964	742.200
4472	742.400
4988	742.500
4912	742.800
5020	742.800
4956	743.000
5084	743.000
5160	743.400
4760	743.800
4884	744.300
5248	744.600
4672	744.700
4452	744.800
4536	744.900
4888	745.100
4188	747.100
5056	761.900
5224	761.900
4948	762.700
4908	762.900
4800	763.200
4704	763.400
4768	763.900
5136	763.900
4940	764.500
4672	766.500
4956	767.800
4984	776.900
4444	777.100
4836	778.900
4280	781.900
5252	782.700
4884	783.000
4180	783.600
4332	783.900
4540	783.900
5092	783.900
5032	784.200
4972	789.000
4336	795.700
5080	796.000
4532	796.500
4852	798.000
4320	799.100
4140	803.400
4796	803.600
4792	809.400
4536	810.100
4264	810.900
5044	811.500
4328	811.700
4356	812.200
4564	812.200
5192	812.400
4512	812.600
4544	813.200
4804	813.400
4272	813.500
4572	813.800
5244	814.300
4444	829.900
5124	831.000
4680	831.600
4676	831.900
4980	835.700
5156	836.800
5224	846.200
4984	847.900
4196	848.500
5180	849.100
5052	849.400
4976	849.600
5204	849.900
4344	850.900
4328	852.700
5248	854.300
4788	864.900
5232	865.800
4952	866.100
4684	866.800
4780	867.200
5108	868.700
4184	869.200
4680	870.000
4844	879.500
4276	880.400
4504	881.900
4980	883.800
4836	884.200
4404	884.300
5276	884.500
4224	884.800
5208	885.100
5084	885.400
4436	887.800
4164	888.300
4384	889.000
4532	889.100
4940	889.400
4708	899.500
5044	899.800
4704	905.100
4644	907.000
4688	909.100
4788	910.800
4712	911.200
4832	911.500
4388	912.300
5256	913.800
4192	914.200
4972	918.200
4852	924.800
4280	927.300
4324	929.800
4224	930.200
4184	931.100
4924	931.500
4344	931.700
4624	931.900
4816	932.100
4308	940.800
4452	943.700
4884	943.800
5048	945.500
4332	946.600
4920	947.800
4980	947.900
5304	950.300
4536	959.300
4640	959.600
4944	959.700
4712	959.800
4560	959.900
5220	960.000
4520	960.100
5256	960.100
4316	960.200
4416	960.300
5184	960.300
4472	960.400
5004	960.400
5032	960.400
4224	960.500
4152	960.700
4476	961.100
4328	962.100
4596	962.200
4748	962.500
5092	962.900
4852	965.800
4668	977.300
4248	977.400
4376	977.400
4680	977.900
4164	978.100
4176	978.500
4676	979.000
4340	979.400
4716	979.500
4264	986.700
4576	989.000
5248	989.000
4536	992.500
4148	994.200
4952	994.500
4792	994.900
4644	995.300
5064	996.900
4436	999.100
4332	1007.900
5200	1008.900
4744	1009.000
4580	1009.300
4496	1009.600
4608	1010.300
4536	1010.600
4148	1011.000
4724	1011.200
4636	1025.400
5056	1025.700
5264	1025.800
5096	1027.300
4568	1027.900
5076	1028.600
4884	1029.400
4688	1029.900
4504	1030.700
4968	1031.100
5044	1041.100
4852	1043.600
4192	1044.000
5004	1044.100
4164	1044.700
4248	1044.900
4788	1045.500
4444	1046.400
5300	1046.500
5052	1046.600
4780	1047.600
5036	1050.500
4284	1053.900
5212	1058.500
5096	1059.200
5124	1060.000
4408	1064.400
4636	1065.100
4984	1065.500
5244	1067.000
5156	1067.800
4640	1069.500
4248	1070.900
4316	1071.100
5044	1071.600
5188	1080.300
4884	1080.400
4352	1081.200
4948	1081.200
4680	1082.100
5240	1082.100
4556	1091.600
5048	1092.800
5124	1093.200
4168	1096.800
4288	1097.200
4668	1101.600
4428	1102.300
5008	1102.700
4372	1110.400
5272	1110.500
5100	1112.800
4580	1113.000
5304	1113.000
4804	1114.100
5204	1114.800
4320	1115.500
4880	1121.900
4228	1128.200
4512	1128.200
5268	1128.200
4424	1128.600
5084	1128.700
4176	1128.900
4444	1129.400
4748	1129.800
4392	1130.000
4972	1130.000
4996	1130.000
4416	1130.300
5248	1130.300
4584	1130.400
4864	1130.500
5156	1130.500
5108	1131.200
4360	1131.500
4148	1133.100
5092	1135.300
4440	1138.800
4540	1146.200
4248	1147.000
4224	1147.100
4276	1147.100
4372	1147.500
4404	1162.800
4228	1163.100
5032	1163.700
4712	1163.900
5004	1164.000
4304	1164.400
4272	1164.500
4292	1164.900
4472	1165.100
4508	1165.100
5088	1165.800
5100	1166.200
4352	1167.400
4364	1178.300
5224	1178.300
5160	1179.600
5220	1183.200
4476	1183.500
4884	1183.700
4788	1184.200
5032	1190.500
4332	1192.800
4880	1192.800
5008	1192.800
4328	1194.800
4164	1194.900
4676	1195.200
4664	1195.400
4640	1196.700
4980	1196.700
4200	1199.000
5012	1199.100
5164	1201.500
4876	1202.400
4572	1203.400
4280	1203.700
5064	1213.100
4884	1214.000
4852	1215.200
4520	1215.400
5212	1215.500
4248	1218.200
5024	1221.500
4516	1224.200
4452	1225.900
4224	1229.800
4460	1231.700
4504	1232.600
5268	1235.300
4788	1235.800
4320	1238.300
5152	1241.100
4704	1242.900
4416	1245.000
5092	1246.800
4512	1247.200
4384	1247.900
4780	1248.300
4964	1248.700
5244	1249.300
4640	1249.500
4836	1249.500
4248	1250.900
4572	1251.100
4984	1251.700
5208	1251.800
4536	1262.700
4432	1263.700
4872	1264.400
4556	1264.700
4748	1265.100
5148	1265.200
5008	1265.300
4940	1265.500
4564	1265.600
4192	1266.000
4268	1266.000
5184	1266.100
5108	1266.400
4252	1266.600
4680	1266.800
4184	1267.100
4836	1267.100
5272	1267.500
4704	1284.600
4676	1285.300
4792	1285.700
4832	1286.300
4568	1286.400
4868	1287.400
4664	1288.300
4632	1294.500
4920	1297.800
4880	1298.100
4796	1298.700
5276	1299.100
4572	1299.900
4744	1300.000
4492	1300.300
4636	1300.500
5200	1300.500
5224	1300.700
5044	1301.000
4852	1302.200
4336	1302.400
4164	1303.500
4432	1303.600
5144	1307.300
4536	1313.800
4540	1317.300
4404	1319.400
4676	1322.100
4816	1323.300
5004	1323.300
4660	1325.300
5160	1330.300
5152	1330.900
4788	1331.600
4320	1334.800
5268	1335.800
4172	1336.400
5276	1336.600
4836	1336.900
5196	1338.300
4972	1338.900
4364	1342.700
5136	1344.300
4728	1345.500
4644	1346.400
4292	1346.500
4696	1346.900
4464	1347.000
4352	1351.900
5264	1354.200
4640	1355.600
4940	1358.300
4328	1360.100
4928	1362.000
4164	1365.300
5048	1365.300
4192	1365.400
4748	1365.600
4884	1366.300
4560	1367.300
4432	1367.600
4224	1368.100
5004	1368.100
4532	1368.200
4660	1368.200
4792	1368.300
5124	1368.800
4704	1370.000
4188	1370.200
5224	1370.600
5160	1373.700
4492	1375.700
5092	1381.500
4404	1381.600
5248	1383.200
4516	1383.400
4536	1383.500
5008	1383.700
4184	1385.100
5188	1388.400
4204	1389.200
4832	1400.600
4328	1401.400
4748	1402.000
4644	1402.200
5004	1402.300
5032	1402.300
4208	1402.600
4436	1402.700
5264	1402.700
4864	1402.900
5260	1403.000
4288	1403.300
4504	1403.900
4280	1408.200
4552	1409.000
4560	1409.000
4852	1418.900
4964	1419.700
4920	1419.900
4588	1420.100
5300	1420.200
4200	1420.800
4364	1421.200
4452	1421.300
4844	1422.000
5124	1422.100
5200	1422.100
5160	1424.100
4316	1436.500
4288	1436.600
4792	1437.100
4568	1438.200
4676	1438.200
4860	1438.800
5220	1438.800
4228	1440.200
4688	1441.400
4428	1441.500
4852	1442.000
4164	1443.400
4788	1446.700
4448	1446.900
5292	1453.800
5188	1455.800
4284	1456.000
5140	1456.200
4836	1456.600
4404	1457.300
5196	1457.300
4396	1457.500
5136	1457.900
4504	1459.300
5236	1461.200
4964	1462.700
4344	1469.900
4972	1470.400
5180	1470.700
5204	1470.800
5040	1471.200
4200	1471.300
5272	1472.600
4804	1473.700
4880	1479.700
4780	1484.400
4996	1485.000
4232	1486.400
4612	1486.900
4428	1488.000
4368	1488.400
5188	1488.500
4916	1488.800
5152	1491.000
4436	1491.700
4480	1491.900
4560	1502.400
4496	1503.900
4964	1504.900
5084	1505.100
5108	1505.400
4164	1506.600
4532	1506.600
4380	1508.000
4716	1509.700
4184	1517.500
4344	1519.600
4784	1520.000
5180	1521.600
4292	1522.300
4984	1522.300
4904	1522.800
5088	1523.100
4920	1524.200
5224	1524.200
4592	1526.400
4636	1527.000
4704	1527.500
4528	1540.700
5152	1541.000
4732	1541.100
5244	1541.100
4572	1541.600
4172	1542.100
4616	1542.100
4428	1544.800
5220	1544.800
5176	1549.300
4984	1560.500
4404	1560.600
5268	1560.600
4636	1560.800
4724	1561.500
5032	1561.500
5188	1561.600
4804	1561.700
4476	1561.800
4536	1562.000
5236	1562.100
4164	1562.300
5008	1563.100
4992	1563.300
4920	1563.400
5108	1563.400
4532	1563.500
5164	1563.500
4628	1564.000
4788	1564.000
4748	1564.200
4784	1564.200
4316	1565.200
5244	1578.700
5080	1580.300
4772	1581.100
4160	1581.400
5084	1581.600
4472	1583.500
4436	1583.900
4736	1589.000
4836	1590.600
4164	1593.900
4336	1594.900
4516	1595.000
4972	1596.800
5004	1597.100
5188	1597.700
4560	1597.800
4388	1598.200
4468	1598.400
5268	1598.400
4368	1598.600
4964	1598.600
4808	1598.700
5032	1598.700
4396	1599.600
4704	1618.200
4476	1619.600
5044	1620.400
4184	1621.400
5276	1621.700
4352	1622.200
5224	1622.400
4632	1624.100
4852	1624.100
4544	1624.400
5032	1625.500
4620	1626.600
4788	1626.600
5268	1628.900
4540	1639.500
5136	1639.500
4152	1640.200
5044	1640.300
4312	1640.800
4564	1641.300
4224	1642.200
4220	1642.500
5004	1642.500
4572	1643.000
4264	1650.000
4664	1650.400
4680	1650.800
4608	1652.400
5156	1652.900
4676	1653.600
4964	1654.800
5224	1656.000
4752	1656.400
4192	1656.800
4200	1657.000
4852	1657.500
4476	1657.800
4472	1658.300
5052	1658.800
4580	1660.200
4912	1667.500
4836	1672.600
4748	1672.800
4400	1672.900
5160	1673.000
4768	1673.400
4396	1673.500
4788	1674.000
4248	1690.800
4756	1690.900
4904	1690.900
4576	1692.000
4724	1692.000
4492	1692.100
5088	1692.400
4324	1692.600
5108	1692.600
4884	1692.800
4532	1692.900
4364	1693.300
4444	1693.400
4980	1697.500
5268	1710.800
4288	1712.700
4544	1713.400
5220	1716.500
5156	1718.300
4972	1718.400
4480	1723.500
4896	1725.600
4560	1725.800
4456	1726.400
4844	1726.500
4704	1726.800
5004	1726.800
5168	1726.800
4496	1726.900
4788	1726.900
4920	1727.400
5104	1727.600
4372	1729.000
4540	1740.900
4804	1740.900
4636	1741.300
5124	1741.600
4816	1742.400
5276	1742.900
4964	1743.300
4748	1743.600
4464	1746.800
5148	1755.600
5280	1755.900
5044	1756.000
4160	1757.100
4576	1757.900
4424	1758.100
4768	1758.700
4368	1764.300
4632	1767.400
4224	1769.900
5088	1773.500
4884	1773.600
4344	1774.500
4980	1775.400
4140	1775.800
4248	1775.800
5240	1775.800
4216	1776.900
5112	1776.900
4320	1777.300
5084	1777.700
4580	1778.500
4956	1778.700
5244	1779.200
5180	1789.900
5272	1792.100
4408	1794.900
5108	1794.900
4620	1795.200
4476	1795.300
4756	1795.300
4804	1796.100
5092	1796.100
5224	1796.800
5000	1798.300
4312	1801.300
4532	1803.900
4556	1805.900
5200	1807.700
5188	1809.500
4616	1810.300
5184	1812.100
4388	1812.200
5156	1812.600
4372	1824.400
4680	1824.900
5168	1825.600
4568	1825.800
4264	1826.400
4248	1826.800
5220	1826.900
4312	1827.500
4884	1827.500
4316	1827.600
4872	1827.600
5160	1827.600
5284	1827.600
4172	1827.800
5240	1828.100
4324	1828.900
4504	1829.300
5132	1829.600
4764	1835.000
4180	1840.300
4332	1842.100
5164	1842.800
4224	1843.300
5288	1844.300
4744	1856.500
4244	1857.300
4452	1857.500
4888	1858.200
4416	1858.300
5004	1858.800
4884	1859.000
5076	1861.600
4248	1863.900
4964	1865.700
4164	1866.400
4904	1866.700
4972	1875.100
4364	1876.300
4788	1878.000
5272	1878.100
5268	1878.400
4780	1878.800
5236	1878.800
4704	1879.400
4324	1880.900
4424	1881.500
4532	1881.700
4204	1881.800
4492	1882.100
4996	1882.200
4556	1882.300
4436	1884.100
4852	1891.200
4456	1894.300
5248	1895.600
4680	1895.900
4560	1899.100
4268	1899.200
5156	1899.800
5176	1899.900
4704	1901.800
4200	1903.800
4644	1904.200
5224	1913.100
4860	1913.400
4196	1915.700
4732	1916.900
5220	1917.000
4320	1921.800
4332	1925.800
4852	1926.400
4148	1929.200
5192	1932.200
4808	1933.900
4312	1934.000
4640	1934.200
5044	1934.300
4200	1935.100
4536	1936.600
5032	1936.800
4792	1936.900
5064	1938.500
5224	1941.100
4796	1950.400
4568	1953.000
4788	1953.800
4900	1954.000
4272	1954.100
4588	1954.200
4844	1954.200
4172	1954.500
4644	1954.600
4792	1955.000
4320	1955.300
4704	1955.300
5280	1955.400
5272	1955.700
4408	1956.100
4860	1966.500
4768	1968.000
4328	1968.300
5004	1968.700
4992	1971.800
4780	1972.700
4156	1972.800
4700	1972.800
5008	1973.200
4984	1973.400
4224	1973.600
4560	1973.900
4744	1977.000
5172	1981.500
4772	1986.800
4688	1987.100
5256	1987.100
5032	1987.600
4308	1988.200
4540	1988.900
5012	1989.500
4420	1990.700
5276	1991.300
4708	2000.900
4728	2001.800
4884	2002.600
4616	2004.000
4852	2007.500
4964	2011.200
5140	2011.300
5260	2011.500
4556	2014.100
4372	2017.400
4536	2017.800
4428	2018.200
4960	2019.200
4860	2019.300
4288	2019.500
4984	2019.700
4456	2019.900
4340	2020.100
4356	2022.200
5084	2022.200
4560	2024.000
4856	2035.300
4308	2036.500
4280	2038.100
5188	2040.400
4884	2040.700
5220	2041.300
4172	2041.400
4880	2041.400
5008	2041.400
5136	2041.500
5224	2041.700
4540	2041.900
5296	2041.900
5240	2042.000
4360	2042.100
4888	2042.100
4472	2042.300
4780	2050.300
4792	2056.000
4536	2059.100
4660	2059.700
5000	2063.900
4436	2064.600
5020	2065.500
5044	2072.000
4568	2073.800
4704	2074.100
4496	2074.500
4268	2075.900
5004	2076.400
4480	2078.300
5040	2078.300
4828	2078.500
4200	2081.100
4804	2081.500
4580	2083.200
4312	2084.200
5224	2084.400
5188	2088.500
4248	2089.400
4532	2090.600
4188	2091.700
5128	2092.200
4220	2093.600
4724	2098.600
5208	2104.000
4920	2105.500
5264	2106.900
4588	2107.000
4228	2107.400
4676	2107.400
4312	2107.800
4464	2107.900
4744	2108.600
4956	2109.500
4972	2110.200
5032	2116.100
5248	2120.500
5268	2121.000
4560	2123.200
4276	2123.800
4968	2124.100
4436	2125.000
4852	2125.200
4716	2126.100
5292	2126.100
4420	2126.900
4704	2131.000
5196	2137.500
4844	2138.600
4332	2139.100
4964	2139.500
4532	2142.000
5144	2142.000
4536	2142.200
4408	2142.600
5160	2142.700
5280	2142.700
4568	2142.800
4728	2142.900
4228	2144.800
4312	2145.800
4436	2153.000
5168	2153.500
5176	2155.000
5084	2155.100
4320	2155.400
5140	2155.600
4788	2155.800
4612	2157.700
4748	2158.000
4640	2160.000
5244	2167.200
5000	2169.300
4460	2169.600
4900	2169.800
4508	2170.400
4224	2170.500
4468	2171.100
4328	2171.800
4856	2172.300
5276	2173.000
5208	2175.200
5080	2176.200
4208	2184.500
4640	2186.100
5160	2190.800
4540	2191.100
4972	2192.000
4504	2192.400
5140	2192.800
5204	2193.900
4200	2195.100
4364	2195.600
4352	2195.900
4356	2204.900
5032	2206.600
4964	2206.700
4884	2206.800
5224	2210.800
4572	2213.200
4564	2213.400
5236	2213.800
4536	2214.300
4320	2216.900
4444	2217.700
4952	2219.500
4596	2221.300
4336	2223.000
4492	2225.000
4728	2227.700
5248	2228.600
4948	2228.800
5016	2228.800
4436	2229.200
4696	2229.200
5220	2229.300
5008	2229.400
4480	2229.500
5268	2230.300
4164	2231.600
4140	2242.300
4640	2243.000
4636	2244.300
4788	2244.600
4572	2245.500
4540	2245.800
4852	2246.000
5116	2246.300
4592	2246.700
5104	2246.800
4840	2263.000
4476	2264.200
4640	2266.800
4748	2267.900
4336	2268.300
4812	2270.500
4372	2284.400
4496	2284.600
4880	2284.800
5220	2284.900
4612	2285.900
4632	2285.900
5004	2286.000
4544	2286.200
4844	2286.300
4956	2286.300
4660	2286.400
4992	2286.400
5120	2286.500
5304	2286.700
4988	2286.800
4232	2286.900
5188	2286.900
4368	2287.100
4804	2287.400
4452	2303.200
4428	2304.400
5124	2305.700
5224	2308.300
5236	2310.500
4616	2311.500
5140	2312.000
4536	2312.700
4644	2313.100
4580	2313.200
4564	2316.100
4316	2316.600
5012	2318.200
4676	2319.400
4264	2320.300
4160	2320.400
4984	2320.800
4608	2321.100
4492	2323.500
4320	2337.600
4684	2338.800
4340	2339.600
4780	2339.600
5080	2339.700
5016	2340.100
4760	2340.600
4788	2340.600
4476	2340.700
5244	2342.100
4204	2355.100
4308	2357.300
4224	2358.400
5004	2358.700
4724	2359.100
4628	2359.200
4856	2370.000
4596	2370.100
5164	2370.900
4704	2371.100
5032	2371.400
4868	2371.500
4840	2371.900
4920	2372.100
5264	2372.100
5044	2372.200
4180	2372.300
4392	2372.300
4364	2372.500
4420	2372.500
4616	2372.500
4640	2372.500
4456	2372.700
4568	2372.700
4488	2372.800
5244	2372.900
4532	2373.200
4320	2373.500
4592	2374.100
4208	2374.600
5116	2374.600
4200	2392.700
5136	2392.700
4184	2393.400
4312	2393.400
4228	2393.600
5148	2393.600
4456	2397.100
4584	2404.300
4792	2404.400
4984	2407.000
5152	2408.600
5052	2409.700
4868	2411.300
4884	2414.100
4712	2414.500
4612	2419.500
5220	2423.100
5144	2423.300
4520	2424.900
5008	2425.000
4308	2427.500
4888	2427.600
4436	2427.900
4320	2428.100
4540	2428.200
4788	2428.600
4364	2428.800
4560	2428.900
4372	2429.000
4172	2429.100
5028	2429.700
4160	2430.100
5276	2432.600
4956	2441.100
4312	2441.900
4524	2442.200
5092	2442.600
4164	2442.900
4412	2445.200
4940	2447.600
4452	2455.800
4532	2456.900
4864	2458.200
4724	2461.300
5224	2462.400
4436	2462.500
5140	2470.400
4200	2471.400
4440	2472.000
4912	2473.900
4684	2474.800
4172	2475.100
4580	2476.500
5220	2478.300
4792	2478.400
5004	2480.800
4540	2483.300
4616	2490.000
4552	2490.700
4672	2491.400
5244	2494.000
4356	2494.300
4688	2495.700
4968	2496.800
5224	2500.900
4264	2506.200
4572	2506.700
4856	2506.700
4508	2506.800
4432	2510.500
4196	2511.700
5060	2512.600
4852	2513.300
4228	2513.700
4160	2517.000
4948	2520.400
4164	2520.500
4884	2523.700
4436	2524.600
5008	2525.100
4280	2525.500
4616	2525.800
4224	2525.900
5052	2525.900
4704	2526.100
4388	2526.200
5268	2526.200
5084	2526.600
5244	2527.700
4560	2527.900
4796	2529.100
5044	2531.300
4584	2532.800
4184	2536.000
4440	2539.800
5232	2542.000
4492	2542.200
4260	2544.700
5144	2544.800
4344	2545.100
4920	2545.800
5180	2546.700
4316	2548.000
5260	2548.300
4864	2549.600
4612	2549.900
5272	2550.800
4384	2552.700
4572	2554.600
4428	2560.600
4800	2562.500
4980	2562.500
4888	2562.600
5036	2563.300
4792	2563.600
5212	2563.700
4556	2563.800
4444	2564.000
4228	2566.200
4200	2566.600
5224	2576.300
4492	2578.400
4488	2578.500
4160	2578.600
5044	2578.700
4904	2579.200
5200	2579.700
4632	2580.500
5248	2580.500
4788	2580.900
5108	2581.200
4220	2587.600
4420	2589.800
5084	2591.900
4748	2592.600
4744	2592.700
4636	2593.500
4780	2595.900
4192	2596.700
5268	2597.700
4264	2602.400
4980	2610.200
4876	2613.600
4884	2614.300
5032	2614.700
4640	2615.400
5040	2616.200
4200	2618.300
4904	2618.900
5044	2619.200
4528	2620.600
4660	2620.600
4248	2621.600
4792	2623.700
5200	2623.900
4252	2629.900
4780	2632.000
5048	2632.600
4544	2632.700
4788	2632.700
4764	2632.800
4864	2633.200
5224	2635.800
4296	2636.300
4492	2643.800
4728	2646.800
4360	2647.200
4724	2647.700
4264	2648.500
4680	2650.000
4696	2650.000
4176	2650.200
5000	2650.600
4928	2650.900
4272	2657.900
4160	2665.400
5076	2665.400
5188	2665.800
4688	2666.400
4388	2667.100
4540	2667.200
4268	2667.600
5132	2667.700
5244	2668.200
5256	2669.000
5004	2669.200
4324	2669.400
4972	2669.500
5248	2669.500
5144	2685.500
4832	2686.000
5216	2687.200
4264	2688.900
4224	2689.100
5004	2689.200
4188	2689.600
5304	2689.900
4528	2691.600
4640	2692.000
4680	2694.800
4180	2706.000
5196	2706.100
4316	2706.800
4880	2708.200
4504	2709.000
4712	2709.400
4524	2709.500
4332	2709.900
4556	2710.000
4148	2722.100
4688	2724.000
5200	2724.900
4704	2726.700
5176	2729.400
4964	2730.000
5276	2735.900
4872	2736.400
4976	2737.700
4444	2738.300
4856	2738.700
4756	2739.500
4416	2742.400
4788	2745.300
4148	2745.700
4436	2747.200
5288	2755.400
4336	2755.600
4164	2756.100
5124	2756.100
4496	2756.400
5032	2757.300
5212	2758.100
5268	2759.000
4560	2759.700
4680	2773.300
4768	2774.800
4772	2775.200
5008	2776.000
5000	2776.100
4192	2777.200
4504	2777.200
4848	2778.000
4296	2779.700
4328	2779.700
5248	2780.100
5004	2786.000
4660	2789.200
5268	2790.800
4540	2791.500
4564	2791.800
4744	2792.000
5084	2793.100
4492	2793.400
4536	2793.600
5136	2793.900
4964	2794.300
4320	2795.900
4984	2796.900
5188	2799.600
4780	2804.300
4148	2805.200
5000	2808.700
5128	2808.700
4956	2808.900
5240	2809.100
4624	2809.200
4908	2809.200
4192	2809.700
4724	2810.000
5212	2810.200
4584	2810.300
4992	2810.900
4216	2821.400
4280	2821.700
4312	2823.000
4376	2823.400
4184	2824.400
4728	2824.500
5104	2825.700
5268	2829.000
5272	2829.300
4436	2830.700
4940	2830.900
4172	2838.500
4492	2839.600
4564	2840.300
5160	2840.800
5076	2841.300
4852	2842.100
4200	2842.200
4676	2842.200
5244	2842.900
4224	2843.900
4404	2844.000
4860	2844.700
4164	2845.200
4296	2845.500
5252	2846.100
5276	2860.000
4788	2860.300
4728	2860.500
4792	2860.600
4216	2861.000
4400	2861.500
4248	2862.700
4364	2863.700
4780	2866.600
4368	2868.800
5028	2870.700
4852	2875.900
5140	2877.300
4508	2878.600
4868	2879.000
4580	2879.300
4908	2879.300
4664	2879.400
4360	2879.600
4604	2879.600
4192	2880.400
4960	2881.100
5160	2881.200
4472	2881.300
4748	2882.600
4164	2883.400
4184	2886.100
4676	2887.900
4532	2892.200
4984	2895.000
5224	2895.300
4856	2895.700
5244	2895.700
4376	2895.800
4356	2896.000
5156	2896.200
5000	2896.300
4644	2897.500
4696	2898.100
5220	2898.100
4844	2898.300
4816	2911.700
4704	2911.800
5136	2911.900
5276	2914.500
4956	2915.200
4776	2915.400
4680	2916.800
5044	2921.600
4608	2927.700
5224	2928.000
5140	2930.500
4536	2930.600
4664	2933.500
4764	2933.500
4852	2934.500
4784	2936.600
4948	2936.900
4964	2939.300
4788	2942.500
5224	2947.700
5272	2947.800
4172	2950.700
5176	2951.500
5240	2951.500
4756	2956.700
4532	2958.400
4844	2958.500
5124	2958.500
4540	2958.700
5292	2958.900
4272	2959.100
5304	2959.500
4780	2959.600
4592	2962.600
4228	2963.200
4572	2971.700
4504	2971.800
4352	2972.400
4588	2974.800
4688	2974.800
5144	2974.900
4248	2975.200
5268	2977.700
4624	2979.200
4600	2988.100
4304	2988.400
4540	2989.100
5224	2990.500
4640	2991.200
5164	2991.900
4312	2992.500
4496	2992.900
4704	2992.900
5076	2993.000
4372	2993.200
5044	2993.800
5200	3005.300
5292	3005.800
4300	3007.600
5068	3008.500
4224	3009.700
4788	3011.200
4416	3013.400
4852	3020.500
4356	3023.200
4632	3023.200
4704	3023.900
5240	3024.000
5252	3024.000
4748	3024.600
4360	3025.000
5276	3025.300
4856	3026.800
5220	3027.900
4532	3028.400
5128	3028.400
4188	3028.500
4404	3028.600
4616	3028.600
4880	3028.700
4780	3028.800
4888	3028.800
4644	3029.300
4372	3029.700
4684	3030.500
4536	3040.400
4216	3043.500
4956	3044.500
4172	3047.900
4224	3054.800
5004	3057.600
4260	3058.100
4592	3058.700
4580	3059.000
5276	3059.000
4320	3060.400
4944	3064.600
5268	3065.300
4328	3067.600
4800	3068.400
4184	3071.400
5152	3071.700
5076	3073.100
5156	3075.500
5092	3075.700
4160	3076.000
4904	3076.100
4556	3076.200
4984	3077.500
4656	3078.100
4888	3078.300
4436	3084.300
4272	3085.800
5032	3086.700
4668	3089.200
5108	3091.000
5300	3096.400
4988	3097.100
4336	3097.200
4372	3098.700
5276	3099.100
4492	3100.200
5040	3100.300
4264	3100.700
4592	3101.700
5076	3102.400
4208	3105.200
5068	3106.500
5220	3112.100
4164	3112.200
4160	3112.800
4704	3112.900
4140	3113.700
4788	3114.800
4224	3116.100
5292	3117.100
4844	3117.400
4308	3117.600
4260	3117.900
4940	3118.400
5044	3118.500
5224	3118.800
4596	3121.200
4540	3121.500
4832	3134.400
4568	3136.200
4840	3136.400
4684	3136.500
4248	3136.800
4728	3137.000
5184	3137.300
4784	3137.500
4424	3138.000
4948	3140.100
4352	3140.300
4788	3140.800
4580	3148.400
5304	3154.900
4296	3155.300
4680	3155.600
5024	3156.000
5208	3156.600
5160	3156.700
4496	3157.700
4644	3158.300
5288	3159.000
4900	3160.500
4996	3161.800
5008	3167.800
4476	3170.100
4584	3177.500
5240	3181.200
4480	3181.800
4872	3181.800
5012	3182.900
4920	3183.000
5248	3183.600
5128	3188.600
5076	3189.000
5008	3198.900
5212	3199.300
5208	3199.500
4864	3199.800
4452	3202.000
5268	3202.100
4788	3203.600
4360	3204.000
4656	3204.500
4356	3204.700
4172	3205.200
4632	3205.500
5064	3206.800
4816	3206.900
4520	3209.400
4636	3217.900
4308	3218.100
5088	3219.400
4804	3220.200
4260	3220.400
4524	3220.400
4624	3222.700
4268	3223.100
4532	3223.200
4248	3231.300
5076	3232.000
4780	3233.100
4192	3236.500
4820	3241.100
4676	3247.700
4424	3249.900
4436	3249.900
4532	3250.600
5052	3251.500
5056	3261.400
5208	3261.600
5224	3263.300
4840	3263.500
4596	3263.600
5260	3263.800
5092	3264.400
4864	3264.700
5200	3264.800
4444	3265.400
4496	3265.900
4856	3266.900
5032	3266.900
4312	3280.000
4416	3280.400
5004	3280.500
4164	3280.700
4328	3282.200
4704	3282.400
4972	3282.900
4192	3283.200
4728	3284.900
4264	3285.200
4996	3286.100
5224	3286.900
4536	3287.300
4480	3287.500
4672	3288.000
4352	3296.800
4684	3298.800
5044	3298.900
5040	3299.200
4788	3299.400
4556	3301.000
4840	3311.600
4676	3311.900
5000	3312.800
4560	3315.700
4248	3316.200
5276	3318.600
5108	3320.300
4908	3320.700
4664	3322.300
4720	3329.100
4672	3331.100
4800	3332.200
4384	3335.600
5212	3337.000
4508	3338.200
4776	3340.800
4332	3341.300
4888	3344.300
4792	3346.900
4224	3352.100
5236	3354.300
4676	3356.800
4892	3360.500
5004	3366.200
5188	3367.400
4864	3368.600
4724	3370.700
4760	3371.400
5224	3372.300
4680	3372.600
4924	3373.400
5048	3373.500
5000	3373.700
5248	3373.700
5272	3374.600
4200	3377.600
4640	3377.700
4316	3379.900
5164	3381.900
4960	3382.300
4664	3384.200
4644	3387.500
4964	3392.000
4184	3392.800
5276	3393.100
5220	3393.300
4308	3393.900
4216	3394.400
4420	3394.400
4312	3395.100
4696	3395.400
5244	3395.400
4660	3395.900
5108	3395.900
4412	3396.300
4248	3410.700
5240	3410.900
4384	3411.100
5004	3411.700
4516	3411.800
4164	3412.000
4944	3412.100
4952	3412.400
5268	3412.400
4808	3412.700
4444	3413.100
4940	3413.100
5044	3413.100
4364	3413.200
4972	3413.700
4376	3413.800
5224	3413.900
4188	3414.100
4984	3414.200
4712	3414.400
4920	3414.400
4560	3415.000
4748	3415.000
4792	3415.000
4320	3415.200
4672	3415.300
4268	3430.900
4676	3431.500
5204	3433.000
4680	3434.400
4800	3434.700
4804	3435.600
4928	3438.600
4556	3439.000
5080	3439.200
5188	3440.100
4732	3440.300
4704	3441.400
4672	3445.600
4172	3450.200
5292	3450.800
4228	3455.500
4836	3456.100
4864	3457.200
4852	3459.200
4332	3460.700
4724	3471.800
4528	3472.400
5184	3474.500
5272	3475.300
5268	3475.500
5188	3475.800
4568	3475.900
4744	3476.000
5296	3476.000
4536	3476.100
4144	3476.300
4340	3477.400
5124	3478.400
4600	3478.600
4368	3478.800
4768	3479.200
4788	3479.500
4780	3480.800
4592	3482.500
4868	3493.800
4648	3494.600
4540	3494.700
5188	3495.200
4172	3495.800
4756	3495.800
4864	3496.000
4308	3498.800
4488	3503.300
4844	3505.800
4200	3506.200
4596	3506.600
4280	3506.700
5004	3507.400
4184	3507.600
4568	3507.800
4360	3509.900
4560	3517.200
4276	3518.000
4580	3520.100
4432	3520.500
5124	3520.900
4636	3523.600
4920	3523.600
5132	3524.800
4852	3533.700
4760	3539.700
4844	3540.000
4884	3540.400
4680	3540.600
4248	3542.500
4312	3542.500
5240	3542.600
4672	3551.500
4964	3553.700
5224	3554.600
4280	3555.600
5244	3556.200
4504	3556.500
5092	3557.000
4896	3557.500
5196	3557.900
4440	3568.300
4508	3569.000
4788	3569.000
4492	3570.100
4880	3570.100
5272	3570.200
5208	3570.300
4224	3570.700
4356	3571.000
5076	3578.500
4712	3580.400
4564	3581.000
4144	3583.700
5276	3584.600
4680	3587.500
5188	3588.100
5220	3596.500
4852	3597.300
4316	3597.400
4940	3597.900
5268	3598.300
5180	3598.700
5056	3599.000
4428	3609.700
5224	3610.700
4960	3611.900
4676	3614.300
4476	3615.100
4540	3615.300
4884	3617.900
4532	3618.900
4188	3625.400
4972	3626.100
4172	3628.500
4356	3630.000
4352	3630.700
4496	3633.200
4436	3634.700
4452	3634.700
4508	3634.700
4864	3642.600
4492	3644.100
4912	3647.300
5240	3647.600
4164	3647.800
5264	3647.800
5256	3648.400
4888	3650.200
4264	3650.500
4336	3652.000
4224	3652.100
4868	3653.200
5272	3655.900
4796	3657.400
4324	3665.000
5160	3665.000
5176	3667.800
4744	3668.800
4948	3669.400
4852	3669.700
4572	3671.600
4780	3672.400
5268	3678.600
4288	3680.100
5140	3683.600
5000	3683.900
5108	3684.900
4824	3685.500
4356	3687.200
4332	3687.300
5292	3688.300
4200	3690.500
5276	3692.900
4460	3694.600
4160	3700.400
5172	3700.500
5044	3700.600
4556	3700.900
4740	3700.900
5248	3701.100
5272	3701.200
4184	3701.400
4148	3702.800
4600	3703.300
4172	3704.200
4540	3704.700
4420	3704.800
5128	3704.900
4320	3706.000
4696	3706.100
5124	3706.200
5032	3707.700
4664	3708.100
4536	3721.600
4476	3722.700
4972	3722.700
4200	3723.100
4860	3723.400
5148	3724.500
5236	3732.600
4504	3737.000
5128	3737.500
4288	3737.900
4320	3738.000
5024	3738.900
4232	3739.000
5188	3739.400
5152	3740.200
4884	3742.000
5240	3742.200
5008	3747.200
4368	3753.700
4208	3757.300
4476	3759.400
4872	3762.400
4568	3762.600
4328	3763.700
5240	3774.400
4324	3775.300
4316	3775.600
5032	3776.600
4352	3777.400
5276	3779.100
4432	3779.200
5224	3780.000
4636	3780.200
4444	3785.900
4628	3790.700
4476	3792.100
4812	3793.300
5004	3793.300
5052	3794.100
5044	3794.200
5048	3794.200
4780	3794.300
5180	3794.300
4480	3794.400
4748	3794.600
4980	3794.600
4320	3794.700
5136	3795.100
4852	3795.800
5084	3796.000
5108	3796.500
4592	3797.800
5220	3798.800
4640	3810.700
4680	3811.700
4492	3811.900
4816	3812.700
4188	3813.000
4596	3813.200
5152	3813.400
4420	3813.700
4224	3814.800
4320	3816.000
4504	3817.200
4884	3821.400
4184	3826.800
4380	3829.900
4688	3830.000
5044	3830.400
4864	3830.500
4852	3830.700
4992	3830.900
4592	3831.700
5032	3831.700
4280	3831.800
4564	3831.900
4904	3832.300
4832	3832.600
5036	3833.800
4964	3836.800
4612	3845.300
5236	3847.100
4436	3848.100
4748	3848.600
5012	3848.600
4540	3849.900
4920	3849.900
4984	3852.800
4332	3854.200
5076	3855.000
4164	3855.100
4192	3861.800
4832	3863.900
4572	3864.600
4680	3867.200
4188	3869.500
4372	3870.000
5256	3870.300
5000	3870.500
4412	3872.400
4432	3872.600
5112	3876.900
4504	3877.500
5268	3880.600
4292	3885.600
4160	3885.700
4704	3887.200
5036	3887.300
4320	3887.500
4796	3887.900
4480	3888.100
4640	3888.500
4992	3888.800
4248	3889.400
4928	3889.400
4328	3889.900
4172	3890.200
4180	3891.200
4812	3891.700
4568	3895.500
5264	3903.300
4672	3905.100
5084	3905.700
4164	3905.800
4388	3906.100
4620	3906.100
4368	3906.500
4540	3906.500
5276	3906.700
4596	3906.900
5128	3907.100
5160	3907.600
5244	3907.700
4172	3907.900
5196	3908.000
4572	3909.800
4468	3910.000
4640	3926.100
4320	3926.300
4280	3926.700
5016	3926.800
4148	3927.000
4964	3927.000
4208	3927.100
4984	3927.400
4792	3929.100
4556	3929.400
4680	3929.400
5088	3932.200
5124	3944.600
4492	3944.800
4864	3944.900
4336	3945.600
5164	3945.600
4228	3945.900
4344	3945.900
4508	3946.000
4704	3946.400
4868	3946.700
4996	3949.200
5044	3951.000
5168	3952.700
4760	3958.800
5244	3958.900
5056	3959.600
4880	3960.500
5240	3961.100
4428	3961.900
5076	3962.400
4584	3963.100
4972	3968.700
5032	3974.400
5224	3975.700
4888	3979.000
5200	3979.600
5044	3979.900
4916	3981.500
4712	3981.600
5188	3982.400
4572	3982.800
4920	3982.800
4768	3983.000
4476	3983.300
4200	3983.500
5128	3983.500
4160	3983.600
4248	3983.600
4536	3984.800
4580	3998.800
4264	3999.100
4312	3999.100
4640	3999.300
4880	3999.600
4164	4000.000
5004	4000.000
4364	4003.700
4884	4003.900
5224	4004.100
5044	4004.500
4172	4004.800
4780	4006.600
4340	4008.000
4892	4008.500
5268	4017.800
4596	4018.700
4788	4019.300
5032	4019.900
4540	4020.700
5160	4021.100
4728	4021.300
4280	4023.200
4592	4023.900
5144	4024.000
4680	4025.200
4564	4027.300
4320	4036.600
5100	4036.800
4164	4038.200
4568	4038.500
4828	4038.800
5124	4039.400
4172	4039.800
4436	4042.500
4356	4046.100
4532	4047.300
4584	4049.300
4788	4053.300
4704	4059.700
4628	4059.800
4660	4060.000
5008	4061.500
4352	4061.800
4388	4062.900
4852	4062.900
4216	4063.500
4616	4065.600
4308	4066.500
4784	4066.700
4724	4068.300
4316	4069.100
4748	4073.000
4708	4076.200
4184	4076.900
4580	4077.300
4608	4077.800
4836	4078.400
5268	4079.300
4536	4079.400
4948	4091.000
4596	4092.700
4276	4095.700
4836	4096.300
4816	4096.900
4248	4104.300
4444	4107.200
4296	4107.500
5172	4107.800
4804	4108.300
4476	4110.900
4572	4114.500
4172	4121.800
5012	4123.000
4904	4123.200
4344	4125.100
5044	4126.400
4592	4126.900
5264	4126.900
5128	4127.500
5224	4128.100
4468	4129.500
4320	4130.500
4748	4131.900
4308	4136.000
4164	4142.900
4716	4143.000
5140	4144.700
4940	4146.300
5288	4146.400
5244	4146.500
4364	4148.000
4160	4161.400
5092	4161.500
4836	4161.800
5108	4161.800
5260	4163.600
5176	4164.500
4496	4165.400
4616	4169.100
4536	4169.500
4940	4170.700
5224	4171.000
4880	4171.400
5268	4172.000
4268	4172.200
4540	4172.300
4228	4174.300
4948	4175.100
4192	4175.400
4276	4176.000
4804	4176.100
4908	4176.900
4224	4180.900
4596	4182.800
4504	4184.400
4580	4186.000
4468	4187.800
4368	4189.800
4248	4191.500
4532	4192.100
4436	4193.100
5220	4193.500
4676	4194.500
4372	4197.800
4320	4198.100
4992	4199.200
4852	4201.800
4668	4203.500
5276	4204.200
5028	4204.400
5084	4204.600
4896	4205.500
4948	4207.300
4704	4209.400
5268	4210.000
5036	4212.500
4488	4214.500
5296	4216.200
5144	4223.700
4672	4223.900
5224	4225.100
4936	4225.300
4536	4225.500
4752	4225.500
4556	4225.600
4164	4226.000
5108	4226.400
4564	4226.900
4436	4227.200
4336	4229.600
4516	4238.200
4664	4238.200
5220	4239.500
4508	4243.000
4540	4250.500
4568	4251.900
5136	4253.100
4780	4254.200
5124	4254.300
5032	4254.700
4368	4254.800
4868	4255.900
4644	4257.400
5268	4259.500
4616	4267.300
4592	4267.800
4272	4271.700
4704	4271.700
4680	4272.300
4320	4272.400
5160	4272.800
5092	4273.300
4152	4274.000
4300	4274.200
4832	4274.600
4464	4274.900
4420	4277.100
4676	4281.300
4276	4287.500
5220	4288.800
4564	4289.200
4140	4290.000
4972	4290.100
5240	4290.100
4292	4290.900
4404	4291.200
4372	4293.000
4792	4293.200
4148	4293.300
4600	4297.000
4864	4297.700
4164	4304.900
4888	4305.700
5084	4305.900
5128	4306.100
4640	4306.700
4580	4307.000
5268	4307.200
4536	4308.000
5140	4308.000
5264	4308.200
5044	4308.600
4588	4309.700
4344	4310.300
5184	4310.300
4860	4321.000
4836	4324.300
4704	4324.500
4224	4325.100
4644	4325.200
4388	4325.300
5036	4325.800
4576	4326.100
4184	4326.200
4200	4327.700
4528	4327.800
4296	4330.000
5084	4340.100
4744	4340.400
4536	4342.500
4532	4344.100
5188	4344.100
4248	4344.700
4508	4346.300
4404	4346.500
4920	4356.100
4724	4357.800
4972	4357.900
4432	4358.000
4912	4358.300
4840	4358.500
4860	4358.500
5024	4358.500
4996	4358.600
4488	4358.700
4712	4358.700
5144	4358.700
5260	4358.700
5292	4358.800
4316	4362.500
4768	4363.000
4224	4372.100
4628	4377.600
4640	4380.600
4456	4383.800
5016	4384.100
4492	4384.900
4780	4385.300
4908	4387.600
4536	4395.900
4572	4399.300
4884	4400.000
4264	4400.600
5260	4400.800
4248	4401.500
4680	4403.000
4980	4403.000
4704	4403.300
4508	4403.600
5084	4405.600
4432	4406.500
4224	4407.300
4892	4408.500
4924	4416.200
5212	4416.500
4356	4418.000
4900	4419.900
5224	4420.100
4184	4420.200
4956	4420.900
4360	4421.100
4948	4421.900
5236	4422.200
5244	4431.200
4580	4432.900
5132	4436.600
5188	4436.800
4248	4437.100
4788	4437.100
4860	4438.200
5036	4438.300
4432	4439.600
5144	4439.600
4724	4440.000
4696	4443.800
4864	4449.100
4984	4449.600
5076	4449.600
4472	4449.700
4664	4450.000
5224	4455.700
4140	4457.600
4192	4459.300
4788	4461.300
5184	4461.500
4264	4461.600
4520	4464.700
5272	4467.200
4536	4474.200
4772	4475.600
4632	4475.700
4196	4475.800
5268	4476.100
4496	4476.400
4608	4476.400
5116	4476.500
5048	4476.700
5092	4477.800
4716	4478.100
4656	4478.200
4928	4478.300
4860	4478.700
4388	4490.300
5192	4492.100
5272	4492.100
4516	4492.200
5104	4492.200
4596	4492.400
4876	4492.400
4852	4493.000
4572	4493.200
4776	4493.700
4440	4493.900
5032	4493.900
5056	4494.000
5084	4494.000
4276	4494.100
4636	4494.200
4700	4494.400
4704	4494.600
4196	4495.000
4288	4495.300
5288	4497.400
4184	4510.100
4164	4511.000
4224	4511.200
4884	4511.200
5004	4512.300
4616	4512.400
4564	4513.000
5044	4513.000
5188	4514.400
4768	4515.000
4400	4520.600
4492	4524.700
4676	4526.000
4704	4526.700
5160	4526.800
5240	4527.000
5224	4527.100
4344	4527.200
5272	4527.500
5112	4527.900
4716	4528.000
4748	4528.100
5268	4528.100
4680	4528.200
5052	4528.600
4788	4529.000
4672	4530.900
4852	4530.900
4844	4545.800
4320	4546.200
4812	4547.200
4312	4549.400
4192	4550.600
5032	4550.700
4528	4550.800
4984	4551.100
4536	4551.300
4168	4551.600
4832	4552.800
4884	4553.000
4148	4553.600
5004	4555.500
5056	4556.100
4356	4568.200
5156	4568.200
4172	4568.600
4992	4569.500
4508	4571.400
5180	4571.400
5224	4571.500
4432	4571.800
4336	4572.100
4152	4572.800
4256	4575.900
4792	4585.200
4368	4586.600
4460	4588.300
4576	4588.400
4296	4588.500
4788	4588.500
4844	4588.500
4888	4588.700
5188	4589.200
4312	4591.800
4880	4592.200
4192	4592.500
4492	4593.600
4276	4593.800
5220	4594.100
4764	4600.800
4660	4601.200
4200	4602.500
5032	4602.700
4584	4603.200
5268	4603.600
4360	4604.000
5224	4604.300
4972	4604.400
4228	4604.500
5004	4604.700
4640	4604.900
4536	4605.900
4728	4607.600
5072	4608.700
5076	4618.900
4540	4619.800
4248	4619.900
5184	4620.700
4596	4621.400
5160	4622.800
4440	4623.400
4372	4625.100
5260	4632.100
4184	4633.600
5008	4633.700
4224	4634.300
4288	4635.200
4560	4635.700
4772	4636.700
4404	4637.600
4468	4637.600
4676	4638.100
5200	4638.100
4368	4638.300
4680	4638.300
4972	4638.400
5272	4638.700
4164	4639.100
5084	4639.500
4360	4639.900
4964	4640.000
5240	4640.500
5012	4651.700
4820	4653.900
4968	4654.100
4828	4654.400
4200	4655.000
5224	4656.300
4860	4656.500
4716	4656.600
4420	4656.800
5156	4670.300
4292	4671.300
4884	4671.500
4384	4671.700
4508	4671.900
4900	4672.000
4600	4672.600
4852	4672.700
5084	4672.900
4524	4673.500
4848	4673.900
5008	4674.000
4724	4676.200
4628	4685.900
4172	4686.200
4320	4687.400
4988	4688.100
5124	4689.200
4968	4689.400
4188	4689.700
4460	4690.600
4948	4692.100
5056	4705.900
5252	4706.000
5108	4706.200
4888	4707.600
5260	4708.300
5016	4708.700
4148	4713.200
5224	4713.600
4164	4720.100
4556	4721.700
5196	4722.400
4788	4722.600
4972	4723.000
4428	4724.200
4560	4725.800
4416	4726.300
5156	4726.700
4220	4733.800
5268	4735.000
5220	4737.500
4704	4739.000
5008	4739.500
5004	4740.100
4852	4741.500
4388	4742.600
4596	4747.500
4652	4748.900
5188	4749.400
4764	4749.800
5068	4751.800
4568	4752.500
4972	4752.500
5096	4752.500
4340	4753.000
4228	4753.400
4984	4753.400
4584	4758.000
4880	4758.000
4868	4758.500
5092	4760.000
4432	4761.200
4536	4768.900
5056	4772.900
4320	4773.700
4696	4775.500
4560	4776.200
4164	4779.400
4640	4779.500
5272	4782.700
5232	4784.400
4832	4787.600
5224	4787.700
5156	4788.100
4816	4788.200
4864	4788.600
4508	4790.000
4224	4791.200
4952	4791.800
5244	4804.700
4528	4804.900
4852	4805.200
4628	4805.300
4792	4805.600
4188	4805.700
4256	4806.200
4184	4806.800
5208	4807.500
4364	4811.300
5272	4819.700
4860	4820.500
5144	4820.500
5004	4821.700
4756	4822.700
4944	4822.800
4584	4822.900
5224	4827.700
4480	4828.000
4312	4829.200
4984	4838.800
4416	4839.100
5184	4840.400
5052	4841.000
4800	4841.200
5076	4841.400
4332	4842.200
4164	4842.300
4968	4842.500
4444	4843.300
4980	4843.600
4772	4850.000
5004	4856.800
4280	4857.500
4608	4859.000
4884	4859.400
4536	4860.000
4956	4860.200
4560	4860.700
4276	4862.200
4788	4862.400
5148	4862.900
5268	4862.900
5008	4863.000
4852	4864.100
4868	4869.700
4436	4872.300
4668	4872.300
4688	4873.500
4580	4873.900
4804	4875.900
4796	4881.700
4184	4883.800
4744	4885.000
4488	4886.300
4724	4897.000
4980	4899.000
4564	4899.800
4680	4900.100
4192	4900.400
5084	4900.600
4780	4900.900
5172	4901.100
4432	4901.800
4856	4908.800
5144	4912.000
4532	4912.500
4536	4916.200
5284	4916.900
4248	4917.400
4716	4917.700
4852	4918.200
4404	4918.800
4724	4919.800
4436	4919.900
4828	4920.800
4568	4921.000
5092	4921.800
5124	4931.200
5248	4934.700
4520	4935.500
5044	4935.700
4664	4937.100
4640	4937.200
5224	4940.300
4992	4941.000
5200	4941.800
4372	4944.200
4396	4944.700
5152	4947.500
5240	4950.300
5092	4954.700
4224	4960.000
5004	4965.300
4488	4970.700
4336	4970.800
4356	4971.400
4256	4972.500
4612	4972.800
4728	4973.900
4796	4981.700
4780	4983.100
4788	4983.500
4248	4984.100
4296	4984.100
4312	4985.700
4164	4986.100
4536	4986.200
5144	4986.500
4584	4987.300
4436	4987.500
4448	4987.500
5268	4990.200
4532	5001.500
4184	5001.600
4376	5002.400
4676	5004.400
4352	5005.000
4780	5005.000
4220	5005.800
4560	5005.800
5108	5005.800
4292	5006.200
4724	5006.300
5048	5007.000
4824	5008.800
5044	5009.400
4172	5011.100
4424	5014.600
5240	5016.900
4888	5017.700
4812	5019.400
4312	5019.800
4276	5020.100
5136	5020.700
5004	5021.700
4404	5022.100
4492	5022.200
5056	5025.800
4940	5034.500
4408	5035.800
5268	5036.400
4356	5037.500
4948	5038.000
4648	5044.200
4860	5046.900
4568	5049.000
4780	5049.600
4388	5050.400
4920	5053.200
5292	5059.400
4156	5061.900
5124	5066.000
5136	5066.900
4488	5067.100
4840	5068.400
4852	5068.600
4580	5069.800
4200	5070.600
4492	5072.000
4748	5073.100
5188	5082.700
4584	5082.900
5200	5083.300
5084	5084.000
4152	5084.100
4316	5084.500
4788	5084.800
5264	5084.800
4920	5087.400
4560	5088.300
4816	5090.400
4144	5091.000
4868	5094.100
4712	5095.200
4224	5099.400
4680	5101.700
4836	5101.800
4192	5103.100
4996	5103.500
4540	5103.600
5016	5104.400
4768	5115.100
4340	5116.000
5092	5116.000
4560	5116.200
4840	5116.300
4276	5116.900
4904	5118.000
4544	5118.200
4688	5118.300
4336	5118.400
5224	5118.500
5296	5118.800
5104	5119.300
4140	5119.900
4504	5119.900
4572	5120.100
4288	5120.700
5268	5124.100
4280	5129.900
5212	5131.300
4552	5131.700
4676	5132.200
5188	5132.500
4804	5135.600
4816	5135.900
4384	5136.300
5124	5136.600
4564	5136.700
4664	5141.600
4444	5149.500
4776	5151.000
4920	5151.000
4716	5151.100
4532	5151.500
4608	5151.600
4764	5151.600
4772	5151.700
5244	5151.700
5100	5152.000
4880	5152.500
5220	5152.600
5160	5153.200
4856	5166.000
4508	5166.800
4780	5168.700
4788	5168.700
4616	5169.200
4640	5169.400
4748	5170.600
5048	5170.700
5280	5172.600
4824	5173.300
4712	5174.600
4556	5179.200
4184	5179.300
5056	5179.600
4200	5180.500
4308	5181.000
4416	5182.700
4452	5184.700
4472	5185.200
4576	5197.800
5044	5197.800
4908	5198.400
4728	5199.100
4504	5199.200
5104	5199.700
4912	5199.900
4884	5201.100
4708	5202.200
5260	5203.100
4456	5203.900
4536	5204.200
4436	5205.600
4336	5219.000
5268	5220.800
4316	5220.900
4248	5221.900
4788	5221.900
4556	5222.200
4724	5222.300
5004	5222.300
4560	5222.900
4160	5234.600
5056	5236.500
4836	5237.000
4504	5238.300
4536	5238.500
5012	5238.600
4352	5238.700
4668	5238.800
4864	5239.200
5004	5239.300
5276	5239.300
4608	5239.700
5268	5240.100
4236	5240.200
5156	5255.300
5224	5257.400
5220	5257.500
4744	5257.800
4640	5258.400
5228	5258.600
4768	5259.200
4320	5273.100
4852	5273.500
4496	5273.600
4312	5274.300
4180	5276.000
4536	5276.500
4324	5278.400
4720	5278.600
4672	5278.800
4368	5279.600
4472	5290.100
4556	5291.400
4444	5292.200
4400	5294.300
5224	5294.900
5268	5295.500
4884	5296.000
4332	5296.500
4564	5296.600
5044	5297.700
4928	5298.100
5108	5303.500
5200	5307.800
4404	5308.300
4544	5308.600
4616	5308.600
4328	5309.000
4336	5309.200
5276	5310.500
4504	5311.800
4984	5311.900
5152	5326.900
5272	5326.900
4868	5327.300
4492	5327.700
5044	5328.500
4148	5328.700
5096	5329.100
4956	5329.200
4344	5339.000
5224	5339.800
4248	5340.600
4536	5341.100
5292	5341.600
4756	5341.800
4792	5342.300
4980	5342.500
5000	5342.500
4140	5342.800
4816	5343.100
5244	5343.100
4776	5343.900
4948	5344.900
4696	5356.200
5064	5357.500
4224	5374.700
4164	5375.000
4564	5375.500
5068	5376.300
4376	5376.900
4476	5377.700
4316	5378.000
5268	5379.600
4904	5379.800
5156	5380.400
5104	5381.000
4324	5382.500
4768	5393.500
4496	5393.900
4444	5394.200
5276	5394.400
4528	5394.800
4940	5395.100
5220	5395.100
4680	5395.300
4472	5395.400
4352	5395.700
4772	5395.700
5160	5395.800
4532	5395.900
4492	5396.100
4736	5396.300
4148	5396.400
4388	5396.600
4984	5396.600
4172	5410.400
5156	5410.500
4340	5411.700
4200	5412.900
5208	5413.800
4672	5414.800
5272	5414.800
4268	5416.900
4292	5421.800
4852	5423.200
4712	5423.500
4288	5423.900
4324	5423.900
4704	5424.800
4748	5425.200
4160	5425.700
4640	5430.900
4328	5434.400
5240	5436.200
4312	5436.400
5172	5436.700
5012	5437.200
4664	5438.400
4816	5438.600
5276	5441.200
4208	5447.400
4320	5449.900
4332	5454.700
4184	5455.300
4536	5455.400
4172	5455.500
4528	5455.600
5040	5455.900
4476	5456.300
5272	5456.800
4420	5457.600
4940	5461.100
5224	5467.900
4544	5469.000
4616	5469.500
5044	5470.200
4788	5470.900
5076	5473.500
5000	5475.200
5188	5479.000
4724	5480.400
5180	5481.200
4880	5485.200
4464	5486.400
4252	5488.000
5272	5488.500
5200	5489.100
4928	5490.700
4972	5493.600
5292	5494.000
4600	5494.600
4524	5494.700
4580	5497.800
5152	5497.800
4200	5502.900
4436	5505.900
4216	5509.200
4640	5510.000
4676	5510.700
4948	5510.900
4368	5511.500
4228	5511.800
5204	5512.400
5220	5512.500
4884	5512.600
4156	5512.700
4320	5513.200
5124	5514.200
4612	5526.600
4636	5527.700
5140	5528.300
4256	5529.600
5008	5532.300
4628	5532.900
4904	5533.800
4880	5534.200
4532	5538.400
4336	5539.200
4344	5539.800
5220	5540.500
4956	5544.200
4888	5546.100
4308	5546.700
4852	5547.700
5128	5551.600
5076	5552.000
4884	5558.900
5108	5560.800
5268	5562.700
4324	5569.500
4220	5570.800
4704	5574.700
4444	5576.800
4160	5576.900
5004	5577.600
4948	5578.000
4644	5578.900
4580	5580.800
4536	5588.400
4320	5589.700
4352	5589.900
4784	5589.900
4828	5591.500
5260	5591.700
5028	5592.300
4532	5592.400
4972	5592.400
4200	5592.700
4788	5593.200
4516	5594.400
4476	5595.400
4356	5604.800
5044	5606.700
4640	5607.200
4560	5607.900
5140	5608.000
4284	5608.100
4648	5608.400
4300	5609.000
5116	5609.800
4636	5610.200
4888	5610.400
4408	5610.700
4616	5611.100
4788	5611.500
4840	5614.600
4792	5622.200
4520	5622.500
5276	5623.400
4964	5627.000
5136	5627.000
5160	5627.100
5224	5627.700
4584	5627.900
4788	5630.100
5220	5630.100
5196	5631.200
5272	5631.600
4728	5633.300
4356	5644.700
4920	5645.500
4508	5645.800
4640	5646.200
4824	5646.400
4364	5646.500
4940	5647.200
4168	5647.300
5296	5648.100
4788	5662.500
4632	5662.600
5268	5664.300
4680	5664.600
4672	5664.800
5044	5664.900
4416	5665.800
5168	5665.800
4908	5676.900
5248	5676.900
5000	5677.100
4248	5677.300
4172	5677.900
4644	5679.000
5084	5679.200
4220	5679.500
4264	5679.500
4580	5680.300
5044	5680.900
4428	5681.500
4536	5681.900
4640	5682.600
4164	5683.500
4608	5695.800
4624	5699.900
5256	5700.800
4184	5703.900
5208	5705.800
5152	5707.900
5276	5707.900
5076	5714.800
5268	5715.400
4712	5715.500
4540	5715.600
4352	5715.700
4636	5716.200
4332	5716.300
4200	5716.700
4788	5716.800
4224	5717.000
4680	5717.100
4648	5717.200
4320	5717.300
5160	5717.800
4368	5718.000
4796	5719.700
4672	5720.000
4704	5731.900
4376	5732.700
4644	5733.700
4312	5733.800
4972	5734.000
4556	5734.500
4684	5734.500
4988	5736.200
4532	5737.700
4368	5752.200
5088	5752.700
5032	5753.300
5276	5753.400
4372	5754.300
4160	5754.600
4624	5756.400
4712	5756.400
4200	5756.500
5108	5756.600
5004	5757.500
4248	5770.400
4512	5773.300
5224	5774.100
4164	5774.400
4356	5780.700
4744	5780.800
4224	5781.100
4772	5781.400
4888	5781.400
4352	5781.600
4876	5781.600
5296	5781.600
4200	5781.800
4532	5781.900
4676	5782.000
4708	5784.400
4324	5784.800
4640	5784.900
4288	5785.000
4436	5785.700
4188	5786.100
4316	5786.700
4160	5795.500
4704	5796.600
4716	5798.200
4488	5798.400
5176	5798.700
4416	5800.400
5160	5801.100
4788	5802.100
4228	5802.500
5140	5802.800
5156	5802.800
4748	5803.700
4320	5805.000
4540	5805.700
4360	5808.800
4676	5809.000
5248	5809.400
4928	5809.800
4904	5810.300
4324	5810.800
5128	5811.600
4980	5811.800
4396	5815.800
4560	5817.100
5004	5823.100
4492	5825.900
5152	5825.900
4248	5827.000
5224	5831.700
5144	5833.600
4724	5839.500
5136	5839.700
4952	5842.600
4772	5844.600
4436	5846.300
5084	5846.600
4908	5847.000
4536	5847.300
4920	5847.400
5300	5847.400
4744	5847.600
5032	5847.600
4680	5851.200
4828	5853.500
5188	5856.800
4456	5861.900
5088	5862.000
4568	5862.100
4320	5862.300
4164	5863.900
4664	5864.400
4704	5869.300
4788	5870.000
5056	5876.500
5268	5878.900
4508	5879.400
5000	5879.400
5044	5879.400
4916	5880.000
4852	5880.200
4744	5880.700
5108	5880.700
4480	5882.200
5004	5883.100
5276	5883.500
4568	5883.600
4664	5883.900
4680	5884.100
4460	5884.300
5096	5893.400
4200	5894.700
4140	5895.100
4172	5895.200
4544	5895.500
4536	5896.300
4968	5896.500
4444	5907.000
5220	5907.600
4428	5909.000
4336	5910.100
5036	5910.200
5288	5910.200
5160	5910.800
4492	5910.900
4840	5911.100
5208	5911.300
5188	5911.600
4200	5913.500
4940	5924.500
4724	5925.000
4664	5925.800
4496	5926.000
4648	5926.200
4932	5926.300
5156	5927.600
4400	5928.100
5268	5928.200
4916	5928.400
5276	5928.500
4256	5929.300
4320	5929.400
4188	5929.500
4824	5929.800
4804	5929.900
4748	5930.800
4560	5931.000
5176	5931.100
4944	5944.300
4388	5945.300
5128	5946.100
4272	5946.200
4640	5947.200
4704	5947.900
4680	5948.200
4228	5952.900
5124	5952.900
5032	5954.000
4152	5958.300
4532	5958.700
4300	5959.100
5084	5961.300
5180	5961.800
5056	5966.100
4388	5969.400
4564	5971.700
4852	5979.000
4904	5980.600
5000	5982.600
5112	5982.700
4592	5982.900
4744	5983.100
5304	5983.200
4836	5983.700
5176	5983.700
4568	6000.500
4784	6000.600
4672	6001.000
4280	6001.100
4352	6001.500
5100	6001.600
4328	6002.100
5204	6004.400
4640	6009.500
5148	6013.000
4772	6015.400
4964	6016.100
4836	6016.200
4492	6016.400
4748	6017.100
5296	6017.700
5088	6017.800
4240	6018.000
4460	6018.100
4632	6018.400
5028	6018.600
4172	6018.700
4924	6019.600
4936	6021.200
4920	6030.700
4744	6033.900
5160	6033.900
4184	6034.000
4880	6035.900
4712	6040.700
4660	6044.800
4280	6046.100
5032	6047.500
4768	6049.000
4664	6049.100
5004	6051.400
5272	6056.400
4396	6057.100
4840	6058.000
5208	6060.600
4528	6061.900
5104	6062.400
4852	6062.700
4416	6072.600
4200	6073.400
5128	6075.000
5000	6075.100
4640	6075.300
4360	6076.100
4832	6076.100
5248	6076.600
4372	6077.200
4568	6077.200
4280	6078.000
4884	6078.700
4404	6080.300
4476	6090.100
4544	6092.700
4724	6094.200
4436	6094.800
4964	6096.400
4364	6096.900
5144	6098.500
4220	6099.200
4200	6099.600
4312	6099.700
4848	6104.200
4688	6105.800
4448	6106.000
4492	6107.600
5268	6107.700
4940	6109.300
4852	6116.300
4164	6117.200
5056	6120.400
4640	6120.700
4356	6121.700
5044	6122.200
4728	6123.300
4816	6123.800
4288	6123.900
4184	6124.200
4704	6136.600
5004	6136.700
4644	6136.800
5152	6137.300
4320	6137.500
4804	6137.600
4296	6137.900
4416	6140.800
4444	6142.600
4380	6142.800
4880	6143.300
4436	6143.800
4656	6153.000
5160	6153.300
5272	6154.200
5128	6155.700
5260	6156.100
5004	6156.600
4564	6156.700
5140	6156.700
4404	6156.800
5092	6156.800
4372	6168.300
4584	6169.100
4972	6172.100
5212	6173.100
4280	6173.200
4632	6173.900
4768	6174.200
4732	6174.400
4424	6174.900
4536	6175.000
4524	6175.100
4316	6175.500
4644	6176.200
4788	6185.100
4804	6185.300
4172	6185.600
4676	6188.400
4556	6189.300
4836	6189.300
4884	6189.500
5044	6190.100
4560	6191.500
5136	6193.000
4188	6202.100
4984	6202.300
5180	6206.800
4316	6207.300
4536	6208.400
5224	6209.100
4184	6213.200
4560	6214.300
4680	6215.200
4200	6220.100
4640	6220.600
4904	6222.600
4448	6223.700
4844	6224.300
4688	6224.800
4936	6225.400
4352	6225.800
4328	6226.200
4464	6226.200
4140	6235.500
4388	6238.600
4504	6238.900
4416	6239.000
5268	6239.300
4564	6239.500
4336	6241.300
4680	6241.600
4560	6242.200
4608	6242.400
4224	6242.900
4292	6242.900
4520	6254.300
5044	6255.000
4228	6255.800
4332	6255.900
4768	6256.100
4728	6256.500
4180	6260.700
5016	6267.100
5048	6268.200
4476	6269.100
4408	6269.300
4564	6269.400
5144	6270.400
4436	6271.300
4524	6271.700
4964	6272.000
5240	6272.500
5200	6273.500
4316	6276.000
5156	6285.700
4164	6286.200
4444	6286.400
4312	6287.100
5304	6287.200
4472	6289.200
4352	6289.600
5188	6289.900
5224	6290.300
4248	6294.400
4184	6301.300
4560	6302.300
4584	6302.800
5100	6303.400
4788	6304.900
5008	6305.100
4744	6306.300
5084	6306.300
4832	6306.400
4564	6307.100
5136	6307.200
5276	6310.000
4904	6314.000
4296	6316.000
4360	6320.400
4680	6321.200
5192	6321.300
5264	6322.900
4164	6323.300
4444	6323.400
5156	6323.800
4192	6327.100
4896	6327.200
4516	6327.500
5272	6329.100
4276	6329.400
4864	6330.200
4616	6331.000
5124	6331.300
4920	6331.400
4496	6331.500
4372	6331.600
5268	6338.100
4184	6338.400
4676	6342.400
4404	6345.500
4832	6346.200
4240	6346.600
4728	6346.800
4708	6353.600
4200	6354.900
4748	6356.600
4792	6357.300
4504	6358.000
4248	6358.600
4600	6363.200
5040	6373.200
4508	6374.600
5244	6375.500
4844	6375.800
4224	6375.900
4164	6376.200
4568	6377.300
4432	6377.700
4436	6377.700
5144	6379.100
4184	6390.400
4704	6390.600
4700	6390.900
5276	6391.300
5160	6393.000
5156	6393.100
4816	6394.300
5008	6395.100
5140	6395.500
4520	6398.000
4228	6398.400
4152	6398.500
5000	6398.500
4536	6400.500
4332	6406.900
4640	6407.600
4192	6415.400
4664	6416.200
5060	6416.300
4628	6416.500
5084	6416.600
5056	6416.900
4504	6417.000
5220	6417.400
4532	6418.000
4160	6418.500
5272	6420.200
4180	6420.600
5264	6429.500
4436	6433.000
5004	6437.900
5052	6441.500
5208	6442.700
5048	6443.000
4464	6447.300
4672	6455.700
4728	6457.600
5248	6457.900
4956	6458.100
5140	6458.200
4416	6458.300
5040	6458.600
4636	6459.300
4864	6459.500
5108	6460.100
5032	6460.200
4408	6460.400
4884	6460.600
4224	6461.000
4320	6468.300
5244	6475.200
4788	6476.400
4752	6477.000
4904	6477.200
4300	6477.300
4452	6477.500
4812	6478.100
4940	6479.500
4836	6480.800
4316	6482.500
4592	6489.700
4716	6489.900
4804	6491.400
4948	6492.100
4528	6492.300
5180	6492.400
4416	6492.500
4464	6493.700
4648	6493.800
5224	6494.000
4248	6495.500
5188	6495.900
4216	6499.000
4760	6505.400
4228	6509.400
4664	6510.000
4276	6510.400
5220	6511.600
4444	6512.100
4976	6512.100
4668	6512.400
4680	6512.700
4492	6512.800
4704	6513.300
4872	6513.400
4964	6514.600
5104	6514.800
4768	6524.800
4676	6528.300
4400	6531.100
4956	6534.000
4852	6534.900
5248	6535.000
4180	6535.300
4560	6535.300
5164	6535.300
4224	6535.400
4716	6537.300
4520	6540.700
4980	6540.900
4696	6541.200
4184	6543.700
4496	6548.100
5180	6549.000
5192	6551.300
4860	6551.400
4508	6552.900
4316	6553.300
5000	6553.600
4828	6553.900
5044	6564.800
5212	6565.300
4788	6566.100
5056	6568.200
5108	6568.300
4640	6568.900
4152	6569.100
4720	6569.100
4260	6569.500
4656	6569.700
5156	6569.700
5240	6570.400
5196	6570.500
5128	6570.600
5268	6571.100
4744	6572.300
4728	6572.700
4184	6574.300
4512	6574.400
4796	6588.500
5244	6589.000
5144	6590.900
4312	6591.800
4388	6593.100
4336	6593.700
4996	6593.900
4264	6594.100
5160	6594.700
4640	6594.800
4496	6603.900
5140	6605.300
4728	6606.900
5252	6607.500
4636	6608.000
4884	6608.100
4228	6608.500
4536	6608.700
5248	6609.000
5236	6609.500
4984	6610.400
4964	6611.600
4328	6625.500
4420	6625.700
4784	6625.700
4224	6625.800
4184	6626.300
4192	6627.700
4940	6627.700
5268	6641.200
5056	6642.900
4488	6643.100
4704	6643.200
4200	6643.300
4616	6643.400
4756	6643.400
4436	6643.500
4460	6643.500
4308	6643.700
4744	6643.900
4480	6644.300
5200	6644.300
5064	6644.400
4164	6645.000
4404	6645.400
4416	6645.700
4360	6658.100
4832	6660.200
5280	6662.700
4208	6663.000
5136	6666.500
5004	6667.000
4320	6669.400
4144	6673.700
5252	6674.400
4964	6674.500
5124	6674.900
5052	6675.400
5044	6678.200
4664	6686.800
4860	6687.800
5268	6687.800
4188	6688.200
4768	6688.400
4536	6688.500
4192	6688.800
4864	6689.400
4196	6690.800
5248	6692.000
4520	6693.100
4660	6694.800
4640	6705.700
4476	6706.400
4636	6706.700
5088	6706.900
4792	6707.000
4252	6707.100
5172	6707.200
4804	6707.300
4224	6707.400
5260	6707.400
5128	6707.600
4940	6710.700
4372	6710.800
4812	6719.400
4336	6721.700
4788	6721.800
5044	6726.100
4724	6727.000
4780	6727.200
5176	6727.400
5052	6728.000
4140	6732.400
4644	6734.000
4852	6736.100
4536	6738.000
5056	6738.500
4172	6740.400
4956	6740.500
5000	6740.600
5276	6741.800
4208	6746.200
4364	6748.200
4320	6748.700
4164	6751.300
5036	6751.300
4416	6751.600
4388	6757.100
4860	6757.700
4408	6763.800
4428	6764.400
5260	6764.400
4472	6765.000
4392	6765.300
4820	6765.400
4608	6765.700
4984	6765.700
4448	6766.800
4184	6769.300
5004	6770.800
4168	6771.500
5248	6774.000
4288	6776.400
4224	6777.600
4532	6781.300
5268	6781.600
4852	6783.000
5044	6783.300
4636	6784.600
4724	6784.600
4708	6787.100
5096	6787.100
4436	6787.300
4456	6788.300
4644	6795.900
4780	6796.400
5220	6797.800
5108	6801.100
4228	6802.400
4260	6808.600
4744	6808.600
4748	6809.600
4420	6809.800
4832	6810.200
4444	6810.300
4596	6810.300
4432	6811.000
4632	6815.900
4276	6816.500
4664	6816.600
4704	6818.400
5056	6818.700
4184	6820.100
4944	6823.700
4640	6826.400
4196	6827.400
4680	6827.600
4176	6828.300
4404	6828.600
4224	6828.900
4788	6828.900
4316	6829.200
4812	6830.100
5148	6830.100
4980	6830.500
4772	6834.400
5076	6842.400
4704	6843.300
4388	6844.300
5136	6844.800
4580	6845.500
4436	6845.600
4820	6845.900
5268	6846.100
4512	6846.700
4780	6848.200
4724	6859.200
5004	6861.800
4836	6862.400
5092	6864.400
4200	6865.300
4528	6865.400
5276	6865.500
4564	6866.200
4416	6868.900
4404	6869.600
4664	6874.800
4852	6877.100
5160	6877.500
5084	6879.700
5220	6879.700
4488	6880.400
5276	6881.400
4676	6881.800
4696	6882.000
4640	6883.700
4680	6883.900
4788	6883.900
4884	6885.500
4140	6894.400
5224	6897.800
5296	6897.800
4248	6898.600
4580	6902.600
4536	6902.800
4792	6903.100
4908	6912.600
4632	6913.000
5044	6913.400
4144	6914.700
4312	6914.700
4264	6915.200
4724	6916.300
4744	6916.600
4780	6924.900
4472	6926.600
4556	6928.100
5144	6928.400
5004	6931.800
5272	6936.400
5020	6937.600
4676	6939.600
4144	6940.600
4184	6941.500
5220	6941.600
5136	6942.800
4224	6944.400
4272	6947.800
4976	6948.400
4724	6949.100
4856	6949.700
5060	6952.500
4788	6958.500
4896	6959.400
4300	6962.900
4208	6972.300
4172	6972.400
4476	6973.800
4640	6973.800
4436	6974.800
4228	6975.000
4200	6977.300
4748	6977.800
5268	6977.800
4536	6979.700
4908	6981.700
5000	6983.800
5044	6988.700
5076	6992.400
4852	6993.300
4196	6993.500
4184	6993.800
4644	6994.100
4180	6994.600
4476	6994.700
4280	6995.300
4384	6995.400
5092	6996.500
4620	6996.700
4436	7007.400
5244	7007.600
4360	7008.000
4580	7008.200
4336	7008.400
4556	7008.500
4320	7008.600
4704	7011.200
5048	7011.200
5188	7012.200
4884	7012.600
4836	7016.100
4808	7022.400
5152	7022.900
4868	7025.200
4504	7025.400
5164	7025.900
5304	7026.000
4308	7026.500
5248	7028.600
5268	7031.500
4860	7038.600
5088	7040.100
4148	7040.200
5224	7040.200
4164	7040.400
4320	7041.000
4728	7042.900
4160	7046.400
4384	7053.300
5232	7053.600
4492	7055.100
4640	7058.800
4740	7059.500
5044	7059.800
5296	7060.700
5216	7060.900
4400	7061.000
4252	7061.100
4312	7063.300
4308	7074.700
4812	7077.000
4328	7077.200
5080	7077.300
5176	7077.300
5268	7077.600
4844	7077.700
5084	7077.800
5140	7077.800
4356	7078.600
4680	7078.600
4424	7079.100
4192	7079.600
5204	7079.900
5156	7080.000
4340	7091.700
4368	7092.100
5168	7092.100
4468	7092.600
5128	7092.600
4788	7092.800
4968	7092.800
4596	7093.200
4164	7093.300
5044	7097.300
5240	7098.500
4360	7107.200
4352	7108.500
4264	7109.900
5032	7110.300
4248	7111.200
4972	7112.200
4316	7112.300
5064	7112.500
4160	7112.700
4528	7112.900
4164	7114.900
4436	7123.800
4564	7126.800
5004	7140.100
4704	7147.600
4676	7148.400
4224	7149.100
4748	7149.700
4312	7149.900
4872	7150.000
5264	7150.600
5240	7152.200
4296	7152.300
5272	7152.300
4580	7152.400
5108	7152.500
4796	7152.700
5224	7153.200
4756	7153.500
4436	7166.100
4844	7167.000
5276	7167.400
5076	7167.600
4352	7167.800
5204	7168.600
4408	7168.800
4708	7169.200
4276	7169.400
4144	7169.600
4164	7171.000
5264	7171.200
5244	7172.100
4632	7173.600
4828	7174.800
4188	7186.900
4640	7187.000
5160	7187.000
4164	7188.600
4528	7188.600
5276	7189.200
4780	7190.400
5060	7190.600
4364	7190.800
4404	7191.200
4356	7193.500
4540	7196.000
4744	7200.100
4980	7200.900
5224	7203.100
4852	7203.300
4204	7203.400
5300	7203.400
4224	7203.500
5136	7205.100
4888	7205.300
4312	7205.900
4320	7206.000
4884	7209.200
4788	7214.000
5268	7217.000
4680	7218.800
5000	7218.800
4140	7219.900
4668	7223.300
5160	7223.500
4468	7223.800
4220	7224.600
4852	7224.900
4784	7225.100
4672	7225.300
4536	7225.600
4344	7237.100
4308	7242.600
4320	7243.400
4352	7245.000
5056	7246.300
5188	7247.400
5260	7247.600
5108	7247.800
4336	7249.500
4472	7252.000
4264	7257.600
4984	7259.600
4328	7260.300
5100	7261.300
5268	7262.000
4640	7262.100
4724	7262.900
5008	7265.500
5232	7265.900
4852	7268.800
5220	7269.100
4956	7271.500
4888	7272.100
5252	7272.200
5152	7272.500
5032	7273.100
4180	7274.600
4312	7281.600
4800	7284.200
4904	7287.100
4440	7288.400
5224	7289.200
4488	7289.600
5104	7290.100
5248	7303.100
5292	7303.100
4728	7303.500
4920	7303.500
4292	7303.600
4632	7305.800
4856	7306.700
4620	7307.400
4388	7307.500
4980	7308.400
4228	7309.600
4788	7309.800
4588	7309.900
4680	7310.500
5008	7311.200
4356	7319.600
4940	7320.500
4444	7320.800
5020	7321.400
4492	7322.400
4880	7322.600
4536	7323.600
4704	7324.600
4824	7331.600
5208	7334.100
4416	7334.400
5268	7334.500
4336	7335.500
5056	7335.600
4564	7335.900
4944	7339.100
5256	7340.700
4200	7340.900
4148	7346.500
5276	7347.800
5044	7348.200
4572	7349.100
4172	7350.700
5300	7351.300
4364	7352.700
4880	7353.300
4972	7353.800
4268	7354.700
5016	7354.800
4688	7356.600
4288	7356.800
4852	7361.000
5220	7363.300
4964	7364.300
4580	7365.600
5240	7366.800
4712	7367.000
4348	7367.500
4592	7367.500
4984	7368.800
4788	7369.300
4524	7369.800
4264	7371.000
4944	7371.200
4976	7371.700
4412	7371.900
4160	7381.800
5260	7381.900
4536	7384.000
4828	7384.300
4248	7384.500
4320	7384.800
4704	7386.100
4436	7386.600
5188	7389.300
4184	7389.600
4764	7389.600
5056	7389.600
4696	7391.100
4616	7399.700
4948	7400.800
5000	7401.000
5196	7402.200
4476	7403.600
4596	7403.800
5080	7407.000
4572	7407.500
4328	7407.600
5120	7409.400
5020	7410.700
4508	7414.300
5048	7414.600
4612	7415.200
4224	7415.900
5016	7416.200
4460	7416.400
4684	7417.700
5268	7420.200
4148	7422.700
4540	7423.100
4680	7425.300
5204	7425.800
4852	7428.000
4516	7429.900
4672	7430.300
4956	7434.600
4436	7438.800
5008	7439.700
4340	7441.100
4788	7445.200
5276	7445.700
4184	7451.700
5044	7452.900
5296	7459.700
4528	7460.200
5244	7460.200
4444	7461.200
5064	7462.800
4572	7469.300
4744	7469.300
4564	7470.200
4880	7470.400
4200	7477.200
4436	7478.300
4844	7478.300
5136	7478.300
4848	7479.900
4368	7482.700
4320	7484.200
4748	7484.500
5004	7486.400
4596	7489.900
4852	7492.000
4640	7492.400
4492	7492.800
4940	7502.700
4200	7506.700
5268	7507.000
4964	7507.200
4364	7507.400
4188	7507.500
5244	7507.500
5132	7507.600
5276	7507.700
4968	7508.100
5184	7508.200
4524	7508.500
4592	7508.700
4568	7509.400
4560	7509.600
4728	7510.200
4856	7511.300
5176	7511.600
4320	7512.400
4844	7512.500
4832	7512.600
5136	7513.600
4732	7527.000
5200	7527.300
4296	7527.800
4940	7527.800
5248	7527.900
4676	7529.200
4972	7530.000
4648	7541.100
4984	7542.500
4640	7542.700
5004	7543.100
4276	7543.600
4228	7543.700
4964	7546.300
4888	7549.200
5044	7553.800
4696	7554.400
4336	7554.900
4596	7555.700
4852	7556.500
5288	7556.800
5292	7558.300
5240	7560.100
4600	7560.200
5244	7562.400
4312	7563.500
4352	7563.800
4328	7564.400
5080	7566.000
5056	7566.500
5260	7567.100
4884	7567.600
4388	7568.700
4164	7570.600
4580	7576.100
5052	7578.400
5268	7578.400
4288	7579.400
4680	7580.200
4740	7581.000
5264	7581.400
4636	7581.500
5084	7581.700
4640	7588.900
5108	7591.500
4276	7591.900
4600	7599.500
5032	7599.600
5044	7599.900
4256	7601.500
4712	7602.900
4904	7603.300
4860	7603.700
4184	7604.800
4324	7604.900
4856	7614.400
5076	7615.400
4704	7616.000
4688	7618.500
4224	7618.600
5224	7618.700
5180	7619.800
4580	7625.600
5268	7625.800
4796	7626.800
4920	7627.300
4596	7628.900
5248	7629.900
5160	7630.100
4512	7630.200
4192	7630.700
4884	7630.900
4820	7631.300
4972	7632.500
5220	7632.700
5004	7640.000
4312	7640.200
4828	7642.700
4852	7643.600
4824	7645.600
4428	7645.700
4744	7646.100
5092	7646.400
4964	7646.600
4532	7647.000
4672	7647.700
4908	7648.300
4756	7649.100
4716	7649.200
4940	7649.800
4748	7660.500
5292	7660.800
4404	7661.200
4436	7661.800
5056	7662.400
4372	7662.600
4884	7662.800
5020	7663.300
5176	7664.300
4732	7664.600
5084	7676.600
4904	7677.100
4164	7677.800
4416	7678.800
4364	7679.400
5248	7679.500
4540	7679.700
4836	7679.800
4832	7693.400
5044	7693.400
4332	7693.500
4572	7693.600
5176	7693.600
4876	7693.900
4792	7695.900
4972	7696.200
5224	7696.600
4312	7699.500
5152	7700.700
4444	7701.000
5004	7702.000
5064	7702.000
4200	7702.100
4676	7702.400
4964	7703.000
5188	7707.400
4584	7708.200
4452	7714.400
4268	7716.300
5284	7717.000
4472	7717.700
4784	7718.800
4368	7719.600
5224	7720.300
4912	7720.500
4248	7720.600
4164	7720.700
4436	7720.700
4184	7720.800
4208	7720.900
5108	7721.000
4276	7721.100
4200	7721.200
4908	7721.400
5000	7722.000
4940	7722.400
4580	7735.600
4492	7744.500
4224	7744.900
4852	7745.000
4516	7745.400
4152	7746.800
5156	7747.000
4956	7747.300
4672	7748.000
4360	7748.800
4476	7751.200
4148	7751.500
4488	7753.300
4472	7756.400
4708	7757.100
4668	7757.900
5040	7761.800
4676	7762.100
4884	7764.300
5188	7764.600
4456	7765.500
4216	7766.500
5108	7766.600
5304	7766.600
4340	7766.900
4188	7767.100
4168	7768.000
5296	7771.600
4816	7771.800
4880	7771.900
4972	7776.000
4660	7779.800
4872	7780.300
4680	7781.900
4232	7782.400
5284	7783.800
4324	7784.700
4920	7784.800
4444	7786.100
4248	7788.200
5268	7791.000
5044	7791.600
4704	7792.100
5132	7795.400
4568	7795.700
4980	7797.100
4984	7797.800
5124	7798.300
4860	7800.100
4788	7802.500
4212	7806.300
4920	7810.700
4660	7811.600
4852	7811.700
4200	7811.800
4188	7812.600
4880	7812.900
4704	7813.000
4944	7814.600
4172	7815.000
4472	7815.800
4584	7825.600
5128	7825.700
5008	7826.200
4524	7826.500
4436	7827.000
5224	7827.100
4788	7827.400
4972	7827.700
5240	7827.800
5260	7828.000
4728	7829.100
4936	7829.100
4748	7829.300
5044	7829.500
5268	7831.100
4312	7844.600
5056	7844.900
4676	7845.000
4640	7845.900
4832	7848.000
4880	7849.600
4556	7850.500
4884	7852.500
5176	7853.700
4704	7854.100
5044	7854.500
4436	7857.900
4744	7858.100
4536	7858.800
4196	7860.400
4784	7861.200
4664	7863.200
4188	7866.000
4608	7866.300
4280	7868.500
4200	7868.600
4856	7869.600
4372	7869.800
4484	7869.800
4476	7870.800
4400	7871.100
5192	7873.300
4316	7874.200
4160	7875.200
4972	7875.500
4904	7876.400
4268	7876.500
4352	7876.500
4780	7891.900
4640	7893.200
4248	7895.300
5004	7895.500
4704	7896.200
5248	7896.200
4420	7896.400
4140	7896.600
5056	7897.100
5012	7898.100
4748	7898.800
5080	7898.900
4560	7899.000
4696	7901.300
4536	7911.400
4684	7911.800
5044	7919.000
4560	7929.700
5276	7930.000
4332	7930.100
4892	7930.400
4388	7931.300
5004	7931.800
5216	7931.900
4708	7932.000
5224	7932.200
4852	7932.300
4768	7932.400
4972	7932.900
4208	7933.200
4476	7933.600
4636	7933.600
4676	7935.400
5092	7935.500
4628	7935.800
4968	7935.900
4880	7948.400
5156	7948.600
4224	7949.700
5148	7949.900
4836	7950.300
4680	7951.400
4964	7951.400
4568	7951.700
4180	7958.400
5300	7958.600
4980	7959.100
4308	7959.700
4860	7961.300
4708	7961.500
5224	7962.000
5284	7962.300
4852	7962.500
4184	7969.500
4196	7978.100
4312	7978.200
5268	7978.300
4560	7978.400
5044	7978.500
4360	7978.600
4704	7978.700
4748	7978.800
4804	7979.700
4920	7980.000
4688	7980.200
4780	7980.500
4852	7981.300
5180	7982.100
4828	7982.500
5136	7984.400
4948	7996.600
5188	7997.000
5220	7997.000
5000	7997.300
5176	7997.600
4224	7997.700
4764	8003.000
4940	8008.900
4884	8010.800
4152	8012.300
5092	8012.400
4956	8013.000
5044	8013.700
4872	8013.900
4436	8015.100
4312	8015.500
4832	8015.900
5056	8017.800
4564	8030.100
5196	8030.100
4788	8030.300
4852	8031.000
4332	8031.100
4476	8031.500
4632	8032.000
4984	8032.000
5020	8032.300
4680	8032.700
4840	8033.500
5004	8033.800
4584	8035.200
4964	8035.200
5236	8036.700
5224	8037.600
5100	8039.200
4644	8039.900
4320	8049.400
4176	8049.600
4600	8049.800
5092	8049.800
4704	8049.900
4880	8050.000
4432	8050.500
5084	8050.600
5004	8050.800
4224	8051.100
4444	8052.000
4492	8062.100
4920	8063.500
5208	8064.800
4908	8065.400
4740	8065.900
4144	8066.000
5160	8066.200
5200	8066.600
4196	8066.700
4516	8067.300
5144	8079.900
4320	8080.400
5108	8080.400
4888	8080.500
5000	8080.700
4472	8081.500
5248	8082.000
4276	8085.800
4668	8088.000
4752	8092.800
4560	8093.100
5004	8098.800
5148	8099.200
4368	8100.000
4636	8106.400
5276	8107.800
4980	8109.000
5108	8113.400
4320	8113.900
4780	8119.500
4788	8120.400
4972	8123.000
4840	8123.300
5224	8123.500
4580	8123.600
4552	8124.100
4744	8124.100
4848	8124.500
5196	8125.000
4416	8126.700
4852	8126.800
4244	8126.900
5140	8126.900
4444	8127.300
4312	8135.500
5044	8135.900
4656	8139.200
4172	8139.300
5136	8139.300
4264	8140.500
4884	8140.800
4968	8141.300
5156	8141.600
4480	8142.800
4536	8143.800
4200	8144.300
4324	8156.300
5276	8157.400
4504	8158.300
4920	8158.300
5044	8159.000
4948	8159.200
4492	8159.300
5260	8159.500
5076	8159.600
5160	8159.600
4440	8159.900
5176	8160.400
4688	8161.900
5156	8164.400
5268	8168.900
5188	8173.400
4784	8177.500
5220	8177.900
4804	8178.000
5272	8179.600
4220	8181.300
4544	8181.300
4680	8182.200
4332	8187.800
4884	8188.800
4432	8194.100
4572	8197.800
4944	8197.800
4536	8198.000
4724	8198.900
4556	8199.100
4680	8200.600
4228	8201.500
4452	8202.900
4788	8211.500
4532	8211.800
4504	8212.300
4940	8212.500
5268	8213.300
5164	8213.500
4612	8213.600
4640	8214.300
4292	8215.300
4588	8216.200
4920	8216.700
4428	8218.100
4284	8230.900
4372	8231.400
4744	8231.900
5196	8232.000
4528	8232.100
4792	8232.400
4240	8232.800
4984	8232.900
5200	8233.900
4748	8236.300
5140	8237.400
4184	8246.900
4356	8247.000
4636	8247.200
4864	8247.300
4780	8247.600
4884	8247.600
4164	8247.800
4644	8247.800
5244	8247.800
4252	8247.900
5268	8247.900
4364	8248.100
5156	8248.200
4872	8248.400
5168	8250.200
4776	8250.400
4524	8250.700
5160	8250.700
4140	8255.100
4836	8257.900
4680	8264.000
4224	8264.100
5044	8265.100
5004	8266.800
4788	8269.100
4860	8269.500
4852	8270.000
4280	8271.900
4676	8273.000
4164	8283.300
5056	8286.000
4312	8286.500
5268	8287.100
4184	8288.600
4420	8293.400
5000	8293.600
5044	8297.500
4568	8297.900
5180	8298.600
4664	8299.000
4792	8299.200
5224	8300.600
4920	8300.700
5220	8304.700
5004	8309.200
4992	8311.400
4728	8311.600
5136	8312.200
4676	8319.000
4884	8319.700
4560	8319.900
5032	8321.000
4972	8321.100
5084	8321.100
4540	8321.600
5248	8324.400
4716	8325.800
5272	8326.700
4964	8327.200
4640	8327.800
4788	8329.100
5296	8329.700
5240	8330.700
4536	8333.200
5056	8334.000
4636	8334.600
4320	8337.400
4184	8339.000
4228	8340.000
5276	8346.500
5008	8346.700
5032	8348.600
4404	8348.900
5108	8350.700
4508	8350.800
5268	8350.800
4328	8352.100
4852	8361.700
4680	8363.500
4312	8363.600
5044	8363.600
4648	8363.900
5160	8364.900
4816	8365.400
4480	8373.700
4532	8373.900
4972	8374.000
4200	8374.500
4788	8375.800
5164	8376.100
4976	8377.400
4956	8377.800
4320	8384.200
4380	8386.300
4728	8387.600
4616	8387.900
4388	8388.800
4508	8388.900
4556	8389.100
4436	8389.800
4852	8392.300
4264	8394.900
5276	8399.100
4920	8400.000
4780	8402.500
5268	8404.700
4676	8406.400
4704	8406.500
5032	8406.600
4848	8407.000
4200	8407.100
4784	8411.800
4684	8413.500
4472	8416.500
4540	8422.800
4280	8424.200
4140	8425.000
4728	8425.100
4464	8425.300
4528	8426.600
5008	8430.300
4928	8430.800
4276	8431.600
4864	8431.900
4216	8432.100
5128	8432.100
4852	8432.300
4584	8432.400
4368	8432.600
4748	8433.000
5248	8433.600
4532	8434.400
4956	8445.700
4912	8446.600
5268	8446.600
4284	8447.300
5052	8447.500
5188	8448.000
4184	8448.100
4568	8448.300
4708	8448.500
5044	8448.500
5076	8448.600
4640	8448.800
4180	8448.900
4248	8448.900
4196	8449.100
4292	8449.200
4580	8449.400
4596	8449.400
5144	8449.400
4592	8449.500
4884	8449.600
4824	8449.900
5232	8450.100
4792	8451.300
5224	8468.100
4852	8469.000
5288	8469.100
5200	8469.200
4480	8470.000
4256	8470.200
5136	8470.200
4728	8470.800
5236	8471.700
4788	8472.000
5060	8472.200
5124	8472.300
4964	8481.500
5244	8483.100
4248	8484.100
4600	8484.100
4968	8484.300
4984	8484.400
4836	8484.700
4744	8484.900
4320	8485.800
4748	8486.700
5176	8487.900
4948	8489.100
4904	8493.200
5268	8493.600
4788	8494.100
4704	8505.400
5252	8506.300
4512	8506.500
4316	8506.600
4808	8506.600
4224	8506.800
5160	8507.100
5224	8508.200
4344	8508.300
4664	8508.500
4680	8509.200
4724	8512.200
4744	8522.500
5236	8522.700
5076	8524.100
4704	8525.800
4852	8528.600
4188	8529.100
4256	8529.400
4208	8530.000
4964	8530.400
4676	8530.700
4452	8531.500
4444	8532.000
4884	8540.700
4572	8541.200
4352	8545.000
4492	8545.200
4164	8545.500
5160	8545.500
4912	8546.200
5004	8546.900
4248	8556.600
4704	8561.300
4904	8561.500
5080	8561.600
5224	8561.700
4708	8561.900
4180	8562.000
4320	8562.400
4312	8562.700
4972	8562.800
5052	8562.800
5220	8562.900
4680	8563.200
4360	8563.300
4600	8563.500
4768	8563.500
4344	8563.800
4232	8564.000
5056	8564.100
4220	8564.700
5156	8577.600
4872	8580.500
4216	8581.800
4604	8582.700
4836	8583.000
4940	8583.500
4748	8583.700
5244	8584.700
4960	8593.300
4312	8594.200
4388	8594.900
4788	8594.900
4884	8595.400
5296	8595.700
4564	8597.300
5208	8600.800
4584	8605.500
4840	8606.100
4852	8610.000
4844	8610.200
4200	8610.300
5000	8611.400
5240	8614.100
4672	8616.000
4228	8619.300
4364	8620.100
5292	8621.000
5220	8623.000
4248	8623.100
4780	8623.400
4336	8623.700
4668	8624.200
4464	8624.700
4360	8626.300
4160	8626.500
4476	8633.100
5004	8633.700
4968	8634.200
4292	8636.900
4344	8639.100
5044	8639.600
5188	8642.000
5200	8642.800
4712	8648.400
4852	8651.500
4268	8653.700
4192	8654.900
4208	8657.600
4536	8663.600
5240	8663.800
5256	8665.000
4700	8665.900
4444	8666.200
5224	8666.300
4844	8666.600
4876	8666.700
5000	8667.000
4436	8667.500
4224	8667.600
4592	8672.500
4636	8673.400
4704	8681.600
4432	8681.900
5268	8682.300
4320	8682.400
4180	8682.900
4332	8682.900
4460	8683.000
4184	8683.100
4516	8683.100
4368	8683.200
4728	8683.200
4364	8683.300
4272	8684.000
5004	8684.100
4312	8697.300
4360	8699.900
4668	8700.400
4480	8700.700
4540	8701.400
4560	8714.500
4332	8715.300
5224	8716.100
4224	8716.500
5272	8718.400
4772	8718.700
4744	8718.900
4472	8719.300
4788	8719.400
4540	8719.900
4564	8720.200
4424	8720.300
5240	8720.800
4656	8721.500
4308	8722.100
4664	8725.700
4596	8735.700
5156	8738.200
4536	8738.300
4200	8738.600
4568	8738.700
4796	8739.700
4352	8743.200
4576	8743.400
4164	8743.500
5124	8744.200
5224	8744.500
4248	8744.700
4336	8746.600
4340	8747.300
4344	8753.300
4312	8755.000
4800	8755.300
4436	8756.000
4864	8757.600
5276	8758.900
5268	8759.100
4572	8759.700
4388	8760.700
4704	8761.300
4680	8762.700
4324	8764.800
4516	8766.700
4608	8774.600
4184	8775.500
4316	8776.300
4868	8776.300
4668	8776.700
5004	8777.000
4596	8777.100
4640	8777.100
5044	8777.400
5008	8782.700
4628	8789.500
4812	8789.900
5200	8790.000
4888	8793.800
5256	8794.300
5032	8794.800
4496	8795.000
4964	8795.400
4492	8795.800
5224	8797.400
4632	8806.600
5276	8807.800
4560	8809.800
4640	8810.800
4328	8811.500
4904	8811.600
4520	8813.200
4336	8816.400
4860	8818.000
4344	8820.100
4276	8820.700
5092	8822.000
4376	8822.200
5004	8822.900
5280	8823.100
5108	8824.400
5056	8824.800
4216	8824.900
4664	8824.900
4880	8825.500
4184	8829.900
5044	8832.100
4584	8834.700
4364	8838.200
4864	8838.200
5032	8841.900
4280	8842.100
5008	8845.100
4200	8845.400
4436	8845.700
5084	8848.800
4404	8850.500
4856	8850.800
4964	8851.500
5188	8854.200
4848	8857.000
4960	8857.000
5220	8858.300
5272	8859.500
4420	8860.000
4852	8860.100
4320	8862.400
4400	8863.700
5056	8873.400
4412	8875.000
4516	8875.000
4388	8876.100
5128	8876.400
5232	8876.800
5016	8877.000
4472	8877.400
5152	8877.400
5224	8889.700
4524	8891.600
4704	8891.800
4556	8892.400
4488	8892.800
5004	8893.700
5268	8899.100
4444	8899.200
5044	8901.900
4788	8907.800
4560	8907.900
4728	8908.200
5076	8908.200
4248	8909.000
4264	8909.500
4308	8909.500
4852	8911.600
4632	8911.800
4888	8912.300
4980	8912.300
4360	8913.300
4880	8914.300
4680	8915.500
5136	8919.700
4152	8923.200
4804	8924.400
5244	8928.500
4412	8929.400
5080	8929.800
4308	8930.800
4940	8931.200
5176	8933.400
4224	8941.500
4704	8942.300
5224	8943.600
4656	8944.200
4472	8949.900
4440	8950.500
5008	8950.700
4356	8951.000
5276	8951.300
4768	8951.400
4864	8951.500
5108	8951.700
5076	8954.200
4316	8955.800
5000	8959.600
4220	8961.000
5268	8972.200
5260	8972.700
4792	8973.400
4840	8973.800
4560	8974.300
4796	8978.700
5220	8982.200
4336	8982.600
4312	8983.300
5056	8984.800
4748	8990.000
5100	8991.700
4280	8991.800
4916	8992.300
4596	8992.900
4704	8995.300
4996	8997.400
4184	8997.800
4948	8998.100
4688	8998.400
4428	8999.200
4708	8999.600
4436	8999.800
4616	9002.600
4272	9010.500
4612	9014.500
4864	9015.200
4164	9015.300
4536	9015.300
4964	9016.000
4352	9016.400
4264	9017.300
4980	9017.300
4704	9019.700
5296	9024.200
5136	9031.800
4588	9034.900
4316	9035.000
4312	9036.300
4792	9036.700
4564	9036.900
5132	9037.100
5224	9037.200
4464	9037.900
4932	9038.100
5152	9038.600
4712	9042.400
4804	9053.700
5280	9054.200
4536	9055.000
4172	9055.800
5184	9055.800
4676	9055.900
4560	9056.200
5180	9056.300
4816	9056.400
5056	9056.700
4184	9057.200
4580	9057.600
5048	9057.600
4704	9057.700
4716	9057.700
4616	9057.900
4584	9058.100
4296	9071.200
4360	9072.700
4596	9074.100
5248	9074.100
4540	9075.600
4984	9077.900
4884	9081.400
4680	9085.000
5044	9086.300
5268	9086.400
4292	9086.800
4956	9087.200
5056	9087.200
4476	9092.900
4836	9095.000
4544	9098.500
4744	9099.600
4268	9100.600
5264	9101.100
4320	9101.800
4332	9107.600
4648	9109.500
5024	9109.800
5168	9110.400
4472	9110.600
4780	9110.900
5152	9111.200
4420	9111.300
4792	9111.600
4564	9111.700
4312	9112.300
4232	9112.600
5076	9114.000
4272	9114.300
4432	9114.500
4460	9122.400
5144	9126.900
4852	9129.300
4640	9131.000
5292	9131.400
5188	9132.100
5088	9132.200
5048	9132.400
4724	9133.000
4504	9133.400
5180	9133.400
5004	9133.500
4352	9134.300
5268	9134.300
5220	9135.000
5080	9135.200
5168	9135.600
4384	9136.000
4680	9136.100
4368	9150.200
4628	9150.600
4312	9151.000
4792	9151.800
5116	9152.100
4404	9152.400
5244	9154.300
4964	9155.400
4616	9164.600
5236	9166.500
4780	9167.000
4228	9167.200
4340	9167.300
4624	9167.400
4748	9167.500
4492	9167.900
4600	9168.000
4952	9168.000
5200	9168.100
4644	9168.300
4192	9168.900
4352	9168.900
5040	9169.800
4164	9182.300
4568	9184.000
5016	9185.200
4172	9185.300
4724	9185.300
5144	9185.300
5224	9185.500
4300	9185.600
5276	9185.700
4684	9185.800
4532	9203.600
4920	9205.400
4292	9206.600
4356	9207.400
5156	9209.400
5268	9210.500
5044	9213.900
4560	9214.600
5164	9214.600
5248	9216.400
5008	9216.600
4308	9217.100
4760	9217.200
4664	9217.600
4728	9218.200
4828	9218.500
4524	9222.100
4788	9225.200
4220	9225.900
4252	9226.000
5084	9229.700
4836	9230.800
4164	9232.200
4184	9234.500
5180	9234.800
4640	9236.400
4580	9237.600
4852	9242.200
5268	9242.900
4320	9243.600
4504	9245.200
4172	9246.700
4864	9247.700
4572	9248.700
5276	9252.900
5164	9253.100
4484	9254.600
4492	9256.900
5272	9258.000
4828	9258.100
4772	9258.500
4868	9260.500
4444	9262.700
4744	9269.400
4508	9270.500
5296	9270.600
5032	9271.000
4352	9271.300
4764	9271.700
4884	9271.700
4940	9271.700
4724	9271.800
4284	9271.900
4488	9272.000
4776	9272.000
4472	9272.200
4840	9272.400
4288	9272.500
4664	9272.800
4456	9273.500
5144	9274.700
5248	9274.700
4320	9274.900
5292	9288.300
4836	9289.400
5224	9289.800
5092	9290.600
4248	9296.500
4984	9303.100
4372	9303.700
5164	9305.600
4748	9306.500
5004	9306.500
4496	9306.700
4452	9306.800
4316	9307.000
4648	9307.100
4680	9307.100
5156	9307.100
4580	9307.300
4588	9308.000
4712	9308.300
5008	9308.400
4224	9308.900
4368	9317.900
4592	9321.800
4536	9322.100
4344	9326.200
4184	9328.500
5220	9330.600
4472	9333.000
4320	9333.500
4528	9334.900
5044	9335.300
4264	9337.800
5056	9339.100
4640	9339.300
4144	9339.600
5172	9340.300
4956	9344.300
5004	9347.500
5224	9351.400
4164	9356.500
4216	9356.600
4360	9356.700
4788	9357.300
4364	9358.900
4436	9359.000
4160	9359.400
5180	9359.400
4224	9359.600
4724	9360.000
4564	9360.100
4540	9360.700
5268	9366.200
4492	9366.700
4596	9368.000
4804	9373.700
4332	9373.800
4928	9375.300
4148	9375.500
4580	9376.000
5108	9377.100
5140	9377.500
5084	9377.600
4476	9377.900
5188	9381.000
4428	9381.700
4764	9385.700
4592	9394.400
4344	9394.600
4640	9395.900
4336	9396.000
4224	9396.600
5260	9397.000
5044	9399.700
4676	9408.700
4576	9408.900
4564	9409.300
4560	9409.400
4972	9411.000
4876	9411.700
5052	9411.700
4580	9412.300
5136	9412.400
5104	9412.500
4364	9412.600
5144	9413.500
5220	9416.200
4328	9423.500
5276	9435.600
4388	9436.300
5004	9437.400
5108	9438.400
4768	9438.500
4472	9438.800
4476	9438.900
5084	9442.100
4160	9442.800
4436	9443.000
5040	9443.400
4592	9443.500
4264	9444.200
4848	9444.700
4852	9445.100
5184	9445.700
5048	9453.500
4948	9456.000
4164	9457.000
4884	9458.100
5004	9460.500
4744	9460.800
5144	9461.300
4336	9461.400
4964	9462.600
4400	9468.000
4200	9469.100
4316	9470.700
4488	9470.900
4248	9472.000
4504	9472.000
4260	9472.500
5184	9472.700
5304	9472.800
5252	9473.000
4360	9473.300
4940	9486.900
4788	9487.200
4972	9487.900
5168	9489.000
5268	9489.100
4408	9489.500
4792	9490.300
4748	9490.600
4852	9490.800
4524	9491.700
5244	9491.900
4336	9492.700
4676	9494.000
4168	9503.300
4896	9503.400
5004	9504.700
5100	9505.200
4992	9505.500
4184	9506.300
4476	9508.200
4448	9508.700
4484	9510.700
5044	9513.400
5000	9513.500
5112	9513.500
4580	9514.400
5244	9515.000
4248	9516.800
4948	9526.800
4772	9528.300
4964	9528.900
4908	9531.200
4748	9531.300
5180	9534.800
4388	9535.500
5220	9540.300
5272	9540.400
4352	9540.900
4756	9540.900
4628	9541.400
4928	9541.500
4316	9542.500
5124	9542.700
4320	9543.000
5084	9543.100
4488	9545.100
4676	9551.800
5052	9552.500
5188	9554.000
4968	9556.000
4984	9556.200
4472	9556.400
4540	9557.800
4724	9572.600
5148	9572.700
4596	9573.100
4532	9573.700
4920	9574.500
4880	9574.600
4252	9575.900
4168	9576.500
4624	9576.500
5088	9579.500
4680	9591.700
4820	9591.900
4628	9592.200
4640	9592.700
5220	9593.400
4180	9594.200
5268	9594.300
4288	9594.400
4768	9594.500
4872	9594.800
4224	9595.200
5296	9608.900
4924	9612.200
4840	9612.900
5044	9613.700
4192	9614.300
4648	9614.500
4336	9614.900
5188	9614.900
5228	9614.900
4656	9616.600
4200	9616.900
4964	9617.700
4508	9630.100
4468	9632.600
4616	9632.600
4152	9632.800
4888	9633.000
4640	9633.200
4804	9646.300
5280	9646.400
4768	9646.900
4964	9647.400
5244	9647.600
5124	9647.700
4852	9648.200
4628	9648.300
4696	9648.300
4792	9648.300
4644	9648.800
4672	9649.000
5156	9652.500
4676	9658.400
4788	9664.600
4296	9665.100
4664	9665.500
5272	9668.900
4824	9669.300
4192	9670.100
4276	9670.200
5056	9670.600
4908	9671.300
4492	9671.600
4224	9672.700
4568	9676.700
4620	9678.400
5032	9678.900
4280	9682.400
4344	9683.100
4572	9683.100
4292	9683.300
4180	9686.200
5180	9691.100
5260	9692.000
5292	9694.200
5240	9694.900
5276	9696.300
4540	9701.300
4144	9702.100
5044	9702.100
4304	9702.400
4312	9702.400
5124	9702.500
4852	9702.700
4816	9703.000
5092	9707.300
5200	9708.100
5048	9714.500
4828	9716.200
4336	9717.400
5004	9718.500
4368	9719.400
5268	9719.700
5000	9719.800
5084	9720.200
4384	9721.300
4856	9721.600
4676	9721.700
4788	9723.100
5216	9732.200
4532	9734.000
4560	9735.500
5132	9735.500
4844	9736.100
5188	9736.200
5100	9736.700
5044	9737.400
4508	9744.400
4648	9746.100
4416	9746.400
4680	9746.500
4972	9747.600
4372	9748.000
4200	9748.900
4448	9749.500
4788	9749.800
4848	9756.500
4928	9759.800
5124	9760.400
4504	9763.100
4580	9763.200
4224	9763.600
4404	9764.500
5004	9764.800
4356	9766.300
4672	9767.700
5032	9768.400
5224	9768.800
4788	9769.800
5300	9775.200
4408	9781.100
4152	9782.900
5184	9783.300
4856	9783.400
4256	9783.700
4536	9784.000
4492	9784.100
4372	9784.500
4968	9784.500
5096	9785.700
4460	9786.300
4880	9787.800
4640	9788.100
4320	9790.900
4748	9797.700
5056	9798.300
5124	9798.700
5180	9800.700
4688	9801.300
4884	9801.300
4164	9801.500
4564	9801.700
5268	9803.500
5044	9803.800
5272	9804.500
4720	9811.700
4332	9813.300
5224	9814.300
4792	9818.300
4628	9818.600
4324	9818.800
4492	9819.400
4264	9819.700
4436	9819.700
4404	9820.100
4788	9820.400
4224	9821.100
4912	9832.600
5004	9832.900
5144	9833.300
4560	9833.400
4844	9833.700
4444	9833.900
4372	9834.600
4744	9835.200
4704	9835.400
4408	9835.500
5276	9835.900
4920	9836.800
4260	9838.600
4908	9839.200
4664	9851.500
4532	9853.300
5196	9853.300
4880	9856.400
4160	9856.700
4828	9856.700
5028	9857.300
5092	9857.500
5156	9857.500
4748	9857.600
4316	9858.300
5224	9870.700
4492	9872.000
4444	9872.800
4540	9873.200
4448	9873.300
4984	9873.300
4928	9874.000
5236	9874.200
4856	9874.400
4980	9874.500
4684	9874.600
4940	9874.800
5304	9874.800
5004	9875.100
5044	9876.000
5184	9876.800
4732	9876.900
4544	9878.300
4472	9890.500
4312	9891.500
4540	9892.000
4852	9892.100
5160	9892.100
4676	9892.400
4164	9893.600
4564	9894.500
4680	9896.100
4368	9898.500
4328	9908.900
4176	9912.800
4964	9912.800
4320	9913.500
4388	9915.600
4484	9915.600
4916	9916.500
5092	9918.500
4680	9919.000
4780	9919.900
4200	9920.100
4228	9920.600
4928	9920.600
5160	9924.300
4164	9927.200
5032	9927.600
4984	9932.900
4436	9934.600
4712	9934.900
4788	9935.800
4704	9937.000
4828	9939.000
5004	9942.200
5084	9949.800
4700	9950.000
4528	9952.000
4172	9952.200
4636	9953.300
4464	9953.700
4320	9954.400
4772	9958.300
5268	9960.100
4324	9960.400
4208	9967.500
4560	9968.100
5144	9968.100
4536	9969.000
4388	9969.200
4228	9969.500
4580	9971.800
4792	9973.300
4856	9974.400
5204	9984.000
4404	9984.900
5272	9985.900
5040	9986.500
5004	9990.300
4248	9997.800
4788	10001.100
5056	10001.600
4944	10007.400
4296	10008.600
4832	10008.600
4996	10009.200
4200	10009.500
4640	10009.900
4844	10010.600
4964	10010.600
4172	10021.300
4424	10021.800
4188	10022.000
4540	10022.000
4840	10023.600
4528	10024.700
4992	10025.200
5160	10025.700
4356	10027.600
5224	10029.400
4164	10031.500
5268	10034.800
4676	10037.500
4448	10039.300
4224	10039.500
4184	10039.600
4488	10040.300
4864	10041.000
4536	10047.500
4544	10052.300
5084	10052.600
4428	10054.400
4656	10055.500
4328	10055.700
4724	10055.900
4624	10056.100
4712	10056.100
4392	10056.200
4696	10056.300
4444	10058.100
4192	10059.100
5228	10059.100
4848	10059.300
5028	10062.700
5188	10072.100
5224	10072.700
4704	10073.400
5200	10073.700
4804	10074.800
4968	10075.300
4816	10075.400
4296	10075.900
4248	10076.200
4784	10076.300
5268	10076.300
5048	10076.400
5204	10076.400
4552	10076.500
4984	10076.700
4640	10092.100
4200	10093.600
4580	10094.200
4416	10095.300
4560	10095.300
5004	10095.300
4276	10095.800
4196	10095.900
5224	10096.600
4160	10096.900
4384	10097.300
4756	10097.300
4704	10097.600
4176	10097.700
5088	10097.900
4780	10098.200
5104	10098.300
5244	10106.900
4976	10109.700
4368	10110.000
4316	10110.900
4492	10111.000
4224	10111.200
4436	10111.600
4800	10111.600
5128	10111.600
5276	10112.200
5296	10112.700
4140	10116.700
4292	10125.700
4528	10126.100
4456	10127.700
5160	10128.400
5012	10129.000
4344	10129.200
4488	10129.300
4624	10143.200
4984	10145.400
5048	10145.900
5200	10145.900
4964	10146.900
5056	10146.900
4540	10147.000
4636	10147.100
4524	10147.600
5188	10147.700
4208	10147.900
4808	10149.300
4940	10156.600
4280	10164.300
4836	10165.000
4640	10165.100
4352	10165.600
4948	10165.600
5248	10165.600
5276	10165.700
4328	10165.800
4508	10165.800
4216	10166.000
4396	10166.200
5004	10166.400
4308	10166.500
4488	10166.500
4636	10166.700
4928	10166.900
4368	10168.000
5264	10168.300
4748	10168.400
4772	10170.800
5224	10183.200
4564	10184.000
4828	10184.100
5164	10184.600
4548	10184.700
4588	10184.700
5056	10188.100
4496	10193.100
4376	10193.400
4480	10193.800
4416	10193.900
4372	10196.200
4164	10197.700
4304	10199.300
4820	10199.600
5016	10199.600
4568	10199.900
4884	10200.500
4852	10213.200
4444	10214.000
4536	10214.000
4856	10215.600
4312	10217.000
5224	10217.300
4572	10217.600
5124	10217.700
4188	10218.000
5264	10220.700
4356	10231.000
5276	10232.000
4908	10232.100
5156	10235.400
4984	10236.100
4704	10236.200
5248	10245.100
4644	10250.900
4860	10251.800
4616	10252.100
4476	10252.600
5260	10252.700
5244	10252.900
4856	10253.100
4988	10253.300
5008	10253.300
5084	10253.700
5104	10254.100
4144	10254.200
4164	10254.400
4328	10254.600
4728	10255.600
4884	10270.100
5044	10270.100
4948	10270.200
4772	10270.300
4956	10270.800
4508	10271.100
5032	10271.200
5144	10271.500
4900	10271.600
5124	10271.800
4280	10271.900
4852	10273.800
4472	10288.000
4624	10289.000
5296	10289.200
4476	10289.300
4920	10291.400
4628	10293.100
5076	10296.000
4888	10297.500
4676	10297.800
4816	10300.000
4248	10302.100
4332	10302.300
5004	10306.100
4160	10307.600
5092	10309.600
4224	10309.900
5056	10310.500
4372	10310.700
5156	10312.100
4908	10312.500
4792	10313.900
5044	10313.900
4164	10315.900
4764	10318.900
4312	10319.400
4564	10322.500
4748	10325.100
4352	10326.000
4572	10326.200
4864	10327.500
4640	10331.700
4740	10332.200
4836	10332.300
5224	10332.500
4496	10333.000
4320	10333.200
4744	10335.200
4472	10335.700
4568	10335.700
4852	10336.700
4344	10338.000
5084	10338.900
4988	10340.700
4304	10344.800
5016	10345.200
4248	10346.500
4536	10348.100
4680	10348.100
4292	10348.900
5172	10349.700
5040	10350.600
4148	10350.700
5268	10351.100
4788	10352.000
4152	10352.100
5008	10352.300
5064	10352.600
5260	10353.400
5224	10363.900
4560	10365.300
4336	10366.300
4984	10367.200
4852	10367.400
5180	10367.900
5288	10368.600
4184	10369.000
4672	10370.600
4268	10371.300
4964	10381.700
4364	10382.700
4200	10383.000
4324	10383.100
4784	10383.600
4296	10383.900
4972	10384.100
4968	10386.400
5244	10395.000
5276	10395.200
5208	10399.500
4320	10399.900
4864	10400.500
4496	10401.600
5044	10403.000
4564	10403.300
5188	10403.600
4348	10403.900
4584	10404.700
4152	10407.200
4448	10416.100
5268	10418.500
5004	10421.400
4940	10422.000
4256	10424.300
4744	10425.400
5000	10427.700
4188	10428.400
4472	10429.500
4704	10435.700
4928	10438.600
4480	10439.200
4640	10439.300
4748	10439.600
4972	10439.800
4352	10440.100
4812	10443.800
4320	10447.200
5272	10447.600
5296	10450.400
4788	10452.900
5176	10453.200
4456	10453.600
4564	10453.700
4616	10454.500
5288	10454.900
4228	10458.400
4724	10460.400
5292	10461.500
5276	10462.600
5092	10462.700
5108	10463.400
4536	10463.700
4976	10463.800
5156	10464.000
4780	10467.300
5248	10475.100
5200	10476.300
4860	10476.600
5300	10477.400
4644	10477.900
4172	10479.300
4964	10479.600
4676	10483.500
5208	10490.800
4444	10492.100
5144	10492.200
4228	10492.300
5104	10492.400
4560	10492.700
5224	10493.700
4624	10494.400
4508	10494.500
4864	10494.600
5236	10494.700
5240	10494.800
5268	10494.900
5232	10495.400
4536	10498.100
