# NEST version: 3.9.0-post0.dev0
# RecordingBackendASCII version: 2
sender	time_ms
5241	503.700
4373	504.600
4485	505.000
4497	505.000
4649	506.100
5185	511.700
4973	516.800
4657	517.500
4909	519.600
4261	520.700
4289	520.900
4829	521.500
5253	524.300
4341	524.400
4693	526.000
4861	527.400
4741	538.300
4705	539.500
5089	540.200
4781	540.500
4661	540.700
5057	542.100
5185	542.300
4749	542.400
4493	542.800
4573	544.000
4161	544.700
4793	545.000
4221	545.800
4389	546.500
5049	547.800
4745	549.800
4293	558.100
5169	558.200
4737	558.400
5293	559.000
4569	559.100
4297	559.500
4589	559.500
4513	559.700
5077	560.000
5105	560.200
4577	562.200
4789	562.600
5057	574.300
4809	575.600
5185	576.700
4481	577.100
4517	577.100
5229	577.200
4445	577.500
4469	579.500
4965	579.700
4681	580.300
5189	580.700
4917	581.500
4597	581.800
4629	581.900
4869	587.700
4337	588.800
4161	591.400
4541	592.600
4649	593.300
5293	595.200
4877	597.200
4621	600.000
5285	603.500
4181	604.000
5113	604.300
4173	605.600
5037	605.900
4149	606.500
5277	611.600
4953	613.400
4733	613.700
4537	616.400
4581	616.500
5129	618.400
5169	621.100
4569	622.100
4293	623.300
5249	623.700
4961	625.700
4761	625.800
5137	627.400
4217	627.500
4505	627.700
4785	628.400
5153	629.400
4793	634.000
4933	636.300
4289	639.000
4273	639.100
4453	646.900
5085	648.000
4285	648.700
5013	648.900
5249	651.700
4257	652.500
4417	653.000
5125	653.200
4365	654.200
4725	655.600
4677	656.700
4665	657.800
4557	665.400
5277	669.600
4341	670.200
4573	670.500
5209	670.500
5029	670.800
4781	672.100
4585	672.600
5173	673.100
4517	674.000
4413	676.400
4693	686.900
4773	687.200
4989	687.400
4965	687.700
4833	688.600
4885	688.800
4873	689.400
5293	689.600
4513	689.700
4289	690.900
5133	691.300
5001	691.400
4789	691.600
4649	694.700
4569	705.300
4737	705.500
4557	705.900
4665	707.000
4441	707.500
4781	707.600
4661	707.700
4225	707.900
4905	708.500
5193	708.500
4361	708.700
5093	708.700
4381	709.000
4389	710.000
4301	710.400
5273	713.000
4861	718.300
4801	722.700
5037	723.200
4517	723.300
5253	724.900
4729	725.000
5029	725.300
4849	725.500
5277	725.600
4337	725.700
5077	725.900
4409	726.100
5125	727.000
5141	728.100
4621	728.200
4613	730.500
4165	741.100
4413	741.800
4497	741.900
4965	741.900
4569	742.000
4313	742.600
4469	742.900
5065	742.900
4917	743.000
5113	743.400
4273	743.600
4193	743.900
5185	744.200
4161	744.400
4425	744.500
4581	744.500
4913	745.500
4229	762.200
4249	762.600
5169	762.700
4153	763.100
5249	763.200
5209	763.700
4577	764.100
5057	764.100
4581	764.300
4457	764.400
4141	765.500
4965	765.500
5265	765.500
4289	766.300
4405	766.500
5185	767.300
4793	768.300
4661	770.300
4177	781.000
4981	782.300
4821	782.900
4957	782.900
4597	783.700
4313	784.300
5029	786.300
5249	791.200
4473	791.300
5185	794.800
4793	795.000
4197	795.600
4617	797.100
4669	797.700
4709	798.800
5253	800.200
4713	800.900
4813	806.400
4233	810.300
4285	810.800
4801	811.100
4877	811.500
4221	811.600
5125	812.000
4605	812.700
4329	813.100
4729	813.200
4389	813.300
5005	813.300
5205	813.400
5281	813.400
4933	813.500
4973	813.500
4409	813.700
4977	813.800
4905	814.600
4573	830.200
5141	830.200
5293	831.500
4633	831.600
4493	832.900
4497	837.600
4429	848.100
4177	848.700
4169	848.800
4193	849.200
4837	849.300
5185	849.700
4253	850.400
4161	851.400
5277	851.900
4205	852.500
4705	858.300
4801	858.400
5077	863.200
4589	865.300
4405	866.200
5257	867.000
4353	867.400
4789	867.700
4821	867.700
4877	867.800
4481	868.200
5205	868.800
4301	869.500
4369	871.000
4577	871.100
4485	877.000
4861	879.200
4725	880.400
4741	881.100
4873	882.900
4749	883.000
4937	883.200
4685	883.300
4257	883.900
4505	884.100
5173	884.500
4965	884.600
5009	885.800
4337	887.400
4349	888.000
5125	890.200
5129	899.800
4929	901.700
4477	906.000
5245	906.500
4149	906.700
5113	909.700
4961	911.500
4157	913.200
4233	914.900
5201	919.000
5117	919.400
4597	926.300
4197	929.600
4165	929.900
4873	929.900
5021	930.100
4933	930.200
5045	931.000
4289	931.700
4353	932.400
4177	932.700
4829	932.700
4161	932.900
5153	932.900
4505	933.000
4573	933.400
5237	934.600
4513	942.600
4709	943.000
4693	945.000
5157	945.200
4685	945.900
4989	946.100
4605	946.800
5249	949.100
4557	949.200
5125	952.000
4385	959.900
4393	959.900
5117	960.100
5189	960.200
4273	960.300
4973	960.300
4689	960.400
4733	960.600
4185	960.700
4453	960.700
4869	963.200
4557	976.000
5297	977.300
4677	977.400
4365	978.000
4269	978.600
4573	980.300
4349	983.800
4705	985.300
5241	987.700
4517	988.900
4801	989.100
5201	989.400
4937	992.900
4293	994.000
4961	994.800
4445	994.900
4449	995.200
5113	995.500
5209	997.100
4249	997.400
5177	1006.900
5185	1007.200
5081	1007.800
4257	1008.400
5077	1009.600
4957	1009.700
4353	1009.800
5125	1010.000
4829	1010.200
4965	1010.200
4553	1010.600
5285	1010.700
4789	1010.800
4817	1010.800
4729	1010.900
4469	1011.100
4261	1011.300
4881	1011.500
4525	1011.600
4933	1026.200
4221	1027.900
5085	1027.900
4321	1028.000
4629	1028.000
4821	1028.100
4201	1028.600
4445	1028.900
4453	1039.000
4165	1042.700
4345	1043.900
5185	1043.900
4241	1045.000
5073	1045.200
4961	1045.500
5045	1045.500
5169	1045.700
5145	1046.300
4669	1046.500
4693	1048.100
5209	1048.100
4221	1049.200
4841	1049.700
5117	1051.600
4749	1058.000
4853	1058.300
4789	1059.900
4313	1060.700
4489	1061.300
4713	1061.300
4965	1061.900
5093	1063.300
4733	1065.600
4381	1066.600
4361	1067.000
4169	1069.400
5257	1069.700
4877	1070.100
4741	1070.600
4989	1079.300
4405	1080.800
4413	1080.800
4581	1081.000
4985	1081.200
4729	1082.000
4817	1082.300
4525	1082.500
4257	1085.400
4793	1086.900
5241	1092.900
4573	1093.600
4549	1094.000
5125	1094.000
4437	1094.900
5161	1098.900
4589	1100.000
4605	1101.200
4557	1102.300
5113	1106.600
4249	1109.300
5293	1109.300
4781	1110.700
4537	1112.500
4529	1112.800
4517	1113.100
4273	1113.300
5289	1113.700
4937	1114.100
4289	1114.200
4861	1115.600
4413	1121.200
5029	1126.400
4469	1127.300
4505	1128.300
4577	1129.200
4361	1129.600
5217	1130.300
4557	1131.700
5209	1144.600
4949	1145.000
4593	1145.500
5113	1145.800
4569	1146.200
4417	1146.400
4861	1146.400
5065	1146.700
4285	1146.800
4225	1147.000
4397	1147.000
4705	1147.800
5189	1147.800
4481	1148.000
5193	1155.800
4965	1160.100
4361	1161.600
4161	1162.200
4289	1162.500
5185	1164.500
5117	1164.600
4169	1167.100
4313	1167.100
4741	1168.800
4273	1175.800
5277	1176.700
4349	1176.800
5281	1177.600
4677	1178.600
5273	1181.100
4801	1182.400
4693	1183.200
5209	1183.200
4365	1183.400
5297	1184.900
4189	1186.600
4641	1186.700
4669	1188.400
4829	1188.600
4329	1189.100
5301	1194.700
4749	1194.800
4425	1195.300
4429	1200.200
4817	1204.100
4793	1205.700
4685	1206.500
4389	1207.100
4537	1209.600
4297	1214.700
4273	1214.800
4781	1215.700
4961	1215.800
5249	1218.500
4185	1221.000
4201	1222.500
5277	1229.800
4197	1229.900
4609	1234.300
5153	1234.500
5045	1235.200
5125	1235.800
4577	1235.900
5185	1236.100
5273	1236.700
4653	1237.800
4929	1238.100
5033	1238.700
5257	1239.500
4225	1244.800
5241	1246.000
4749	1247.600
4541	1248.500
4685	1248.900
5005	1249.300
4845	1249.500
4345	1250.700
4965	1251.000
4393	1251.300
4941	1251.800
4513	1263.600
4305	1263.800
4821	1265.200
4389	1265.600
4293	1266.600
4921	1267.600
4773	1268.600
5077	1273.500
4497	1279.200
5033	1279.900
5085	1281.300
4253	1283.300
4649	1283.300
4469	1283.500
4749	1284.900
4313	1285.700
5013	1285.700
4725	1287.700
5177	1287.900
4409	1288.100
5157	1288.400
4249	1288.800
4293	1297.600
4701	1298.300
4553	1299.400
4577	1299.800
5185	1299.800
4737	1299.900
4965	1299.900
4333	1300.100
5085	1300.200
5173	1300.200
4185	1300.400
4453	1300.500
4485	1300.500
4677	1300.500
5205	1300.500
5297	1300.500
4329	1301.700
4817	1302.100
4493	1306.100
4377	1317.300
5189	1317.700
4609	1322.500
4149	1324.700
4973	1324.700
4573	1325.600
4221	1326.300
4557	1334.100
4749	1334.500
4965	1335.600
4605	1335.800
5209	1336.000
4517	1336.300
4853	1336.300
4569	1338.300
5177	1338.800
4949	1338.900
4801	1343.500
4789	1346.700
4729	1347.200
4633	1348.200
4941	1350.800
4969	1351.300
4661	1355.600
4273	1363.600
4793	1364.300
4581	1364.500
4325	1365.700
4161	1365.800
4157	1365.900
4525	1366.000
4961	1366.100
4949	1366.500
4333	1366.600
4469	1366.700
4365	1367.000
4421	1367.100
4929	1367.200
4693	1367.300
5277	1367.300
4537	1367.400
5033	1367.700
5045	1367.900
5117	1368.300
4441	1368.500
4481	1368.600
4329	1369.000
5125	1369.000
4761	1369.100
4313	1369.500
4973	1369.800
4621	1372.000
4409	1374.300
5049	1383.000
4577	1385.900
5137	1385.900
4553	1386.200
5037	1390.900
5201	1396.900
4921	1397.500
4661	1401.400
4413	1401.500
5173	1402.000
4293	1402.500
4829	1402.600
4849	1402.800
5053	1403.100
5065	1403.400
4565	1403.700
4185	1404.000
4861	1408.700
4245	1415.100
5253	1419.700
4761	1419.800
4377	1420.000
4537	1420.000
4581	1420.400
4665	1420.400
4833	1420.600
4469	1420.800
5277	1420.900
4153	1421.100
4361	1421.200
4373	1421.400
4273	1421.900
4669	1422.700
4573	1423.600
4457	1424.000
4557	1424.000
4433	1424.100
4497	1434.600
5013	1436.100
4333	1441.700
5185	1441.700
4245	1442.900
4481	1443.300
4813	1444.200
4749	1446.700
4257	1454.100
4289	1455.700
4225	1455.800
4393	1455.800
4205	1456.300
4173	1457.000
4641	1457.600
4973	1458.100
4241	1459.100
4533	1465.100
5025	1472.400
4809	1472.500
4189	1473.300
4537	1473.400
4765	1473.900
5005	1474.200
4489	1484.400
5053	1484.600
5257	1485.700
4689	1487.900
5037	1488.200
5285	1489.100
4245	1489.500
4193	1490.600
5269	1504.800
5065	1505.000
4729	1505.200
4789	1505.300
4161	1505.700
4345	1506.500
5105	1507.100
4757	1507.800
5137	1507.800
4393	1509.200
4285	1519.700
5085	1519.700
5169	1522.000
4961	1522.900
4401	1523.200
4733	1523.200
4417	1524.900
4881	1525.500
5277	1526.300
4693	1540.000
5185	1541.000
4573	1541.300
4313	1542.100
4549	1542.400
4761	1542.400
5209	1542.700
4649	1543.000
4837	1543.100
5277	1545.700
4829	1547.700
4605	1547.800
4413	1560.600
5173	1561.500
4581	1561.700
5089	1561.800
4161	1561.900
4961	1562.000
4569	1562.100
4349	1562.200
5133	1562.500
5289	1562.600
4289	1562.800
5217	1563.000
4801	1563.100
4185	1563.400
5077	1563.400
4509	1563.600
4253	1564.000
4305	1564.900
5013	1577.300
4201	1577.600
5257	1583.800
4521	1589.500
4429	1590.000
4661	1594.700
5069	1594.900
5273	1596.200
4257	1597.500
4965	1597.900
4653	1598.000
4341	1598.100
4353	1598.400
4213	1598.500
4301	1598.800
4245	1598.900
4757	1598.900
4809	1598.900
5053	1599.900
5189	1600.000
5021	1601.100
5177	1607.800
4597	1613.500
4801	1616.600
5085	1616.900
4293	1617.100
4821	1618.200
4241	1618.500
5241	1618.900
4185	1619.400
5037	1620.800
4161	1620.900
4353	1621.700
4221	1621.800
5057	1622.300
4577	1622.400
4849	1622.900
4685	1624.100
4257	1624.400
4413	1626.200
4869	1627.100
5005	1635.500
4861	1638.700
5029	1639.300
4509	1640.500
4537	1641.200
4661	1642.400
4149	1642.700
4873	1646.900
4545	1650.900
4505	1652.500
4737	1656.300
4301	1656.400
5113	1656.600
4329	1657.700
4553	1657.700
4625	1657.900
4297	1660.300
5065	1660.300
4369	1660.600
4481	1669.400
4781	1669.400
4273	1671.000
4361	1671.700
4837	1672.200
4981	1672.400
5173	1672.400
4185	1672.500
4213	1672.600
4149	1672.700
4617	1673.000
4365	1673.200
4217	1673.500
4725	1673.600
4205	1673.900
4509	1674.000
4469	1675.400
5257	1677.000
4809	1678.100
5261	1690.400
5289	1691.600
4537	1691.700
4789	1691.800
4965	1691.800
4177	1691.900
5185	1691.900
5205	1691.900
5213	1691.900
4569	1692.200
5089	1692.200
4549	1692.500
4441	1692.700
4653	1692.700
5277	1692.700
4273	1692.900
4365	1693.200
5257	1693.300
4313	1693.500
4581	1694.400
4417	1708.300
4281	1708.400
4557	1708.500
5029	1712.400
5277	1712.800
4797	1713.400
4609	1718.700
4461	1719.200
4677	1721.400
4425	1722.600
4297	1726.400
4961	1726.700
4517	1727.000
4577	1727.000
5085	1727.000
4273	1727.100
4445	1727.800
4245	1728.000
4789	1728.100
4213	1741.000
4973	1741.100
5005	1741.300
4749	1742.600
4725	1743.100
5045	1743.400
4377	1743.800
5277	1744.400
4577	1756.500
4273	1756.700
4997	1757.000
5141	1757.200
4633	1757.400
4917	1757.600
4257	1758.700
5265	1758.700
4649	1759.100
4965	1764.800
4949	1767.400
4405	1767.500
5077	1769.300
4245	1774.800
4845	1776.200
5057	1776.500
4313	1776.600
5029	1776.800
5125	1776.900
5285	1777.000
5117	1777.200
4761	1777.300
4389	1778.400
4557	1778.400
4665	1778.800
5173	1779.100
4301	1779.300
5177	1782.700
4205	1789.600
4905	1792.200
4525	1792.700
4801	1793.500
5193	1794.800
4517	1795.100
5045	1795.400
4909	1797.500
5185	1798.300
5277	1799.300
4473	1804.800
4581	1805.400
5021	1806.200
4469	1807.000
4293	1807.700
4413	1811.700
4289	1812.100
4245	1812.900
4669	1813.300
4573	1813.400
5029	1824.400
4229	1824.800
4961	1825.500
4609	1825.900
4965	1825.900
5141	1826.600
4297	1827.300
5037	1827.300
4973	1843.000
5125	1843.300
5049	1843.600
4557	1844.000
4425	1844.500
4725	1845.600
5265	1857.300
4497	1857.600
5013	1857.600
4785	1857.700
4193	1858.200
5157	1858.800
4293	1859.500
4713	1859.500
5209	1859.500
4365	1862.400
4709	1865.500
4609	1866.000
4981	1866.500
4965	1871.500
4633	1876.800
4497	1878.400
5141	1879.200
4993	1879.900
5029	1881.200
5253	1881.400
4749	1881.700
4897	1882.100
4353	1883.300
4581	1884.000
4325	1893.600
5085	1894.500
4301	1896.700
4469	1896.800
4577	1899.300
5249	1901.300
4245	1901.700
4413	1904.100
4557	1905.700
4353	1912.600
4537	1913.500
4929	1914.000
4625	1920.900
4421	1921.600
4753	1921.600
4565	1922.200
5049	1923.100
5005	1924.200
5137	1925.400
5189	1926.300
4361	1926.400
4813	1927.700
4273	1933.900
4245	1934.000
4373	1934.200
4569	1935.500
4497	1936.000
4801	1936.500
4289	1937.100
5093	1937.500
5209	1942.100
4529	1944.200
4761	1949.200
4877	1950.800
4993	1952.100
4729	1952.400
4469	1953.100
4589	1953.200
4285	1953.300
4361	1953.600
4549	1953.600
4581	1955.100
4869	1955.100
5229	1955.900
5013	1956.200
5257	1956.900
4557	1957.000
4453	1972.000
4897	1972.100
5289	1972.200
4853	1972.600
4545	1972.900
4809	1973.000
5265	1973.000
4377	1973.700
5113	1974.100
4821	1985.800
4301	1986.000
4921	1988.200
4353	1989.600
4393	1990.400
5253	1990.700
4521	2000.800
4313	2003.300
4149	2004.600
4973	2005.300
5045	2007.300
4513	2016.900
5089	2017.200
4781	2017.300
5277	2018.000
5217	2019.200
5221	2019.300
5029	2019.600
4709	2019.800
5249	2020.000
4333	2020.600
4189	2020.800
5025	2021.600
4977	2021.900
4261	2030.200
5185	2030.900
4581	2031.100
4965	2036.900
4793	2038.300
5033	2039.200
5237	2039.300
4541	2039.400
4221	2039.500
4325	2039.700
4469	2040.000
4373	2040.400
4165	2041.700
4985	2041.700
4349	2041.900
5037	2042.800
4677	2044.000
4701	2055.200
4733	2056.500
4197	2057.000
4749	2058.700
4801	2058.700
4881	2058.800
5185	2059.800
5077	2060.000
4189	2060.200
4221	2062.700
5049	2063.200
5125	2063.700
4301	2065.400
4905	2068.700
5113	2069.000
4493	2069.200
5285	2069.200
4305	2070.500
4609	2070.600
4293	2071.300
5029	2071.300
5129	2071.600
4833	2074.600
5045	2077.400
4141	2077.600
4953	2080.500
4285	2082.100
4333	2082.100
4965	2082.800
4789	2087.500
4853	2088.200
4801	2089.100
4293	2091.300
4569	2091.500
4393	2094.900
4985	2101.300
5049	2106.200
5197	2106.200
4877	2106.700
5241	2106.900
5213	2107.100
4933	2107.200
4309	2107.300
4289	2107.700
4889	2107.700
4409	2108.000
4189	2108.200
4497	2110.400
4317	2115.000
4581	2118.900
4493	2124.100
4285	2124.400
4297	2124.900
4437	2125.300
5065	2125.700
4397	2125.800
4341	2126.200
4609	2127.000
4901	2128.700
5189	2133.000
4797	2139.300
4929	2140.500
4273	2140.700
4973	2140.700
4373	2140.800
5285	2142.400
4469	2142.600
4833	2145.300
5265	2152.600
4801	2153.500
4573	2153.700
5241	2153.700
4633	2154.700
4761	2155.000
4353	2156.300
4365	2158.600
4537	2163.100
4205	2164.700
5185	2169.400
4493	2170.200
4213	2170.500
4861	2170.500
5033	2170.800
4245	2171.000
4469	2171.000
4513	2171.200
5045	2171.900
5117	2172.000
4197	2172.700
4573	2173.000
4973	2175.900
4825	2182.000
5205	2190.800
4557	2192.300
5273	2193.700
4885	2194.100
4889	2195.300
5209	2197.200
4525	2198.000
5121	2201.000
5045	2204.000
4965	2204.800
5249	2204.800
4313	2206.500
4609	2207.200
4553	2212.200
5293	2212.400
4797	2213.700
5261	2214.300
4669	2216.700
4149	2217.200
4221	2217.800
5277	2218.900
4557	2219.500
4329	2221.500
5233	2223.000
4525	2224.100
5125	2227.100
4781	2228.800
5133	2229.000
4569	2229.100
4905	2230.200
4293	2230.600
5169	2230.700
4661	2230.900
4433	2231.100
4377	2233.200
5057	2241.800
5297	2244.000
4429	2245.200
4325	2245.400
4417	2245.800
4965	2246.100
4217	2246.500
5037	2246.500
4541	2255.600
4285	2265.300
5289	2266.100
4437	2266.400
4629	2266.700
4705	2267.200
4361	2267.300
4737	2268.200
4493	2268.800
5169	2268.800
4205	2269.200
4577	2269.400
4557	2269.500
4905	2270.500
4253	2270.700
5189	2273.500
4469	2284.600
5101	2284.700
4225	2285.000
4425	2285.100
4913	2285.100
5297	2285.400
4833	2285.700
4621	2285.900
5045	2286.100
4789	2286.200
4189	2286.500
4557	2286.600
4485	2286.800
5277	2286.800
4641	2287.000
4261	2287.100
4701	2287.100
4693	2287.300
5125	2287.400
5269	2287.400
4369	2287.700
4553	2287.700
4817	2287.700
5189	2287.800
4661	2287.900
4393	2288.000
5185	2288.100
4965	2302.500
4273	2304.400
4613	2305.700
4193	2306.900
4325	2307.100
4289	2312.400
4293	2313.700
5245	2313.700
4909	2314.100
4301	2314.400
4781	2317.300
5085	2318.200
4409	2320.100
4285	2320.400
5113	2320.900
4677	2321.700
4701	2322.700
4205	2323.100
4341	2324.900
4965	2325.300
5045	2326.100
4933	2337.700
4389	2338.400
4541	2338.400
4269	2339.200
5137	2339.400
5117	2339.800
4705	2339.900
4301	2342.000
4173	2343.500
4481	2344.700
4617	2346.100
5273	2355.700
5085	2356.000
4765	2356.500
5157	2356.700
4901	2357.100
5277	2357.500
4809	2357.700
4513	2357.800
5265	2358.200
4729	2358.600
5193	2359.100
5125	2369.700
4569	2370.800
4365	2371.300
5145	2371.400
4957	2371.700
4413	2371.800
4417	2372.100
4225	2372.200
5257	2372.200
4285	2372.300
4797	2372.300
5129	2372.300
4169	2372.400
5233	2372.600
4753	2372.700
4929	2372.700
5061	2372.700
5053	2372.800
4509	2373.000
4573	2373.000
4153	2373.300
4517	2374.600
4933	2374.600
4257	2375.400
4581	2391.300
4801	2391.700
4949	2392.300
5249	2392.300
4149	2392.600
5141	2392.800
4241	2393.200
5265	2393.200
4597	2393.400
5221	2393.500
4469	2394.100
4781	2394.100
4749	2394.600
5085	2396.100
4405	2403.200
4977	2406.100
5037	2409.200
5125	2409.600
4653	2410.100
5277	2410.200
4621	2412.200
5061	2412.900
4741	2415.900
4861	2418.800
4953	2419.500
5033	2421.000
4289	2423.600
4193	2425.000
4557	2425.400
4645	2425.500
4161	2425.600
5173	2426.800
4705	2426.900
5281	2428.500
4821	2428.600
5277	2439.600
4257	2440.000
4837	2441.600
4625	2442.400
5085	2442.600
4317	2444.100
4425	2454.400
4549	2455.200
4965	2455.600
4569	2456.000
4465	2456.400
4421	2456.800
4497	2457.100
4285	2457.500
4889	2457.700
5249	2458.200
4581	2460.200
4633	2461.200
4329	2462.600
4149	2463.300
4645	2464.800
5293	2465.100
5169	2472.600
5277	2476.600
4877	2478.700
4833	2479.800
4185	2480.100
4861	2481.300
4577	2490.400
4469	2490.800
4949	2492.600
5037	2492.800
5217	2493.900
4973	2494.800
4453	2501.300
4589	2504.400
5157	2506.400
4961	2509.000
4157	2510.600
4289	2512.900
4325	2513.100
5169	2516.100
4545	2517.300
4329	2517.400
4761	2520.000
4201	2525.100
5137	2525.400
5125	2525.500
4205	2525.700
4313	2525.900
4449	2526.200
4633	2526.400
5105	2527.600
5085	2527.900
4581	2528.200
5089	2528.900
4669	2530.000
4437	2530.300
5253	2540.300
4185	2545.200
4513	2545.200
4793	2545.200
4981	2547.100
4329	2547.800
4457	2549.800
4413	2550.200
4277	2550.400
5221	2560.400
4205	2561.300
4605	2561.400
5065	2562.200
5045	2562.400
4253	2562.600
4557	2562.900
5261	2562.900
4733	2563.100
4549	2563.200
4425	2565.800
4789	2577.100
4797	2577.900
4361	2578.100
5053	2578.300
4965	2578.400
5273	2578.400
4753	2578.500
4761	2578.500
5193	2578.500
4757	2578.900
4421	2579.100
4197	2579.500
4301	2579.600
5137	2579.600
4369	2581.200
4513	2591.400
4917	2592.000
4905	2593.500
4793	2597.500
4997	2598.300
5153	2598.400
4493	2599.700
4409	2599.900
4365	2602.700
4577	2603.700
4537	2604.400
4881	2606.500
4829	2613.000
5161	2613.100
5157	2613.700
4661	2614.000
5117	2614.200
4417	2614.900
4929	2615.700
4297	2616.300
4609	2618.900
4149	2619.600
4833	2621.200
5169	2621.200
5045	2622.200
4469	2630.800
4877	2630.900
4369	2631.800
4377	2632.500
4581	2633.400
4301	2633.800
4221	2645.000
5285	2647.300
4797	2647.500
4549	2649.500
4261	2650.000
4749	2650.100
5177	2651.300
4445	2652.300
4317	2661.900
4949	2664.000
4861	2665.900
4573	2666.200
4365	2666.700
5125	2667.000
4293	2667.200
4249	2667.500
4549	2669.100
4161	2670.500
5209	2672.900
4785	2685.100
5161	2686.300
4413	2688.000
4329	2689.300
4789	2689.400
5189	2689.500
4273	2689.800
4929	2689.800
4569	2689.900
4289	2690.200
4493	2690.400
4685	2691.500
4369	2692.500
4445	2694.700
5185	2702.800
4537	2702.900
4221	2704.400
5065	2705.900
4241	2706.400
4245	2707.000
4977	2707.300
4961	2707.500
5021	2707.500
4669	2707.700
4581	2708.300
4205	2708.400
4409	2708.800
4889	2709.500
4497	2709.800
4573	2713.600
4833	2722.200
4937	2725.400
4225	2726.700
4749	2727.200
4505	2727.400
4345	2727.900
4793	2730.300
5057	2731.300
4653	2736.100
4453	2736.800
4961	2737.300
4249	2739.100
5209	2739.700
4845	2741.000
5293	2741.500
4213	2742.300
4521	2744.600
4197	2755.300
5185	2755.600
4289	2755.800
4817	2755.800
5061	2756.300
4569	2756.400
5085	2756.400
4677	2756.500
5253	2756.600
4557	2757.000
4973	2757.000
4461	2757.100
4821	2757.300
5157	2757.400
4541	2758.300
4969	2758.800
4161	2759.700
4965	2759.900
4785	2760.000
5045	2771.500
4329	2771.800
4949	2771.900
5205	2775.400
4817	2776.600
5277	2777.400
4713	2779.300
4273	2788.000
4705	2789.700
4801	2790.700
4573	2790.900
4965	2792.000
4257	2792.100
5065	2793.100
4889	2793.300
4849	2793.700
5221	2797.200
4297	2805.000
5293	2805.700
4749	2805.900
4853	2807.400
4493	2808.000
4349	2808.300
4353	2809.700
5129	2809.700
4333	2811.200
5049	2811.200
4581	2811.400
4933	2821.400
4221	2824.100
4389	2824.400
4573	2825.000
5093	2825.200
4613	2825.300
4249	2828.300
4469	2828.500
4497	2829.800
4149	2831.000
4245	2835.200
5157	2840.700
4225	2841.500
4581	2841.700
5153	2841.900
4185	2842.400
4621	2844.800
4789	2844.900
4509	2845.000
5085	2845.400
5193	2846.400
4517	2859.800
4721	2860.200
4685	2860.400
5265	2861.400
4453	2861.600
4625	2861.700
4633	2861.700
5125	2861.800
4333	2862.500
5005	2877.900
4505	2878.400
4901	2880.000
5045	2880.800
4577	2881.400
5277	2881.400
4725	2882.100
4393	2882.700
4641	2883.300
4905	2883.400
5265	2887.900
4585	2890.300
5085	2893.300
4569	2893.500
4313	2894.700
4573	2894.900
4869	2895.200
4205	2895.300
4465	2895.600
4693	2895.800
4221	2895.900
4285	2896.000
4937	2896.100
4961	2896.100
4517	2896.800
4837	2897.400
5189	2901.300
5185	2911.000
5241	2911.500
4249	2911.600
4213	2912.900
4977	2913.200
4193	2913.900
4245	2913.900
4853	2914.200
4253	2915.000
5269	2916.500
4917	2916.900
4497	2925.800
4557	2925.800
5253	2925.800
5205	2928.300
5193	2929.400
4597	2931.500
4257	2932.200
4929	2932.300
4713	2932.800
5265	2933.500
4149	2933.600
4533	2933.800
4197	2934.900
5201	2934.900
4793	2944.200
4665	2950.300
4301	2950.900
4545	2957.000
4225	2959.700
4557	2959.800
5097	2959.900
4861	2966.800
5117	2971.400
5085	2972.000
5173	2972.100
5093	2972.200
5125	2975.000
4429	2975.100
4413	2978.500
5005	2978.700
4293	2979.500
4497	2979.500
4161	2980.400
4565	2980.900
4589	2981.600
4673	2982.300
4633	2987.300
4681	2988.300
4177	2990.700
4529	2991.300
5185	2992.400
5217	2992.900
4741	2994.000
4709	3004.900
4185	3005.800
4861	3005.900
5277	3006.500
4837	3007.700
4725	3008.300
4365	3008.400
4721	3008.800
4205	3008.900
4625	3009.000
4249	3009.300
4457	3010.100
4661	3010.300
4161	3012.000
5289	3012.200
4757	3014.600
5001	3023.500
4373	3024.800
4717	3025.700
4933	3025.800
4573	3025.900
5213	3026.000
4273	3028.900
4345	3037.700
5037	3040.800
5137	3041.900
4997	3042.500
4245	3043.400
4801	3043.500
4353	3044.400
4569	3044.500
4553	3047.300
4517	3047.900
4865	3048.600
4873	3050.200
4149	3052.100
4557	3054.000
4301	3055.900
4725	3056.100
4661	3057.900
4225	3058.200
4905	3059.500
5077	3061.000
4673	3062.400
4205	3064.000
4881	3065.000
5277	3065.100
4429	3068.100
5029	3068.900
5085	3069.700
4385	3072.700
4353	3073.300
4449	3073.500
5173	3075.000
4273	3076.000
4781	3076.700
5193	3077.500
4661	3078.300
4517	3079.500
5113	3084.600
4569	3085.000
4185	3086.600
5265	3088.300
5037	3089.400
4149	3096.300
4629	3097.700
4445	3097.800
4973	3099.200
5185	3099.600
5137	3100.400
4949	3100.800
4877	3101.600
5277	3101.900
4245	3102.400
5037	3112.500
5297	3112.600
5029	3113.000
4873	3114.000
4285	3114.100
4381	3117.500
5265	3118.600
5125	3118.800
4289	3119.100
5057	3119.800
4677	3119.900
4341	3120.700
5277	3135.900
4177	3136.700
4733	3137.900
4485	3138.000
4505	3140.100
4225	3140.200
4961	3140.800
5077	3141.700
4301	3142.300
4757	3143.800
4613	3154.400
5033	3154.600
4149	3155.200
4761	3155.300
5157	3155.300
4569	3157.000
4517	3159.600
5293	3164.100
4677	3165.800
4185	3168.600
4821	3170.200
4273	3170.500
4481	3173.900
5249	3175.100
5153	3179.900
4621	3180.900
4429	3182.400
5045	3182.600
4413	3183.100
4513	3183.400
4749	3185.000
4293	3186.200
4365	3186.300
4569	3188.600
4573	3191.700
4625	3199.800
5253	3200.200
4297	3201.100
5069	3203.200
5201	3203.200
4905	3203.700
5085	3204.300
4189	3205.100
4957	3205.100
5061	3205.100
4389	3208.800
4617	3210.800
4573	3215.900
4881	3216.300
4933	3216.800
4517	3218.500
4257	3219.300
4725	3220.300
4149	3220.500
4937	3222.500
4853	3222.700
5077	3229.800
4321	3231.000
5113	3231.100
4961	3232.700
4453	3232.800
4249	3234.700
4793	3237.300
5189	3237.700
4197	3238.200
5293	3243.300
4193	3245.900
5029	3247.100
4329	3247.500
4161	3247.800
4537	3249.400
4737	3251.000
4269	3251.200
5069	3251.600
4625	3253.700
4469	3255.400
5033	3262.500
4261	3263.400
5085	3264.100
4149	3264.200
4481	3264.300
4157	3264.800
4513	3265.500
4329	3265.700
4769	3265.700
5157	3265.800
4941	3265.900
4145	3266.400
4573	3266.400
5037	3266.700
4365	3266.800
4937	3267.000
4553	3268.600
5297	3268.900
4297	3282.200
4853	3282.500
4557	3282.900
5065	3283.600
4337	3284.400
4445	3285.000
4393	3285.100
4497	3285.800
4997	3285.900
5105	3287.300
5153	3287.700
5269	3288.000
4549	3288.800
4713	3299.100
4581	3299.400
4517	3299.500
5045	3302.400
4881	3302.900
4781	3303.200
4537	3303.300
4577	3303.300
4909	3303.900
4469	3312.600
5285	3313.100
4365	3313.200
4981	3314.100
4801	3314.200
4333	3314.500
4493	3315.100
4565	3316.200
4837	3316.700
4213	3319.200
5277	3320.300
5165	3320.700
4789	3321.600
4313	3322.700
4385	3328.000
5253	3329.700
5209	3330.900
5057	3331.400
4389	3331.500
4377	3332.200
5169	3336.200
4745	3341.500
4573	3346.600
5205	3346.800
4909	3347.400
5249	3350.000
4877	3355.800
4273	3357.200
4581	3358.700
4337	3359.600
4577	3366.600
5161	3371.000
5209	3373.900
4829	3374.200
5157	3375.300
4685	3377.800
5105	3379.100
4929	3380.500
4269	3381.900
4245	3383.000
4569	3383.400
4705	3390.700
4481	3393.100
4965	3393.100
4397	3393.300
5113	3394.300
4353	3394.400
5173	3394.400
4301	3394.700
4689	3394.700
5225	3395.100
4877	3395.300
4517	3395.500
4365	3395.600
5005	3396.100
5257	3396.100
4413	3397.700
4193	3410.900
4605	3412.000
4609	3412.000
4901	3412.400
5137	3412.900
4333	3414.300
4989	3414.300
4589	3414.800
4209	3415.000
4789	3415.900
4369	3418.900
4397	3419.100
5113	3429.100
5221	3431.400
4189	3435.300
5273	3435.400
5065	3438.700
4465	3439.800
4265	3441.600
5249	3441.800
4577	3444.200
4353	3444.600
4497	3445.800
4289	3449.500
4881	3452.200
4793	3452.300
4709	3452.800
4653	3453.000
4801	3453.000
4685	3455.200
4533	3455.700
5205	3456.300
4849	3456.700
5185	3456.800
4525	3457.100
4973	3457.100
4409	3457.200
4153	3458.200
4729	3458.500
4197	3459.200
5013	3459.500
5241	3459.900
4789	3460.000
4861	3463.500
4609	3467.700
4297	3472.100
5125	3472.100
4437	3473.100
4929	3473.300
5201	3474.400
4965	3475.400
4325	3475.700
4493	3475.800
4837	3476.200
5185	3476.200
4257	3476.700
4765	3476.900
4801	3478.200
5025	3479.300
4433	3481.700
4373	3490.400
5037	3494.500
5041	3494.700
5113	3494.900
5177	3495.700
4701	3495.800
4733	3498.300
5117	3498.400
4509	3500.100
4593	3501.300
4177	3504.000
4521	3504.200
4869	3506.500
4729	3506.700
4489	3506.900
4877	3508.400
4249	3509.600
4817	3511.300
4949	3513.400
4273	3516.900
4165	3519.000
4225	3519.900
4229	3520.000
4621	3520.000
4193	3520.500
4549	3521.200
5265	3521.500
4829	3522.500
4713	3525.500
5113	3525.800
4301	3529.600
4733	3536.400
5093	3536.500
5125	3537.800
4201	3538.300
4957	3539.500
5145	3539.900
4349	3540.000
5193	3540.400
4609	3540.600
4905	3540.700
4589	3540.900
4505	3541.700
4169	3542.700
4641	3542.800
5189	3543.300
4749	3553.600
5065	3553.800
4209	3556.000
4469	3556.400
4297	3556.900
4453	3557.800
5185	3558.000
5021	3558.100
4797	3561.700
4165	3566.900
4185	3569.400
4829	3570.400
4589	3571.000
4577	3571.100
5277	3571.100
4557	3572.000
4453	3573.500
5217	3582.000
4793	3582.300
5069	3584.300
4221	3584.700
5029	3585.900
4869	3591.900
4161	3596.900
4913	3597.400
5209	3597.700
4905	3597.800
4213	3598.400
4365	3598.400
4789	3598.600
5125	3600.600
5045	3600.700
4609	3600.800
4405	3600.900
4809	3604.200
5285	3604.300
4513	3612.200
4465	3613.000
5029	3614.100
4725	3614.300
5293	3614.300
4973	3614.700
4549	3615.200
4205	3616.200
4261	3616.300
5185	3618.100
5201	3619.500
5277	3619.800
4961	3621.000
4749	3624.600
4917	3627.100
4629	3627.700
4529	3628.700
4425	3628.800
5213	3629.500
4469	3629.800
4573	3630.400
5257	3630.900
4193	3631.000
4329	3631.100
4249	3631.300
4661	3632.300
5149	3632.700
5141	3633.600
5157	3634.000
5173	3635.100
5077	3642.100
5249	3645.600
4497	3646.200
4933	3646.200
5293	3650.200
4657	3652.500
5253	3652.500
4817	3652.800
4973	3656.000
5085	3662.900
4217	3663.800
5201	3663.800
4989	3664.300
4445	3664.400
4197	3670.500
4725	3672.000
5125	3674.800
4849	3675.000
4365	3675.300
4205	3675.600
4917	3682.600
4821	3683.000
4245	3684.000
5121	3684.300
5277	3684.300
4789	3684.400
4497	3684.700
4493	3685.200
4649	3685.200
4317	3686.200
4813	3686.500
5029	3687.400
4861	3692.000
4793	3692.200
4489	3701.100
4353	3703.300
4349	3703.600
4197	3703.700
4721	3703.800
5177	3705.400
5125	3705.900
4273	3706.400
5005	3706.500
4677	3714.100
5273	3718.900
4661	3719.900
4893	3720.900
4193	3721.800
4469	3722.900
4149	3723.300
4961	3723.300
4749	3723.900
4665	3725.000
5169	3725.300
4505	3727.700
4301	3737.300
4349	3742.600
4589	3742.900
5085	3751.700
5061	3752.800
4541	3753.600
4685	3753.900
4553	3756.100
5077	3756.800
5293	3757.800
4469	3758.800
5201	3760.200
5025	3760.700
4449	3761.400
5005	3762.600
4509	3762.900
4557	3763.100
5185	3763.200
4965	3763.300
4413	3765.300
4329	3776.500
5269	3776.700
4609	3777.200
4425	3777.300
4273	3778.800
4625	3780.700
4161	3781.500
4561	3782.000
5289	3789.800
4629	3790.600
4617	3793.800
4929	3793.800
4525	3793.900
4705	3794.000
4713	3794.100
4781	3794.100
4517	3794.200
5085	3794.200
4717	3794.300
5077	3794.300
4861	3794.400
4573	3794.500
5149	3794.500
4817	3794.800
4389	3795.200
4621	3798.100
4493	3798.500
5245	3811.300
4741	3815.800
4761	3818.100
4149	3819.400
4209	3824.200
5145	3825.400
5125	3828.400
4469	3830.000
4661	3830.400
4205	3831.300
4577	3831.700
4793	3832.700
4409	3833.100
4201	3833.400
4481	3833.900
4685	3833.900
4833	3833.900
4161	3835.900
4541	3845.900
5297	3847.700
5285	3847.900
5093	3848.200
4373	3848.500
4729	3848.600
4165	3848.800
5125	3852.500
4269	3852.700
4253	3853.100
4537	3854.900
4833	3855.300
4365	3861.600
5289	3865.700
4177	3866.000
4721	3868.100
5045	3869.200
4513	3870.100
4661	3870.700
4301	3874.700
5117	3875.500
4341	3875.700
4197	3877.400
5005	3881.000
4965	3881.100
4677	3883.100
4869	3885.500
4577	3888.200
5257	3888.600
4573	3889.100
4245	3889.200
5233	3889.200
4497	3889.700
4949	3891.900
5093	3904.600
5249	3904.700
4425	3905.500
4957	3905.700
5013	3906.500
4733	3906.900
4585	3907.000
4285	3907.100
4549	3907.300
5265	3907.300
4365	3907.900
5005	3908.400
5225	3908.500
4185	3909.800
4625	3924.900
4385	3925.100
4273	3925.600
4949	3925.600
4969	3926.700
5193	3926.700
4861	3926.900
4641	3927.400
4249	3928.000
4729	3928.500
4829	3929.000
5241	3929.300
4605	3929.500
4173	3930.100
4749	3930.900
4513	3931.900
5173	3945.000
4793	3945.600
5125	3945.700
5169	3946.100
5217	3946.100
5029	3947.000
4733	3947.600
5205	3948.300
4549	3949.400
5033	3953.000
4245	3960.200
4649	3960.800
5113	3961.700
4629	3962.200
5157	3962.800
5193	3967.400
4465	3968.900
5185	3969.400
4929	3971.700
4569	3977.300
4837	3978.000
5105	3978.800
4513	3979.700
5257	3979.800
4337	3981.500
5089	3982.300
4561	3982.600
5117	3983.200
4901	3983.300
4177	3984.000
4861	3984.500
5293	3998.600
4881	3999.000
4293	3999.700
5249	3999.700
4869	4000.600
4349	4001.600
5045	4001.900
4693	4002.600
4373	4002.700
4221	4002.800
4273	4003.300
4553	4003.900
4573	4003.900
4469	4004.100
4181	4004.300
4557	4004.700
4953	4004.800
5005	4004.800
5033	4005.000
5285	4005.300
4441	4005.500
4725	4008.600
4621	4019.700
4377	4020.400
5153	4021.200
4149	4022.600
4333	4022.700
4513	4022.900
4969	4023.100
4429	4023.300
4193	4023.400
5265	4023.700
4677	4023.800
4965	4023.800
5093	4023.900
4405	4025.300
5209	4038.100
4269	4040.200
5069	4040.400
5113	4042.200
4649	4042.900
5169	4043.800
4217	4045.000
4829	4045.900
5213	4046.800
4797	4047.400
5273	4048.100
4793	4054.000
4205	4056.700
4661	4058.100
4285	4060.200
4169	4060.600
4581	4060.700
4337	4061.200
4573	4062.400
5237	4062.600
4293	4064.300
4393	4064.400
5117	4065.400
5085	4067.800
4149	4074.000
4437	4074.000
4253	4075.200
5253	4075.400
4929	4076.400
4609	4076.600
4557	4076.700
4313	4077.400
4309	4077.500
4273	4077.800
4173	4077.900
4589	4078.500
5129	4078.500
5277	4079.100
4689	4080.200
5125	4089.500
4217	4089.800
4333	4092.200
4269	4093.000
4757	4093.600
4833	4093.600
5161	4093.900
4577	4094.400
4849	4094.500
5077	4094.600
4661	4095.100
4257	4095.300
4389	4095.300
4413	4095.400
4565	4095.500
4961	4095.700
5061	4095.700
4517	4096.100
4245	4097.000
5037	4105.300
4861	4106.200
4797	4106.500
5085	4106.900
4169	4107.900
4949	4110.000
4929	4121.400
4973	4121.600
4489	4123.400
5277	4123.400
4953	4123.500
5025	4124.700
5217	4126.200
4353	4127.100
4385	4127.300
5249	4130.500
5093	4131.400
4661	4132.600
4437	4133.800
4497	4142.700
4301	4143.000
4457	4143.100
5225	4143.400
4765	4145.900
5237	4146.000
4293	4146.300
4213	4147.400
4417	4147.600
4749	4151.300
4673	4160.700
4209	4161.600
5085	4162.100
5201	4164.400
4781	4165.100
4201	4165.800
4937	4166.200
4969	4166.200
4557	4167.100
4233	4167.600
4517	4168.000
4829	4169.800
5005	4170.100
4625	4173.200
4185	4174.900
4525	4175.200
4161	4175.600
4149	4176.600
5137	4177.200
4173	4179.300
4253	4183.100
4713	4184.000
5121	4185.000
4965	4192.100
4389	4193.000
4469	4194.800
5277	4197.600
4981	4200.400
5125	4204.700
5265	4211.800
4581	4212.300
4881	4212.900
4937	4213.300
4785	4214.100
4921	4215.100
4149	4218.900
4557	4220.900
4569	4221.400
5065	4222.900
5057	4223.600
4245	4224.200
4337	4224.500
4241	4224.700
4909	4224.700
5249	4224.900
5253	4225.100
4377	4225.200
5137	4225.400
4161	4225.500
5293	4226.000
5005	4226.300
4329	4236.500
5125	4237.300
4317	4237.600
4661	4237.900
4965	4238.200
5185	4238.600
5077	4239.800
4957	4240.400
5277	4246.400
4197	4250.600
4905	4250.800
4749	4251.200
4321	4253.000
4417	4253.200
5177	4253.300
4565	4254.000
4549	4254.300
4849	4255.000
4745	4256.200
4373	4257.200
4589	4257.400
4861	4257.600
4725	4258.400
4701	4258.600
5085	4270.300
4229	4270.700
4273	4271.100
4257	4272.400
4505	4272.700
4557	4273.700
4281	4273.800
4741	4274.300
5265	4274.500
5173	4274.800
4869	4275.600
4501	4288.800
4829	4289.800
4797	4290.900
5089	4291.000
4549	4291.400
5213	4292.200
4801	4292.800
5153	4303.700
5057	4305.500
4245	4306.700
4301	4306.800
5277	4307.000
4901	4307.200
4221	4307.400
5257	4307.500
4537	4307.600
5193	4307.800
4589	4308.600
5013	4309.800
4693	4311.000
4389	4311.200
4193	4311.900
4673	4312.200
4849	4313.400
4677	4313.600
5157	4319.700
4453	4321.800
4689	4325.600
4789	4325.600
4429	4325.700
4557	4325.800
4965	4326.500
5117	4327.800
4313	4328.300
4293	4333.700
4393	4340.100
5225	4341.200
4649	4342.300
5169	4343.600
4641	4343.800
5005	4343.900
4905	4344.000
5185	4344.500
4165	4345.500
4533	4352.300
5157	4357.400
4297	4358.000
4577	4358.000
4801	4358.000
4965	4358.100
4289	4358.300
4333	4358.300
5253	4358.300
4881	4358.600
4885	4358.800
5033	4358.800
4529	4360.700
4465	4360.800
4973	4361.500
4861	4361.800
4517	4362.900
4541	4375.900
4469	4377.900
4245	4380.200
4233	4381.000
4161	4381.800
4801	4382.100
4193	4382.200
4685	4382.400
4289	4385.500
4949	4386.500
4389	4389.300
4345	4389.800
5169	4393.900
4537	4396.700
4509	4400.500
5057	4400.900
5037	4401.800
5161	4405.600
4973	4406.600
4577	4407.900
5125	4409.100
4937	4412.800
4373	4414.900
5165	4416.100
4557	4416.400
5265	4419.500
4425	4420.300
4761	4420.700
4837	4420.900
4389	4421.600
4793	4433.000
5033	4436.300
4669	4436.700
4177	4437.300
5277	4438.800
4517	4439.300
4929	4440.200
5289	4444.700
4245	4448.200
4269	4448.900
5273	4449.000
4569	4449.200
4301	4449.900
4573	4449.900
4737	4450.200
5089	4450.200
4597	4455.800
4385	4457.400
4577	4457.900
5265	4459.200
4533	4461.200
4961	4461.300
5173	4461.500
4821	4467.200
4661	4469.500
5249	4469.800
4337	4471.900
4617	4472.600
4881	4474.000
4365	4475.300
4849	4475.900
5213	4476.100
4801	4476.200
4681	4476.300
4517	4476.400
4921	4476.600
4373	4477.900
4301	4478.100
4561	4490.400
5089	4490.700
4713	4490.900
4805	4491.900
4677	4493.600
4445	4493.700
5145	4493.900
5169	4494.600
4649	4507.200
4661	4507.700
5165	4508.700
5185	4509.100
5293	4511.400
4973	4513.700
4837	4513.800
4469	4515.000
4297	4515.100
5205	4525.700
4677	4526.200
5173	4526.300
4961	4526.500
4269	4526.800
4365	4527.100
5137	4527.100
4185	4527.400
4813	4527.700
4809	4527.900
5253	4528.000
4149	4528.100
4861	4528.600
5269	4529.200
4517	4529.900
4505	4530.900
5037	4531.400
4973	4545.700
4349	4546.500
5077	4546.500
4753	4547.600
5029	4548.300
5065	4549.400
4833	4549.800
5265	4551.100
4569	4552.000
4721	4552.800
5137	4553.600
5037	4556.000
5157	4568.200
4661	4569.600
5033	4570.300
4797	4570.700
4553	4571.200
4377	4571.800
4265	4572.200
4389	4572.400
4285	4573.500
4537	4574.500
4985	4574.500
5085	4581.600
4933	4586.700
4417	4587.000
5113	4587.800
4185	4588.200
4517	4588.400
4673	4589.700
5221	4592.500
4709	4592.600
4557	4593.000
4765	4595.300
4701	4603.200
4213	4603.400
4705	4603.700
5077	4604.300
5005	4604.700
5185	4605.000
4469	4605.200
4385	4605.500
5137	4606.200
5277	4606.900
5065	4607.500
5113	4618.600
4905	4622.200
4869	4622.600
5013	4632.000
5241	4632.000
5225	4635.000
4661	4637.200
5177	4637.600
4725	4639.200
4497	4639.300
4941	4639.500
4185	4639.800
4533	4640.600
4313	4640.900
4353	4641.800
4581	4642.300
5185	4644.600
4365	4651.500
4881	4652.300
4921	4652.800
4149	4653.100
4749	4653.600
4861	4653.800
4301	4653.900
5245	4654.000
5009	4656.400
4221	4656.600
5085	4656.700
4517	4657.000
4289	4666.600
4685	4667.000
5249	4671.500
4961	4671.800
5189	4672.300
4953	4672.900
4293	4673.800
4205	4673.900
5029	4673.900
4469	4674.900
4665	4684.100
4437	4686.900
4249	4687.100
4177	4687.400
4793	4687.400
4669	4688.200
4569	4688.600
4605	4688.600
4713	4688.700
4513	4689.400
4353	4689.800
4373	4689.800
4933	4690.000
4765	4690.500
5233	4692.000
4273	4705.200
4385	4705.900
4493	4706.200
4625	4706.400
5081	4706.700
4753	4707.000
4993	4707.300
5249	4711.000
5085	4722.300
5201	4722.500
4557	4722.700
5253	4723.000
4417	4723.100
4513	4726.600
4733	4729.600
4581	4733.700
5125	4733.700
5173	4739.300
4973	4739.800
4413	4740.400
4241	4743.100
4977	4744.800
5069	4746.600
4225	4747.400
4573	4749.300
5029	4749.700
4569	4751.300
4517	4751.700
4593	4752.300
4597	4754.400
4237	4754.800
4317	4756.300
4933	4756.300
4333	4756.500
5033	4757.400
4713	4761.000
4293	4762.700
4985	4763.400
4965	4767.200
5277	4768.900
4149	4769.500
5189	4769.800
4557	4770.200
4525	4772.500
5157	4772.600
4981	4773.400
4453	4776.000
4749	4783.600
4661	4784.800
4929	4785.700
4209	4787.400
4421	4787.600
4233	4791.500
4577	4792.500
4509	4803.000
4877	4803.700
5057	4804.500
4373	4804.600
4393	4806.400
4169	4806.500
4417	4806.600
5037	4806.900
4581	4807.300
4301	4810.600
4493	4811.500
5033	4818.700
4573	4820.100
4433	4820.300
4933	4820.600
5249	4820.600
4849	4821.300
5085	4821.300
4269	4822.700
4733	4822.800
4809	4823.100
4969	4824.000
4149	4826.600
4737	4827.300
5209	4829.000
4557	4830.900
4965	4830.900
4173	4831.800
4465	4838.700
4513	4839.200
4541	4839.500
4577	4840.600
5121	4840.800
4521	4841.300
5157	4841.800
4537	4843.100
4333	4856.000
4197	4856.700
4941	4862.400
4909	4866.100
5285	4867.100
4749	4868.100
5185	4868.200
4853	4869.500
4549	4872.100
4821	4872.600
4553	4873.300
4273	4874.100
5065	4878.500
4581	4883.000
4161	4883.600
5153	4883.600
4873	4884.900
5277	4886.900
4329	4887.600
4569	4889.600
4285	4891.200
5037	4892.900
4937	4893.200
4389	4893.400
5125	4895.700
5029	4897.000
4465	4897.500
4933	4897.500
4381	4897.700
4961	4898.000
4273	4916.200
4513	4916.500
4217	4916.600
4633	4918.100
4833	4918.200
4493	4918.300
4921	4918.300
4809	4918.400
4289	4918.700
4213	4920.100
4325	4920.200
4577	4920.200
4669	4921.500
4861	4921.500
4229	4922.400
4413	4934.400
4973	4934.700
5149	4936.600
5265	4936.900
4641	4937.300
4505	4938.000
5157	4938.000
5257	4938.000
4397	4940.600
4261	4941.300
4873	4941.300
5181	4941.500
4217	4941.900
4533	4943.200
5045	4945.900
4665	4951.500
4301	4954.400
4741	4954.400
5005	4954.800
4637	4955.000
5029	4955.200
4593	4955.700
4661	4955.700
4545	4966.400
4149	4967.100
4325	4970.300
4553	4970.500
5065	4970.700
5185	4970.700
4341	4971.800
4177	4981.300
4965	4982.800
5089	4983.300
5125	4983.400
4837	4983.700
5041	4986.800
4197	4987.300
4749	4987.500
5193	4987.500
4573	4987.900
4821	4988.500
5057	4989.900
5209	5002.100
5285	5003.700
4305	5004.200
4621	5004.200
5141	5004.400
4293	5005.400
5249	5006.300
5049	5006.400
4893	5007.100
4417	5007.300
5117	5007.800
5177	5011.800
5265	5011.900
4689	5012.600
4165	5015.700
4301	5018.700
4333	5019.900
5033	5022.400
4317	5033.000
5093	5036.200
4821	5036.500
4173	5037.300
4393	5037.400
4989	5040.700
4293	5048.400
4409	5048.900
4273	5049.000
4573	5050.200
4685	5051.200
4929	5055.200
5045	5055.200
4649	5055.400
4701	5056.100
5269	5056.900
4801	5057.500
4797	5058.900
4933	5059.800
5209	5060.000
4261	5060.100
4549	5060.100
4341	5060.600
4509	5064.300
4577	5066.700
4665	5066.800
4185	5068.700
5029	5069.000
5205	5071.200
5217	5072.000
4473	5072.500
4493	5073.900
5137	5074.200
4789	5074.700
4605	5082.600
4837	5084.600
5169	5084.900
4553	5085.000
5225	5085.400
4581	5085.500
5057	5085.500
5089	5085.800
4669	5086.000
5289	5087.600
5249	5087.900
5085	5088.000
4745	5088.300
4481	5089.200
4685	5092.100
4729	5094.300
4557	5094.900
4757	5098.000
4245	5098.200
4525	5100.200
5209	5100.600
4361	5101.200
4385	5101.300
4177	5103.700
4713	5104.000
4749	5112.200
5241	5114.400
4537	5114.600
4653	5114.900
4889	5117.700
4661	5118.300
4725	5118.300
4185	5118.500
4409	5118.600
5121	5118.800
5097	5119.000
4901	5119.500
4841	5119.800
4861	5120.000
4149	5130.600
4961	5133.100
5245	5133.100
4285	5134.800
4417	5135.000
5165	5135.600
4569	5135.900
5105	5136.000
4609	5136.400
4261	5136.900
4573	5136.900
4557	5139.100
5029	5147.300
5185	5147.400
4273	5151.700
5005	5151.700
5277	5151.700
4485	5151.800
4441	5152.100
4677	5152.100
5161	5152.200
4965	5152.400
4625	5152.700
5141	5153.400
5021	5155.800
4197	5164.900
4509	5166.400
4785	5168.700
5277	5169.100
4389	5169.500
5157	5170.800
4929	5171.300
4581	5172.100
5025	5173.100
5177	5174.100
4749	5179.600
4533	5180.900
4677	5181.300
4721	5181.800
4821	5181.900
5225	5182.200
4489	5182.800
5265	5185.300
4497	5196.500
5137	5196.700
5173	5197.200
5125	5198.500
5005	5198.900
4437	5199.300
4761	5202.000
4669	5202.300
4249	5206.000
4345	5208.900
5057	5213.500
4837	5219.500
4225	5220.500
4205	5220.800
4177	5221.200
5185	5221.400
4469	5221.600
4221	5221.700
4801	5221.700
4441	5222.500
5189	5223.200
4669	5224.200
5221	5225.600
4641	5226.200
4341	5234.900
4965	5235.500
4301	5235.700
4865	5236.500
4557	5237.200
4609	5237.500
4929	5237.600
5117	5238.200
4625	5239.000
5249	5239.400
5277	5252.900
4153	5254.700
4409	5255.200
4789	5258.200
4889	5258.900
4653	5259.000
4361	5259.200
4929	5259.200
4225	5259.300
4417	5259.300
5129	5259.300
4937	5259.400
4885	5259.500
4841	5260.900
5061	5261.600
5185	5270.700
4517	5271.800
4961	5273.300
4289	5274.500
5025	5275.100
4405	5276.200
5157	5276.800
4809	5277.100
4293	5277.900
4817	5278.800
4861	5279.000
4413	5279.900
5057	5290.500
4249	5291.200
4493	5292.300
4997	5293.700
4537	5294.100
4353	5295.400
5045	5295.900
4465	5296.200
5173	5296.200
4837	5296.700
4497	5304.400
4885	5308.100
5049	5309.500
4833	5310.200
5269	5311.000
5121	5311.100
4333	5312.000
4649	5312.900
4413	5323.500
4977	5325.600
5165	5326.000
4513	5326.300
4825	5327.600
5217	5328.000
4517	5329.500
5193	5330.000
4185	5339.400
4505	5340.200
4205	5341.000
4929	5341.300
4629	5342.100
4293	5342.400
4861	5343.700
4749	5344.300
4469	5344.900
4249	5345.100
4909	5349.400
4973	5354.300
4245	5357.300
4481	5357.400
4253	5358.500
4437	5359.000
4593	5359.600
5065	5360.200
4601	5360.700
4433	5361.800
5157	5362.200
4149	5362.300
4789	5362.900
4213	5363.300
4569	5368.700
5005	5373.000
4577	5374.700
4825	5376.100
4189	5376.600
4933	5377.100
5201	5378.300
5209	5378.400
4853	5378.500
4145	5379.800
4689	5379.900
5085	5379.900
5125	5379.900
4449	5380.000
4393	5380.300
4241	5380.600
4965	5382.700
4353	5384.000
5089	5384.900
4329	5393.700
4425	5394.800
4781	5395.000
4533	5395.600
4861	5395.800
4285	5395.900
4289	5395.900
4657	5396.100
4245	5397.900
5197	5409.600
4585	5411.300
4745	5411.500
5029	5411.600
5185	5411.600
5257	5412.500
4557	5412.600
4469	5413.200
5057	5420.100
4677	5424.600
4793	5424.800
4217	5425.400
4973	5426.700
4977	5427.100
4905	5427.200
4169	5435.900
5205	5436.700
5297	5436.700
4425	5437.000
4349	5439.400
5277	5439.400
4693	5439.600
4453	5440.000
4497	5440.400
4193	5453.800
4173	5455.900
4969	5456.400
4765	5457.400
4301	5458.800
4937	5461.200
4513	5463.100
4217	5467.800
4733	5467.800
4749	5468.300
4185	5470.000
4861	5473.700
4961	5475.500
5229	5476.000
4289	5476.200
4317	5476.600
4685	5476.600
4853	5481.600
4929	5491.400
4253	5492.200
5249	5492.900
4261	5493.300
4337	5494.900
5273	5495.500
4565	5495.800
4817	5497.000
5277	5497.300
4329	5497.500
4273	5498.300
4705	5498.800
4189	5499.900
4641	5500.000
4217	5503.100
4537	5508.700
4965	5509.100
4937	5509.500
4161	5510.800
5169	5511.000
4957	5511.200
4749	5512.000
4981	5512.000
5285	5512.400
4385	5512.500
4425	5512.500
5185	5513.800
4301	5526.200
4861	5527.100
5209	5529.300
4649	5531.100
4309	5532.100
4541	5534.500
4509	5534.700
4553	5537.100
4281	5538.200
4469	5539.000
4325	5539.300
4745	5540.400
5265	5541.400
4557	5543.400
4245	5544.600
4397	5551.400
4809	5554.200
4293	5557.500
4609	5557.800
4549	5558.500
5241	5558.900
5289	5561.400
4497	5562.100
5117	5562.700
5021	5563.000
4469	5565.800
4665	5569.400
4301	5571.300
4557	5574.100
4533	5575.800
4149	5577.900
4905	5578.400
4653	5578.800
5125	5579.000
5185	5579.600
4785	5579.800
5085	5580.500
4733	5581.400
4861	5590.100
4553	5590.500
5277	5590.500
4269	5591.600
4649	5592.200
4245	5592.700
4569	5592.800
4853	5593.600
5209	5593.600
4329	5593.700
4425	5593.900
4621	5593.900
4517	5594.700
4965	5607.400
4557	5607.500
4481	5607.700
5193	5607.900
4761	5608.300
4553	5608.600
5141	5609.400
4953	5610.000
4201	5610.200
4301	5610.200
4417	5610.200
4221	5610.300
4209	5610.800
4269	5610.800
5253	5610.800
5093	5611.700
4633	5613.600
5265	5625.000
4305	5626.000
5277	5627.300
4857	5627.600
5173	5629.400
4849	5629.700
5077	5630.200
4365	5630.400
4469	5632.900
5297	5633.100
5169	5633.200
4325	5645.000
4289	5645.700
4549	5645.800
5209	5645.900
4317	5646.000
4193	5646.200
4577	5646.500
4625	5646.600
5269	5646.800
5029	5646.900
4877	5647.200
4177	5647.300
4285	5647.700
5261	5647.700
4373	5647.800
4361	5648.400
4789	5649.500
5285	5649.600
4505	5662.000
5093	5664.100
4453	5665.700
4765	5671.100
4189	5671.300
4245	5675.000
5125	5676.400
4353	5676.700
4149	5677.200
4249	5677.600
4305	5677.900
4877	5678.100
4801	5678.400
4601	5679.100
5137	5679.500
5229	5679.600
4589	5679.900
4965	5680.400
4153	5681.600
5153	5682.100
4405	5682.800
4221	5684.100
5209	5693.600
4949	5694.900
4661	5698.700
4821	5698.900
5005	5699.100
5141	5699.100
4785	5699.500
4749	5705.000
4493	5705.500
4185	5706.200
4781	5709.300
4789	5709.600
4733	5712.500
4589	5714.800
4365	5715.100
5077	5716.200
5217	5716.200
4177	5716.900
4581	5717.300
4793	5719.300
4305	5732.700
4965	5733.000
4253	5733.300
5157	5733.400
5265	5733.600
4737	5733.900
4457	5734.000
4209	5734.100
4285	5734.100
4873	5734.100
4441	5734.200
4289	5734.300
4705	5734.700
5213	5734.700
4537	5735.100
4569	5735.300
4213	5735.600
4333	5736.700
5153	5736.700
5061	5737.000
4149	5738.400
5105	5750.600
4653	5752.400
4961	5752.400
4789	5754.100
4549	5754.900
4669	5755.500
4901	5755.800
4469	5756.300
4509	5756.700
5265	5756.700
4589	5756.900
4465	5757.300
4273	5758.800
4785	5759.000
4497	5772.100
4233	5773.300
4877	5775.400
4205	5777.300
4285	5779.700
4581	5780.900
4829	5781.100
4365	5781.300
4893	5781.300
5057	5781.300
4661	5781.500
4537	5781.600
5125	5784.500
4573	5784.800
4969	5784.900
4973	5785.400
4469	5787.000
4705	5794.500
5277	5795.600
4993	5795.700
4661	5796.500
4249	5797.100
4557	5797.400
5137	5799.000
4861	5799.600
4341	5802.200
4333	5803.900
4369	5804.400
4253	5804.700
4533	5806.100
5217	5806.800
4261	5807.000
4241	5809.300
4593	5809.600
4965	5810.100
4729	5813.300
4549	5819.400
4149	5822.400
4329	5823.000
4285	5823.800
4789	5825.300
5233	5825.700
4949	5825.900
4181	5826.700
5277	5833.200
4625	5833.400
4929	5837.400
4569	5844.100
4413	5844.900
4545	5844.900
4629	5845.300
4793	5845.600
4885	5846.200
5169	5846.300
4497	5846.800
4333	5847.500
5185	5847.800
4493	5847.900
4513	5848.600
4973	5850.100
4765	5852.500
4313	5853.000
4665	5860.200
4461	5861.100
4373	5861.200
4517	5861.300
4201	5861.400
4349	5861.600
4509	5861.600
4585	5861.700
5249	5861.900
4733	5862.300
5085	5862.500
4557	5862.900
4425	5863.300
5065	5864.900
4569	5868.200
5113	5878.000
5273	5878.600
4405	5879.500
4949	5879.600
4177	5879.800
5021	5882.800
4441	5883.000
4809	5883.200
5253	5883.300
4581	5883.500
4929	5893.000
4397	5893.600
4445	5893.800
5277	5894.700
5077	5894.800
4973	5895.200
4569	5895.600
4621	5896.600
4493	5896.700
4557	5897.400
4781	5897.600
4537	5898.000
4833	5898.000
5037	5908.900
5045	5910.000
5185	5910.300
5249	5910.300
4609	5910.600
4889	5911.000
5209	5911.200
4965	5911.900
4757	5913.000
4353	5913.400
5201	5915.000
4789	5918.600
4517	5926.300
4197	5926.600
4949	5927.100
5297	5927.400
4313	5928.500
4205	5929.000
4869	5929.400
4845	5929.700
4617	5930.000
4581	5930.200
4965	5932.300
4573	5945.900
4905	5946.500
4837	5948.300
5161	5949.200
5297	5952.700
5025	5954.300
4385	5956.100
4977	5956.100
4325	5958.600
5141	5958.600
4581	5961.900
4841	5964.400
4621	5964.600
5125	5965.400
4797	5966.100
5105	5967.300
5277	5967.300
5049	5968.000
4185	5972.300
4389	5974.100
4781	5980.800
4301	5982.700
4501	5983.500
5037	5986.500
4281	5994.600
4409	5994.700
4513	5995.800
4197	5997.100
4793	5998.100
5049	5999.100
4149	5999.200
4809	6000.000
4789	6000.900
4493	6001.300
4377	6001.600
5201	6001.600
5149	6001.800
4613	6001.900
5089	6002.300
5249	6002.400
4405	6002.700
4297	6004.900
4469	6005.000
4293	6005.100
4965	6014.000
4765	6015.900
4577	6016.000
5077	6016.000
4685	6017.500
4193	6017.600
4313	6018.200
4865	6018.400
4949	6018.900
4553	6020.200
5193	6020.500
4861	6030.300
4713	6032.500
5169	6033.300
5045	6033.500
4749	6033.600
4929	6033.600
4345	6034.200
4373	6034.400
4561	6038.600
4905	6039.400
4965	6046.800
5081	6052.400
4573	6054.300
5185	6056.600
4977	6057.200
4249	6057.600
4557	6060.200
4941	6061.100
4445	6062.800
5069	6065.200
4313	6071.900
4969	6072.000
4513	6072.700
4509	6073.100
5125	6074.000
4789	6074.900
4269	6075.000
5133	6075.200
5157	6075.400
4177	6075.500
4905	6075.800
5169	6075.900
4569	6076.800
4293	6077.300
4881	6077.300
4837	6078.100
4937	6078.200
4425	6079.500
4225	6088.300
5065	6091.500
4445	6093.800
4185	6093.900
4589	6094.700
5217	6096.100
5141	6096.200
4785	6096.400
4493	6099.600
4797	6100.000
4453	6100.700
4525	6101.800
4749	6104.600
4973	6105.600
4297	6107.200
4565	6108.000
5089	6108.200
4293	6111.500
5293	6117.400
4361	6120.900
4657	6121.300
4545	6121.400
5077	6121.500
5289	6121.700
4153	6121.800
4417	6121.800
5277	6121.800
5113	6123.200
4365	6124.900
4577	6126.400
4741	6126.500
4513	6135.800
4389	6136.700
4497	6138.000
5033	6138.300
4453	6139.500
4649	6139.900
5193	6140.300
4849	6140.500
4757	6141.000
4289	6141.200
4661	6141.300
4365	6153.500
4645	6154.600
5277	6155.000
4385	6155.900
4901	6156.200
4161	6156.700
4841	6157.000
4157	6157.200
5213	6157.200
5185	6157.300
5169	6157.400
5265	6157.400
4573	6157.500
4537	6157.600
4825	6158.500
4533	6159.600
4669	6161.000
5085	6161.300
5241	6167.500
5225	6170.200
5205	6170.900
4721	6171.000
4185	6171.500
4149	6173.400
4205	6174.700
4301	6174.800
4513	6174.800
5201	6176.400
4821	6181.700
4389	6185.500
4489	6187.600
5029	6188.100
4293	6188.600
5065	6188.600
5209	6190.800
4245	6193.200
4921	6200.300
5169	6200.800
4621	6202.500
4669	6202.800
5185	6202.900
5153	6204.300
4933	6204.800
5265	6205.200
4557	6212.100
4713	6212.500
4625	6214.100
4285	6214.400
4761	6215.100
4569	6220.400
5121	6221.000
4509	6221.100
4365	6221.700
4689	6222.200
5105	6222.800
4977	6223.000
5037	6223.300
4649	6223.700
4497	6224.000
4489	6224.900
5249	6225.400
5065	6225.500
5085	6225.900
4317	6235.900
4545	6237.400
4673	6239.000
5029	6239.100
4361	6239.300
4341	6239.400
5277	6242.500
5133	6242.700
4997	6242.800
4649	6253.300
4745	6254.000
4797	6254.000
4569	6254.600
4469	6254.700
5197	6254.900
4881	6255.000
4409	6255.200
5257	6255.200
4793	6255.800
5269	6256.000
4449	6256.700
5253	6268.700
4289	6269.400
5125	6269.400
5141	6269.400
4445	6270.000
4497	6270.100
4973	6271.400
4301	6271.600
4377	6273.200
4213	6273.400
5005	6282.900
5249	6285.700
4733	6287.800
4161	6288.100
4513	6288.900
4661	6290.100
4957	6290.100
5277	6290.500
5189	6299.500
4837	6300.400
4297	6301.000
4229	6301.300
5209	6301.300
4857	6301.400
4285	6302.800
4405	6303.000
4221	6303.300
4789	6305.000
4729	6305.300
4293	6305.700
4745	6305.700
4861	6313.000
4413	6315.000
4533	6318.000
4781	6319.300
4489	6319.400
4581	6320.900
5265	6322.000
4329	6322.600
4609	6325.400
4961	6327.800
4437	6328.800
4901	6328.800
5085	6329.000
4537	6331.400
4273	6336.100
4245	6337.200
5189	6339.600
4749	6340.300
4745	6340.400
4713	6341.200
5025	6343.400
4789	6346.700
5173	6352.900
4493	6353.100
5125	6356.200
4829	6356.400
4169	6357.400
4577	6357.400
4653	6357.600
4517	6357.700
4505	6357.800
4569	6357.800
4949	6357.900
4889	6358.400
4445	6358.500
4625	6358.600
4289	6358.700
5205	6360.000
4801	6371.000
4969	6371.800
5085	6372.200
4393	6374.000
4425	6374.400
5129	6374.500
4789	6374.900
4937	6375.300
4677	6376.200
4693	6376.500
4273	6376.900
4965	6376.900
4293	6377.000
4205	6377.100
4905	6377.200
4873	6377.700
4649	6379.000
4525	6390.900
5261	6391.100
4921	6394.900
5057	6395.700
4501	6397.100
4553	6398.100
4149	6398.900
4985	6400.000
4857	6405.600
5125	6406.400
5177	6408.100
5241	6408.100
5029	6408.500
4609	6409.400
4517	6411.200
4833	6413.600
4365	6413.700
4417	6414.400
4973	6414.400
4349	6414.900
4505	6414.900
4861	6415.400
4761	6416.000
5185	6416.000
4981	6416.300
5033	6416.300
4793	6416.500
5037	6416.700
4977	6417.000
4853	6417.300
4573	6417.900
4513	6418.300
5285	6418.900
5133	6419.000
4709	6419.700
4293	6419.900
5173	6425.700
4333	6434.800
4661	6435.800
4245	6438.400
4393	6439.300
4413	6440.100
4569	6440.500
4905	6441.700
4557	6442.600
4965	6443.300
4493	6444.100
4361	6444.300
4585	6445.100
4313	6446.200
5101	6446.900
5117	6448.500
4497	6449.700
4997	6456.200
4149	6458.500
4621	6458.700
4957	6458.800
4749	6459.600
4569	6459.700
4393	6459.800
4217	6460.000
4689	6460.100
4301	6460.200
4721	6460.200
4877	6460.300
5293	6461.000
5093	6474.900
5157	6475.700
4469	6476.400
4989	6476.500
4937	6477.700
4837	6479.700
4201	6480.200
4533	6481.200
4509	6487.400
4425	6488.500
4741	6489.900
4965	6491.100
5185	6492.800
4725	6493.400
5265	6493.500
4733	6493.900
4205	6495.300
4861	6495.600
4557	6500.100
4269	6509.100
4809	6509.100
4609	6510.100
4961	6511.300
4493	6511.700
4365	6512.500
4749	6512.600
4589	6513.000
4225	6513.900
5125	6515.000
5093	6516.000
4649	6519.500
4577	6520.400
4445	6521.200
4537	6525.700
4185	6528.100
4965	6528.200
4313	6530.600
4541	6534.500
4629	6535.200
4557	6536.400
4273	6540.700
4497	6544.500
5265	6544.900
4905	6548.300
4221	6549.600
4633	6549.700
4253	6551.100
4749	6551.200
4425	6551.300
4849	6551.300
5297	6551.500
4917	6551.700
4725	6551.900
4609	6552.800
4405	6553.500
4141	6554.000
5177	6554.000
4713	6558.200
5029	6559.500
4521	6566.300
5253	6567.500
4149	6567.800
4409	6569.100
4973	6569.200
4329	6569.400
4469	6570.000
4545	6570.000
4177	6570.800
4853	6570.900
5125	6572.000
4185	6573.000
4493	6573.600
4165	6584.300
5197	6587.200
4729	6587.500
4621	6588.100
4861	6589.900
5273	6591.300
5277	6591.600
4269	6593.000
4245	6594.800
4833	6597.100
5037	6600.700
4705	6604.000
4373	6604.300
4781	6606.400
4809	6606.600
5085	6606.700
4293	6607.200
5157	6607.400
4409	6607.500
4361	6607.700
5265	6607.700
4569	6607.800
5025	6608.000
5249	6608.400
4937	6608.600
4481	6608.900
4385	6609.000
4273	6609.800
5201	6610.000
4425	6610.200
4365	6610.600
5173	6610.600
4453	6610.700
4965	6610.800
4517	6610.900
4153	6614.300
4193	6623.800
5209	6625.900
4557	6626.100
4625	6626.300
4741	6626.300
4961	6626.400
4729	6626.700
4933	6626.800
4245	6641.100
4453	6642.900
4393	6643.100
4745	6643.400
4937	6643.600
4749	6643.700
4921	6643.700
4213	6644.000
5125	6644.200
4497	6644.300
4725	6644.400
5029	6644.400
4985	6646.000
4165	6646.500
5113	6661.500
4801	6662.200
4705	6662.700
4569	6662.800
4825	6663.300
5021	6665.000
5157	6668.700
4513	6672.600
4653	6672.600
4965	6673.600
4445	6674.300
5141	6674.500
4537	6674.600
4669	6674.800
5089	6675.200
4417	6675.300
4213	6676.600
4493	6677.300
5273	6688.400
5277	6689.000
5133	6689.600
4273	6690.500
5169	6691.500
4445	6694.600
4573	6695.000
4917	6706.300
4497	6707.000
4749	6707.100
4481	6707.200
4973	6707.700
4289	6709.800
4653	6720.100
5185	6723.400
4161	6723.700
5141	6724.100
4285	6725.000
4453	6726.200
4213	6727.000
5037	6729.700
5117	6729.700
4953	6733.500
4273	6734.900
4409	6735.800
4557	6735.800
4193	6737.200
5109	6738.500
4425	6739.100
4317	6744.200
5089	6748.400
4781	6748.500
5301	6748.800
4577	6749.400
5081	6749.500
4289	6750.100
4693	6750.500
4537	6755.900
4617	6757.700
5257	6764.800
4569	6767.200
5185	6767.600
5025	6769.400
4837	6772.200
4809	6773.200
4217	6775.200
4333	6776.400
5077	6776.600
4581	6777.900
4221	6780.600
4921	6782.100
5277	6783.000
5157	6784.200
4149	6784.500
5125	6784.900
4609	6789.200
4901	6792.400
4861	6792.600
4469	6792.800
4293	6793.400
5057	6793.800
4269	6794.400
4153	6798.600
4233	6799.500
4693	6800.000
4265	6801.200
4889	6801.500
4873	6802.100
4749	6806.900
5081	6809.300
4793	6809.400
4397	6809.700
4653	6809.700
4985	6809.800
4829	6810.100
5225	6811.400
4373	6812.000
4573	6812.100
5085	6814.100
4965	6815.000
4569	6815.600
4949	6820.200
4789	6820.700
4589	6827.300
4881	6828.200
4161	6828.400
4581	6829.600
5157	6829.700
4517	6829.900
4497	6830.000
4929	6830.100
4425	6830.200
5113	6830.300
5253	6830.600
4785	6830.700
5037	6830.700
4809	6830.800
5185	6832.300
4349	6837.100
4669	6842.800
4197	6842.900
4285	6844.700
4649	6845.200
4545	6846.300
4725	6846.600
5021	6847.600
5125	6849.700
4933	6851.700
4301	6860.800
4149	6862.400
4333	6862.600
5217	6864.100
4493	6864.500
4965	6864.800
4581	6865.900
4749	6865.900
4685	6868.600
4793	6871.000
4365	6874.700
4185	6879.100
5265	6879.500
5281	6879.800
5125	6879.900
4213	6880.000
5209	6880.200
5257	6880.200
4557	6880.900
4809	6881.400
4733	6881.800
5225	6882.400
5165	6883.400
4289	6883.800
4537	6885.400
4621	6885.400
4453	6887.600
5297	6888.400
4829	6899.100
4325	6899.300
5161	6900.900
4801	6901.100
4737	6901.300
4533	6901.700
4405	6902.100
4789	6902.100
4165	6913.000
4221	6913.700
4361	6913.900
4585	6914.800
4989	6916.600
4649	6919.900
4929	6924.800
4821	6928.200
4493	6931.400
4737	6931.400
5225	6931.500
4497	6932.000
5277	6932.300
4581	6934.600
4445	6938.500
4509	6939.700
4569	6942.300
4797	6942.600
4545	6942.800
4689	6942.900
5129	6946.100
4333	6947.900
4789	6948.500
4861	6949.600
4413	6953.900
5249	6954.000
4761	6954.300
4657	6954.400
4825	6954.600
4661	6963.100
4633	6963.300
5257	6964.200
4289	6964.800
5289	6970.600
4773	6971.900
4353	6972.600
4813	6972.600
4301	6977.700
5089	6978.100
4685	6978.300
4801	6983.600
4149	6990.500
4677	6992.300
4929	6992.300
5025	6992.700
4161	6993.200
5113	6993.700
4273	6994.100
4981	6994.900
4573	6995.000
4581	6995.100
5029	6995.200
4437	6995.500
4333	6996.100
5125	7005.200
4661	7006.700
5069	7007.700
4905	7008.200
4577	7008.400
4705	7009.800
4733	7010.200
5169	7010.300
4641	7011.000
5161	7011.200
5185	7012.800
5129	7013.200
4289	7023.300
4153	7025.100
4177	7025.200
4489	7025.400
5189	7025.500
4213	7025.700
4929	7025.700
4953	7025.700
4217	7025.900
4685	7026.100
5249	7027.700
5257	7037.600
4749	7039.200
4577	7039.300
4409	7040.800
5033	7045.400
4673	7051.200
4969	7052.100
4973	7052.100
4625	7052.500
4437	7052.600
4921	7053.600
5217	7053.800
5241	7054.300
4537	7058.900
5165	7059.100
4981	7060.100
4713	7061.100
5141	7061.700
4465	7062.900
4729	7063.100
4393	7071.900
4785	7074.100
4313	7075.600
4569	7075.700
4877	7076.800
4293	7077.000
4561	7077.100
4509	7077.600
5285	7078.000
5249	7078.300
5265	7078.300
4285	7078.400
4417	7078.400
4157	7078.900
5097	7079.000
4213	7082.200
4389	7088.200
5033	7091.200
4589	7091.700
4149	7092.000
4257	7092.600
4301	7092.800
5137	7093.600
4245	7093.700
4297	7093.800
4789	7094.100
5221	7094.300
4269	7094.400
4833	7095.700
4221	7096.700
4261	7109.000
4329	7109.800
4889	7109.900
5293	7110.400
4901	7110.800
4557	7111.600
4529	7111.800
4933	7111.800
5169	7111.800
4681	7112.400
4249	7112.600
4305	7112.700
4721	7123.500
5181	7123.500
4373	7124.600
4469	7125.400
4685	7126.700
4485	7126.900
4761	7127.000
4877	7127.900
5101	7128.000
5209	7128.100
5141	7128.200
4513	7129.400
5265	7129.400
5105	7129.900
4205	7131.900
5201	7132.400
4929	7136.600
4581	7138.200
4957	7139.600
5229	7140.400
4705	7141.900
5013	7142.500
5033	7144.700
4573	7148.300
5253	7149.400
4353	7151.800
5177	7152.000
4209	7152.100
5105	7152.200
4517	7152.700
4537	7152.700
4361	7152.800
4149	7155.100
4969	7157.200
4569	7167.200
4253	7167.400
4829	7168.000
4345	7168.100
4617	7168.200
4269	7168.700
4965	7168.700
4557	7168.900
4609	7169.600
4337	7177.200
5085	7177.500
4245	7183.700
5193	7184.300
4425	7184.700
4249	7186.200
4317	7186.400
4729	7186.900
5125	7188.200
5173	7188.800
4445	7191.300
4437	7191.800
4965	7200.200
4929	7202.200
4301	7202.700
5137	7203.200
5277	7203.300
4725	7203.600
5129	7203.800
5249	7204.100
5165	7204.400
4969	7204.800
4557	7204.900
4761	7205.600
5049	7205.800
5257	7206.900
5105	7208.300
4221	7216.300
4733	7218.200
4573	7219.600
4633	7219.600
4533	7220.600
4537	7221.100
5125	7221.600
5185	7222.500
4621	7222.900
4517	7223.200
4569	7223.400
5277	7224.100
4801	7224.200
4421	7224.400
5265	7225.400
4505	7226.200
4193	7227.300
5145	7227.600
4329	7228.100
4369	7228.500
5093	7229.500
4297	7236.700
4149	7238.500
5221	7240.200
4201	7240.500
5113	7240.700
5033	7241.500
4877	7241.700
5085	7241.700
4425	7241.800
4481	7243.600
4705	7243.800
4349	7247.800
4365	7255.800
4317	7259.100
4661	7259.600
4825	7260.800
4961	7262.200
4389	7262.600
4289	7262.700
4265	7266.000
4973	7268.600
5125	7269.600
4577	7270.300
4185	7271.900
5265	7272.700
5037	7273.000
4841	7273.200
4793	7274.000
5209	7274.000
4949	7275.900
4929	7280.600
5085	7284.800
5089	7286.400
4957	7286.800
4569	7287.000
4557	7288.000
5185	7288.000
4149	7288.100
4705	7288.400
4861	7292.200
4625	7301.400
4253	7303.400
5057	7303.500
5121	7303.700
4649	7304.000
4741	7307.200
4977	7308.000
4513	7309.200
4757	7317.600
4577	7320.200
4537	7320.700
4765	7320.700
4917	7321.000
4841	7321.100
5157	7323.500
4789	7325.400
4701	7329.200
5141	7332.300
4557	7333.600
4361	7333.700
5057	7333.700
4709	7336.300
5105	7337.300
4781	7339.900
4849	7340.200
4345	7340.700
5225	7346.900
4181	7349.100
4289	7349.200
4469	7350.700
5249	7353.200
4961	7354.200
4573	7354.500
4205	7364.500
4589	7365.600
5125	7366.700
4545	7366.800
4617	7368.500
4301	7369.100
4317	7369.700
4417	7369.800
4721	7371.000
4289	7371.700
5077	7382.500
4753	7382.600
4701	7384.400
4489	7384.900
4741	7385.400
5081	7385.500
4405	7385.700
4289	7387.700
4713	7388.900
4973	7389.500
5141	7391.600
4573	7397.700
4977	7400.000
4569	7403.600
4641	7404.200
5169	7406.400
4613	7416.000
5241	7416.700
4289	7416.900
4325	7417.100
4861	7417.400
4829	7418.300
4633	7421.100
4149	7425.900
5249	7427.000
4749	7427.700
4781	7430.100
4609	7431.500
4517	7433.600
4293	7433.900
4965	7434.200
4793	7442.400
4629	7442.900
5049	7443.700
4185	7444.200
4585	7444.700
4789	7445.200
4849	7446.200
5277	7450.000
4453	7450.800
4533	7451.800
4605	7456.800
5165	7457.400
4929	7458.100
5013	7460.300
4493	7460.800
4837	7461.100
4945	7461.400
4577	7469.100
4221	7471.400
4789	7472.200
4429	7473.700
4985	7474.000
5029	7476.300
4649	7477.000
4965	7477.600
5125	7478.200
4273	7480.500
5085	7480.800
4297	7483.400
5005	7484.300
4705	7484.400
4181	7485.600
5277	7491.400
5293	7491.400
4345	7491.500
5037	7505.100
4793	7507.500
4549	7507.800
4733	7508.300
4625	7509.100
5025	7509.300
5173	7509.300
4385	7509.600
4681	7509.800
4701	7510.400
5013	7510.700
4301	7510.800
4193	7512.600
5157	7512.700
4429	7513.600
4213	7514.600
4949	7515.700
4389	7526.300
4177	7526.600
4317	7527.500
4453	7528.600
4161	7528.900
4405	7529.300
4493	7529.300
4581	7530.200
5181	7530.700
4469	7537.900
4341	7539.300
5229	7540.900
4661	7541.300
4289	7542.800
4193	7543.100
5057	7543.700
4677	7543.800
4509	7544.000
5025	7544.300
4513	7544.500
5117	7546.800
4801	7549.300
5157	7553.800
4713	7554.000
4445	7554.500
4973	7554.900
4781	7556.800
5173	7561.800
4365	7563.100
5249	7564.800
5113	7565.500
4397	7565.900
4329	7566.000
4517	7566.200
5025	7567.900
5233	7578.000
4301	7579.200
5013	7579.400
4573	7579.500
5293	7581.200
4181	7581.300
5057	7582.300
4493	7588.400
4817	7592.600
5161	7593.300
5149	7593.800
4749	7595.700
4289	7597.200
4233	7598.800
5245	7600.900
4929	7602.400
4705	7603.200
4149	7605.200
4193	7612.900
5129	7614.200
4517	7615.500
4605	7616.800
4165	7617.500
5249	7617.900
5089	7618.500
4653	7630.300
5185	7630.600
4933	7630.900
4965	7630.900
4293	7631.300
4445	7631.500
4177	7631.800
4161	7632.000
4401	7643.100
5209	7643.300
5033	7643.800
4301	7644.200
4517	7645.200
5125	7647.200
4949	7647.800
4789	7648.100
4481	7655.200
4641	7660.900
5173	7660.900
4205	7662.100
4245	7662.900
4569	7663.400
4609	7663.400
4497	7663.500
5029	7663.500
4529	7663.700
4149	7663.900
4309	7664.000
4709	7664.400
4241	7664.800
5133	7665.000
4861	7665.900
4153	7666.600
4341	7677.500
4565	7677.500
4457	7678.200
4753	7678.200
5157	7678.300
4889	7679.100
4513	7679.600
5009	7679.700
5193	7679.800
5033	7682.200
4509	7682.600
5221	7682.700
5137	7692.000
4149	7693.200
4773	7694.400
5277	7694.800
4549	7699.900
5297	7700.900
4161	7701.200
4353	7701.300
4253	7702.000
5289	7702.500
4365	7702.900
4405	7703.000
5105	7703.000
5005	7703.700
4737	7705.200
5085	7706.200
4965	7716.100
5113	7716.800
4317	7717.200
4301	7717.400
4425	7717.700
4281	7717.800
4641	7720.200
5249	7720.200
4617	7720.400
5173	7720.400
4517	7720.500
4789	7720.900
5089	7720.900
4765	7722.300
4629	7723.700
4973	7735.500
4313	7738.100
4469	7738.200
4465	7739.400
4249	7742.800
5137	7743.500
4493	7744.600
4293	7744.800
4205	7745.700
4489	7746.300
4221	7748.200
5177	7750.100
5057	7750.300
4905	7755.500
4577	7757.300
5133	7757.900
4833	7761.000
4621	7763.300
4225	7763.800
4261	7764.500
5249	7765.100
4689	7765.800
4609	7766.200
4933	7766.400
4497	7766.800
4301	7768.900
4513	7773.400
4441	7777.800
4581	7778.400
4789	7778.400
4553	7778.700
4185	7778.900
4481	7779.400
4569	7783.000
4649	7783.900
5193	7788.400
4625	7788.600
4425	7791.300
4429	7795.000
4957	7795.700
4705	7797.600
4213	7797.800
4417	7799.300
4257	7800.000
4557	7800.700
4861	7803.500
5021	7805.500
4701	7809.900
4193	7810.600
4749	7811.200
5189	7811.900
4725	7812.100
4505	7812.400
4977	7812.500
4353	7812.800
4281	7813.900
4709	7816.800
4333	7820.400
5025	7821.500
5173	7824.600
5045	7825.600
4301	7825.700
4573	7826.000
5053	7827.000
4161	7827.200
4997	7827.400
5093	7827.500
5269	7827.500
4249	7827.600
5125	7827.900
4221	7828.200
4181	7829.500
4625	7829.700
4513	7843.600
4557	7844.700
4257	7845.000
4289	7845.200
4793	7845.200
4497	7845.500
4333	7845.800
4581	7847.100
4789	7847.900
4569	7848.200
4329	7856.700
4597	7863.600
4837	7865.600
5225	7866.000
5185	7866.100
4917	7866.200
4413	7867.500
4749	7869.300
4893	7869.400
4161	7870.500
4177	7870.500
4977	7874.100
5065	7875.700
4417	7876.000
4589	7876.800
4941	7877.100
4577	7880.300
4633	7882.200
5157	7892.400
4273	7893.300
5029	7893.500
5173	7894.600
5013	7895.200
4213	7895.500
4345	7896.200
4989	7896.800
4365	7897.100
4749	7898.500
5245	7910.800
4333	7911.300
5293	7911.500
4873	7913.200
4249	7913.400
4557	7914.300
5289	7915.500
5065	7915.700
4517	7916.400
4861	7916.400
5241	7917.500
4933	7919.200
5209	7929.000
4781	7929.100
4149	7929.600
4661	7930.300
4949	7930.300
4713	7931.700
4273	7932.300
4461	7932.300
5265	7932.600
4389	7932.700
4773	7933.100
4789	7933.100
4833	7933.900
4333	7934.700
4465	7935.600
5113	7949.500
4305	7949.900
4513	7950.200
4793	7951.300
5037	7953.000
5249	7959.400
5105	7960.600
5269	7960.600
4701	7962.300
5253	7964.700
4873	7966.700
4945	7967.700
4289	7970.700
4301	7977.700
4837	7977.700
4429	7978.400
5277	7978.400
4401	7978.500
5265	7978.500
5289	7978.500
4273	7978.600
5173	7978.800
4729	7978.900
4665	7979.500
4165	7979.600
4209	7979.600
4801	7979.700
4285	7980.300
4365	7980.500
5125	7981.200
4653	7982.400
4497	7982.800
5189	7984.100
5005	7992.200
4953	7996.000
4193	7996.700
4293	7997.100
4413	7997.200
4585	7997.300
4745	7997.300
5029	7998.200
4965	7998.300
4285	8000.100
4517	8000.200
4245	8002.900
4761	8009.200
4569	8009.900
4241	8010.600
4361	8010.600
4221	8011.700
4777	8013.300
4953	8014.700
5157	8014.800
4577	8015.500
4581	8015.500
5185	8015.500
4445	8015.700
5105	8015.800
4385	8015.900
4473	8019.800
4665	8029.400
5049	8029.900
5033	8031.200
5117	8032.200
5085	8032.300
5125	8032.400
5029	8033.700
5257	8034.200
4413	8034.400
4557	8036.900
4149	8037.800
4785	8047.600
4513	8047.800
4469	8049.400
5277	8049.500
4873	8050.200
4977	8050.300
5025	8050.300
4669	8050.900
4573	8051.100
4329	8052.100
4221	8052.200
4797	8052.600
4557	8063.100
4997	8064.000
4733	8064.600
5057	8065.100
5065	8065.400
4953	8066.200
4289	8066.900
4569	8068.000
4233	8069.200
4801	8069.700
4245	8079.600
4653	8080.000
4493	8080.200
4213	8080.400
4789	8080.700
5089	8082.100
4537	8082.500
4641	8082.500
5041	8084.000
4425	8091.900
4781	8096.500
5277	8099.900
4969	8101.800
4585	8103.300
5249	8105.500
4797	8105.800
4557	8107.000
4709	8107.500
5253	8108.300
4325	8108.700
4793	8110.200
4217	8113.700
4949	8114.700
4737	8121.800
4521	8121.900
4861	8122.300
4497	8122.600
4665	8123.300
4149	8123.900
4549	8124.000
4301	8124.200
4457	8125.600
4493	8126.100
4249	8139.400
4353	8139.900
5185	8140.200
4973	8140.500
4673	8142.300
5093	8142.700
4729	8142.800
4781	8142.800
5205	8143.900
4341	8144.400
4853	8144.400
4545	8152.600
4289	8154.600
4349	8156.500
4221	8157.100
4537	8157.100
4241	8157.300
5085	8157.400
4569	8158.700
5077	8159.200
4557	8159.500
4189	8159.600
5069	8159.700
4293	8162.400
4533	8165.500
4581	8166.100
4401	8167.400
4469	8167.700
4793	8167.900
5125	8168.100
4653	8168.200
4249	8178.300
4305	8178.300
4177	8179.800
4185	8180.200
4789	8180.600
5169	8182.400
5085	8187.600
5297	8187.600
5289	8188.000
4685	8190.300
5045	8190.400
4933	8190.800
5029	8191.800
4385	8194.100
4725	8194.400
4797	8196.800
5277	8197.500
5049	8197.800
4609	8198.900
4669	8199.900
5209	8203.700
5157	8210.100
4181	8210.700
4689	8210.800
4289	8211.400
5141	8211.600
4789	8212.300
4513	8213.400
4781	8214.400
5057	8215.000
4549	8218.400
4293	8219.300
4525	8228.000
5065	8228.300
5277	8228.700
4581	8228.900
5021	8230.100
4189	8231.000
5045	8231.300
4425	8231.800
4197	8232.200
4429	8232.500
4569	8233.600
4413	8236.900
5013	8238.200
4433	8239.000
4837	8246.600
5137	8247.400
4793	8247.900
5033	8249.400
4693	8250.200
4961	8250.200
4453	8251.200
4181	8251.300
4245	8258.400
4273	8261.200
4665	8261.600
4425	8264.100
4705	8265.600
4205	8266.200
4297	8269.000
4789	8269.700
4937	8270.900
4577	8271.000
5005	8271.200
4781	8271.400
4729	8271.600
4161	8271.700
4761	8271.700
4325	8271.800
4701	8282.800
5289	8283.300
5265	8283.500
4293	8284.800
5257	8285.000
4229	8285.300
5085	8285.900
4289	8296.100
5261	8297.700
4177	8303.600
4169	8304.700
4977	8306.400
5189	8309.700
4161	8310.800
4557	8320.600
4537	8321.200
4965	8322.700
4985	8325.200
5249	8326.700
4465	8326.900
4837	8329.400
5137	8334.000
4665	8338.500
4593	8339.000
4317	8341.500
5037	8343.500
4573	8345.500
5297	8347.200
4273	8347.500
4569	8347.500
4193	8349.200
4333	8349.800
4297	8349.900
4485	8350.300
4609	8350.400
4345	8351.300
4905	8353.000
4433	8353.700
4917	8356.200
4889	8359.500
4377	8363.200
4361	8364.000
4669	8364.500
4793	8367.800
4897	8375.000
5277	8379.000
5157	8382.600
4861	8386.000
4865	8386.000
4517	8387.500
5253	8387.800
5037	8387.900
4149	8388.000
4537	8388.000
4677	8389.900
4837	8390.100
5141	8392.100
4717	8393.100
5125	8394.300
5289	8394.600
5169	8396.200
4549	8397.700
5193	8401.500
4573	8405.000
4985	8405.300
4245	8405.700
4689	8405.700
4969	8405.800
4929	8406.000
5089	8406.100
4325	8406.200
5293	8406.300
4221	8406.500
5085	8406.500
4569	8406.800
4965	8407.500
4597	8413.700
5265	8413.800
4881	8414.500
4517	8421.400
4505	8424.100
4329	8425.100
4293	8425.300
4577	8429.900
4273	8430.400
5057	8431.400
4405	8431.500
4829	8432.000
4905	8432.000
5065	8432.400
5209	8432.600
4713	8432.900
5197	8432.900
4633	8433.700
4389	8434.400
4973	8444.500
4541	8446.600
4537	8446.700
4509	8446.800
4929	8447.400
4177	8447.500
4493	8447.700
4437	8447.800
5277	8447.800
5153	8448.100
4453	8448.600
4469	8448.800
4397	8448.900
4525	8448.900
4661	8449.000
4677	8449.000
4497	8449.100
4801	8449.100
4981	8449.100
5029	8449.200
4837	8449.500
4793	8449.600
5209	8450.900
4413	8469.200
4513	8469.800
4749	8470.900
4349	8471.400
4521	8471.900
4889	8472.500
4569	8482.800
5057	8483.800
4149	8484.300
4365	8484.700
4501	8484.900
5297	8485.000
4389	8485.400
4285	8486.500
4801	8488.300
5005	8489.800
5265	8490.300
4289	8491.000
4793	8492.300
4493	8497.700
4181	8504.300
4993	8504.600
4301	8505.000
4177	8506.600
4293	8507.400
4341	8507.500
5237	8508.300
4961	8508.400
5277	8509.100
4997	8510.100
4289	8510.500
5209	8511.200
4957	8512.700
4413	8520.900
4161	8521.700
4765	8528.500
4417	8529.300
4249	8529.900
4641	8530.000
4901	8530.400
4801	8530.600
4553	8530.700
4197	8532.700
4965	8535.200
4205	8535.700
4701	8540.500
5113	8541.300
4781	8542.300
5213	8542.700
4265	8544.000
4821	8544.300
5185	8545.700
5181	8547.200
4429	8549.100
5021	8550.200
4833	8560.600
4797	8561.400
5253	8561.400
4729	8561.500
5265	8561.500
4537	8561.900
4733	8562.200
4293	8562.400
4881	8562.500
5157	8562.500
4861	8562.600
4961	8562.600
4289	8562.900
4425	8562.900
4197	8563.100
4513	8563.300
4633	8563.300
4369	8563.800
4377	8563.900
4661	8565.300
4801	8566.600
5249	8576.700
4437	8582.300
4301	8582.600
5033	8582.700
4961	8583.000
4221	8583.400
5081	8583.400
4609	8583.900
4933	8584.000
5141	8584.100
5209	8584.300
5285	8584.300
4965	8584.800
4517	8585.000
5265	8595.300
4685	8606.400
5185	8606.500
5049	8608.500
4733	8609.400
4957	8610.700
4309	8611.100
4557	8611.300
4749	8611.400
4977	8611.600
4589	8614.200
5089	8619.100
4505	8623.600
4289	8623.900
4813	8623.900
4489	8624.100
5129	8628.000
5197	8628.300
5229	8634.600
4481	8635.100
5133	8636.500
4213	8638.500
4169	8638.600
4497	8639.200
4345	8641.100
4469	8641.600
4513	8641.700
4589	8642.000
4573	8642.200
4709	8643.700
4205	8645.500
5005	8647.700
4193	8652.200
4605	8653.000
4245	8653.100
4973	8653.800
4749	8655.000
4321	8659.800
5113	8664.100
4309	8665.100
4413	8666.100
5177	8666.300
4469	8666.500
4525	8666.500
5185	8667.500
4885	8668.200
4833	8677.000
4533	8678.100
4537	8682.300
4201	8682.400
5117	8682.400
4577	8682.500
4989	8682.500
4341	8682.600
5277	8682.800
4889	8682.900
4373	8683.000
4369	8683.300
4161	8684.500
4661	8684.600
4553	8692.600
4965	8698.900
5057	8699.400
4389	8700.200
5089	8700.300
4301	8700.600
4737	8700.600
4685	8701.200
4781	8701.500
4249	8701.600
4273	8711.500
4557	8715.000
4801	8715.600
4541	8716.000
4969	8716.100
5137	8716.400
4225	8716.500
5049	8716.900
4513	8717.800
4893	8717.800
5193	8717.900
4677	8718.200
5273	8718.500
4197	8720.300
4929	8721.600
4665	8723.600
4285	8736.700
5185	8736.800
4517	8737.100
4149	8737.500
4509	8737.600
4313	8738.400
4873	8739.100
5025	8739.300
4161	8739.600
4633	8739.800
4257	8740.000
4609	8740.300
4233	8740.400
4669	8740.500
4965	8741.500
4817	8743.500
5069	8745.600
5277	8747.900
5113	8750.000
4273	8755.100
4189	8755.200
5013	8755.900
4425	8756.400
4365	8757.200
5161	8758.500
5105	8760.300
5153	8762.000
5029	8762.100
4573	8775.800
4677	8775.900
5085	8776.300
5185	8777.200
5125	8777.700
4645	8779.600
4553	8780.000
4833	8780.200
5189	8782.200
4613	8782.300
4469	8782.500
4517	8783.100
4969	8783.800
5169	8791.900
4965	8794.100
4917	8794.500
4197	8794.600
4653	8795.200
4765	8795.300
4597	8795.500
4861	8795.700
4781	8795.800
4161	8797.600
4425	8799.600
5021	8804.700
4793	8806.700
4789	8809.700
4933	8810.200
4801	8810.300
5057	8810.700
4581	8811.500
5049	8817.100
4669	8819.000
5293	8822.100
5069	8822.200
4749	8822.300
5113	8822.400
4197	8823.000
4969	8823.600
4437	8824.600
4293	8824.800
4853	8826.700
4681	8829.400
5125	8831.200
4517	8831.900
4453	8832.700
5173	8833.100
4625	8833.200
4557	8834.600
4745	8835.100
5193	8835.500
4633	8837.300
4149	8837.900
5225	8838.300
4781	8841.200
4497	8846.200
4685	8848.100
4905	8848.200
4965	8849.900
5029	8851.900
4289	8859.100
5005	8859.500
4393	8860.000
4861	8860.600
4213	8860.800
4597	8862.300
5273	8874.700
4325	8875.100
5157	8877.300
5233	8877.600
4749	8878.200
4581	8879.300
4901	8887.800
4653	8888.000
5117	8890.100
4733	8891.100
4197	8891.700
4337	8891.900
4429	8892.400
5269	8892.600
4177	8893.100
4765	8899.600
5277	8901.200
4945	8902.700
4861	8904.700
5265	8907.000
4533	8907.500
4673	8907.800
4957	8909.200
5165	8909.500
4873	8910.200
4245	8911.100
4649	8911.400
5209	8911.400
4169	8911.500
4665	8911.900
4445	8914.800
4853	8919.300
4165	8926.100
4153	8928.800
5161	8929.300
4409	8929.900
5153	8932.200
4617	8937.200
5033	8937.700
5249	8938.600
4177	8942.400
4849	8942.500
5085	8945.900
4561	8946.800
4685	8949.600
4989	8950.300
5257	8950.400
4625	8950.800
4537	8958.500
4185	8958.700
4729	8960.200
5253	8961.200
4389	8962.100
4929	8969.000
4689	8969.400
4497	8972.200
5125	8972.700
5173	8972.700
4325	8973.400
4953	8973.800
5285	8976.100
4621	8977.100
5265	8982.100
5221	8982.800
4505	8983.300
5089	8983.900
5149	8984.500
4445	8988.200
4949	8992.000
4289	8995.900
5069	8996.800
5181	8997.500
4221	8998.400
5157	8998.500
5113	9002.700
4677	9007.300
4873	9010.100
4437	9010.400
4909	9015.600
4573	9016.100
4609	9017.300
5293	9017.300
4325	9017.600
4961	9018.600
5061	9019.300
5277	9019.900
4773	9021.500
4849	9021.900
4305	9029.100
4149	9033.300
5177	9033.600
4273	9034.000
5021	9034.200
4553	9035.000
4733	9035.200
4333	9035.900
4617	9036.600
4241	9037.100
4865	9037.600
5193	9038.200
4937	9038.300
4145	9038.600
4581	9038.900
4505	9039.000
4537	9039.500
4569	9040.000
4393	9051.700
4389	9052.100
4901	9053.100
4209	9053.500
4653	9053.600
5285	9053.700
4461	9054.000
4953	9054.400
4557	9058.000
4493	9058.200
4321	9059.400
5025	9067.700
4349	9067.900
5101	9068.200
4317	9069.600
4325	9069.600
4757	9070.500
4793	9070.500
5277	9070.700
4973	9071.200
5129	9071.800
4521	9072.500
5117	9072.800
5041	9073.000
4661	9073.800
4289	9075.900
4641	9084.200
5165	9085.200
4933	9085.500
4413	9085.800
4689	9086.500
4513	9087.300
4445	9087.900
5273	9100.100
4189	9100.900
4589	9101.200
5045	9101.800
4301	9106.500
4661	9106.500
5265	9106.700
4869	9107.300
4733	9109.500
4221	9109.700
4293	9110.200
4697	9110.900
4453	9112.200
5289	9113.300
4517	9114.700
4577	9128.400
4765	9128.800
4393	9129.000
4997	9130.500
4725	9131.500
4193	9131.700
5189	9131.900
4553	9132.100
4933	9132.200
4437	9132.400
4469	9132.800
4409	9133.000
4701	9133.600
4285	9134.000
4205	9134.500
5169	9134.500
5105	9136.700
4385	9136.800
5185	9148.300
4461	9149.800
4829	9150.400
4465	9150.600
5021	9150.900
5033	9150.900
4621	9151.000
4557	9151.100
5173	9152.300
5113	9163.000
5153	9166.200
4345	9166.500
4517	9167.000
4401	9167.200
4425	9167.500
5125	9168.000
5133	9168.100
5221	9168.900
4649	9169.400
5177	9169.400
5237	9169.400
4733	9170.700
4293	9184.800
4893	9185.300
4669	9185.500
4193	9185.600
4321	9185.600
4629	9185.700
5117	9185.900
4301	9186.000
4961	9186.000
4569	9186.400
5085	9186.400
5189	9186.800
4693	9191.800
4397	9192.900
5005	9199.400
5293	9199.400
5065	9201.300
4177	9202.500
4577	9203.100
4361	9204.100
4801	9204.400
4173	9204.500
4781	9210.100
4273	9213.300
4713	9216.000
4245	9216.200
4633	9217.200
4537	9218.300
4593	9218.300
5033	9218.300
4405	9218.500
4853	9218.700
4517	9219.300
5289	9223.500
4649	9225.400
4493	9225.700
4289	9226.200
4793	9226.300
4161	9226.800
4921	9227.700
4949	9229.300
4413	9230.600
4725	9231.000
4225	9235.000
4585	9237.600
4757	9240.400
4929	9243.300
4741	9245.300
4389	9247.800
4633	9248.100
4149	9248.900
4217	9249.400
4537	9251.500
5189	9252.800
4509	9254.400
4577	9256.200
4525	9256.500
4473	9257.100
4581	9257.100
4397	9257.700
4177	9258.700
4245	9261.900
5033	9263.700
4789	9266.100
4141	9269.500
5113	9270.400
4625	9271.100
4197	9271.400
4873	9271.600
5185	9271.800
4457	9271.900
4241	9272.000
5013	9272.100
4965	9272.300
4629	9273.500
4253	9273.800
5125	9274.300
5157	9286.300
5277	9287.200
4541	9289.300
4313	9291.300
5105	9292.600
5045	9297.100
5133	9299.500
4833	9301.300
4513	9302.700
4873	9304.200
4553	9305.100
5185	9305.900
4813	9306.600
5057	9306.600
5265	9307.100
4369	9307.200
4937	9307.200
4669	9307.500
4953	9307.500
4685	9308.200
4609	9308.500
5301	9309.600
5213	9310.100
4905	9311.800
4965	9319.700
4613	9320.100
4417	9321.500
4505	9321.900
4425	9322.600
4861	9323.900
5249	9326.200
5077	9326.700
4733	9328.500
4493	9332.300
4365	9333.200
4641	9335.900
4969	9338.100
4353	9338.300
4369	9340.600
4245	9341.600
4429	9344.400
5273	9344.600
4185	9346.500
4949	9346.600
4261	9354.000
4933	9354.300
4661	9354.600
5277	9355.200
4393	9356.600
4301	9359.200
4897	9360.100
5125	9360.200
4489	9360.300
4789	9360.300
4829	9360.500
4517	9361.200
5117	9364.200
4973	9366.400
4445	9368.900
5049	9370.200
4177	9374.800
5077	9375.400
4241	9376.100
4245	9376.100
4269	9376.400
5029	9376.900
5129	9376.900
5169	9376.900
4985	9377.700
4197	9377.900
4965	9378.200
4525	9378.800
5073	9379.200
4577	9379.600
5141	9379.800
5013	9381.000
4573	9385.700
5177	9388.500
4537	9390.700
4825	9393.700
4569	9394.100
4325	9394.300
5065	9394.400
5205	9396.500
4505	9406.100
4901	9407.300
4809	9408.600
4437	9409.100
4965	9409.500
4957	9411.000
5221	9411.000
5113	9411.500
4765	9411.700
4557	9412.000
4933	9412.000
4929	9412.300
5269	9412.500
5197	9412.600
4257	9412.900
4285	9412.900
4909	9413.100
4245	9420.400
4301	9422.800
4429	9422.800
5209	9423.200
4797	9423.500
4461	9424.100
4645	9424.400
5257	9424.500
4321	9424.600
4205	9424.900
5293	9435.700
5029	9436.100
4677	9436.600
4289	9437.300
5237	9438.300
4929	9439.000
4181	9441.100
4313	9442.900
4273	9443.300
5161	9443.500
5021	9443.700
4493	9444.000
4581	9444.100
5277	9444.400
4789	9445.000
4985	9445.500
5225	9445.800
4349	9460.100
4765	9462.700
4733	9468.800
4861	9470.000
4633	9470.700
5101	9471.700
4513	9472.300
4865	9472.500
4589	9472.700
4241	9472.900
4949	9472.900
4289	9473.000
4353	9474.000
4965	9486.100
4625	9487.000
4641	9487.200
4789	9488.700
5185	9489.400
5249	9489.600
4281	9489.700
4569	9489.900
4749	9490.000
5149	9490.100
4889	9490.900
4361	9491.100
4781	9491.600
5025	9491.800
4297	9492.400
5285	9492.800
4353	9498.300
4517	9504.700
5057	9505.700
4853	9511.500
5029	9512.900
5253	9514.300
4469	9514.400
4765	9514.900
5005	9515.100
4161	9515.200
5185	9515.500
4905	9515.700
4921	9517.100
4205	9523.900
4225	9524.100
4817	9524.800
5225	9526.800
5021	9527.500
4841	9527.600
4969	9527.700
4245	9528.100
5125	9528.400
4933	9540.400
5205	9540.700
4497	9542.100
4365	9542.400
5117	9542.500
4877	9542.800
4901	9544.500
4745	9544.800
5093	9546.600
4517	9547.500
5029	9547.500
4953	9556.000
4801	9556.500
4973	9556.500
4149	9557.000
4789	9559.000
4793	9560.700
5113	9560.700
5273	9560.800
4289	9562.600
4581	9562.900
4409	9563.000
4333	9565.200
4821	9571.200
4545	9573.100
5277	9574.000
4913	9574.200
5001	9574.500
5057	9574.600
4161	9574.700
4929	9574.700
5125	9574.800
5257	9575.100
4417	9575.500
4817	9575.700
4713	9576.000
4665	9576.200
4153	9586.400
5213	9590.200
5153	9591.600
4949	9592.200
4205	9592.300
5249	9592.600
5129	9592.900
4177	9593.300
4573	9594.000
5041	9594.500
4457	9594.600
4213	9595.100
5093	9595.400
4273	9608.700
4965	9610.600
4693	9611.200
4489	9611.700
4853	9615.100
4265	9615.200
4197	9617.300
4793	9617.900
4493	9618.500
5125	9618.900
4325	9625.900
4537	9632.000
4757	9632.300
4969	9632.800
4257	9633.300
5225	9636.000
4345	9636.300
4549	9637.300
5245	9644.200
5189	9645.600
4377	9645.700
4805	9647.600
4221	9648.400
4413	9648.400
4669	9648.600
5093	9648.700
4693	9648.800
4285	9651.400
4665	9653.900
5285	9663.200
4985	9665.300
4405	9667.900
4297	9668.200
4653	9673.200
4517	9673.300
4829	9674.000
5113	9677.200
4873	9677.500
5237	9679.100
5125	9679.200
4385	9682.000
5193	9682.900
4149	9683.700
4745	9685.200
4789	9685.300
5201	9685.700
4261	9690.000
4685	9690.100
4185	9690.300
4145	9692.700
5089	9693.900
5177	9700.400
4997	9701.900
5077	9702.100
4861	9702.200
5173	9707.300
4193	9716.400
4333	9716.700
4949	9717.300
4301	9717.800
5293	9719.800
4213	9721.100
4965	9722.300
4325	9722.600
5005	9722.600
4173	9734.900
4629	9734.900
4569	9735.000
4245	9735.100
5301	9736.100
4361	9736.200
5153	9736.400
4209	9737.200
5229	9739.200
4469	9742.600
4825	9743.700
4581	9746.000
4997	9746.500
4353	9746.600
4669	9750.300
5057	9750.300
5185	9750.300
4457	9753.300
4653	9753.400
4217	9753.500
4949	9762.100
4485	9762.500
5041	9763.300
5281	9764.100
4189	9768.000
4577	9768.900
4453	9769.000
4937	9770.100
4709	9771.400
4889	9774.600
5253	9774.800
5205	9775.700
5157	9781.400
4557	9782.400
4829	9782.700
4273	9783.100
4633	9783.100
4385	9783.200
4525	9783.300
4949	9783.300
4425	9783.500
4561	9783.600
4901	9783.700
4533	9784.600
5277	9784.600
4873	9784.900
4569	9785.100
4965	9786.500
4513	9787.600
4825	9797.100
4149	9797.700
4661	9797.800
5137	9797.900
4625	9798.000
4289	9798.500
4885	9801.200
4573	9801.400
4201	9802.400
4373	9802.700
4309	9804.300
4245	9804.400
4293	9816.800
4933	9817.300
5125	9818.000
4513	9818.400
5185	9818.500
4917	9818.800
4661	9819.200
5029	9819.200
4937	9819.400
5277	9820.600
4253	9822.500
4829	9832.700
4297	9832.800
4285	9833.100
4193	9833.600
4693	9833.900
4241	9834.100
5045	9834.300
4725	9834.600
4833	9835.200
4909	9835.400
4341	9835.500
5137	9835.500
4429	9835.700
4333	9835.900
4413	9835.900
5253	9836.400
4245	9836.800
5085	9837.400
4525	9838.400
4713	9839.000
5029	9839.300
4973	9850.600
4965	9850.800
4289	9851.400
4569	9852.100
4729	9852.500
4821	9855.300
4929	9856.500
4517	9856.600
5221	9857.000
4661	9857.100
5153	9857.200
5097	9857.400
4245	9857.500
5085	9858.300
5273	9858.300
4293	9858.500
4541	9859.100
5045	9861.500
4469	9870.000
5185	9870.500
4557	9871.900
5265	9872.400
4877	9872.800
4365	9874.100
4825	9875.000
4157	9875.300
4221	9875.500
5029	9875.700
4873	9876.300
4569	9876.400
4593	9877.200
4553	9877.600
4625	9888.700
5137	9889.100
5277	9890.000
4589	9890.600
4641	9891.100
4301	9897.400
4493	9897.600
4185	9897.800
4649	9898.500
5301	9899.700
4349	9900.000
4677	9908.600
4613	9908.900
5045	9909.200
4661	9910.200
4345	9912.800
4929	9912.800
4537	9913.900
5053	9914.900
4177	9915.800
4189	9917.900
5093	9919.500
4853	9920.800
4997	9920.900
4245	9921.400
4933	9933.400
4749	9934.500
4517	9936.800
5157	9937.100
4469	9937.900
4709	9938.700
4733	9938.800
5277	9939.000
4581	9939.700
4677	9940.200
4549	9949.000
4977	9949.100
5161	9949.700
4173	9950.500
4197	9951.100
4573	9951.600
4161	9951.700
4365	9952.500
4273	9952.600
4653	9953.500
4537	9954.000
4149	9954.300
4341	9954.500
4265	9954.700
4453	9957.100
4409	9961.500
4301	9965.800
4713	9968.900
4789	9969.000
4245	9970.000
4997	9971.400
4973	9971.600
4273	9972.600
4333	9972.900
4809	9973.400
4225	9973.700
4969	9974.200
5029	9974.200
4353	9982.200
4361	9983.200
4457	9984.600
4373	9985.700
5169	9985.700
4557	9988.200
4377	9991.500
4705	9994.100
4745	9998.700
4733	10003.700
4593	10004.000
4769	10004.100
4365	10004.700
4861	10005.800
4701	10006.000
4857	10006.100
4489	10006.700
4413	10009.500
5069	10009.500
4557	10009.900
4301	10010.100
4817	10010.200
4573	10010.400
4161	10011.600
4369	10022.000
5145	10023.500
5117	10023.800
5125	10023.900
4577	10025.400
5061	10025.500
5093	10027.100
4693	10028.100
4825	10028.900
4149	10029.000
5189	10029.200
4553	10031.200
4573	10031.300
5157	10031.300
4965	10033.600
4221	10036.900
4985	10037.300
5065	10037.400
4273	10038.200
5021	10038.800
4637	10040.600
5025	10041.400
4773	10045.600
4393	10050.600
4881	10050.600
4581	10055.900
5089	10056.200
4789	10056.400
4905	10056.700
4609	10057.600
4321	10058.000
4749	10058.100
4297	10058.800
4537	10062.100
4465	10071.500
4493	10071.900
5137	10072.000
4377	10073.100
4853	10074.400
5277	10075.000
4573	10076.100
4881	10076.300
4329	10076.400
5025	10076.500
4885	10076.800
4333	10077.300
4733	10079.300
5229	10092.400
4497	10093.200
4793	10093.600
4945	10093.700
4837	10093.800
4429	10094.800
4381	10094.900
4753	10095.300
5125	10095.500
4393	10095.700
4929	10095.800
4961	10096.100
5037	10096.200
5181	10096.200
4313	10097.300
4797	10109.900
5249	10110.100
4965	10110.600
5165	10111.400
4957	10111.600
4325	10112.400
4245	10115.400
4153	10117.700
4609	10126.300
5265	10126.500
4985	10127.100
4265	10127.200
4273	10127.400
5213	10127.400
4981	10127.900
4669	10128.200
4801	10128.200
5193	10129.200
5281	10129.500
4221	10129.700
5185	10133.300
5209	10141.700
5277	10143.100
4393	10144.800
4733	10145.700
4633	10145.900
4557	10147.800
5029	10149.100
4569	10149.400
4397	10150.200
5157	10150.200
4441	10165.100
4553	10165.100
4557	10165.400
5257	10165.400
4177	10165.600
4821	10165.600
5105	10165.700
4965	10165.800
4401	10165.900
4537	10166.300
4713	10166.400
4157	10166.500
5013	10166.500
5085	10169.000
4245	10182.600
4649	10183.700
4461	10183.900
4469	10184.400
4977	10184.900
5189	10184.900
5041	10185.100
5065	10186.700
5297	10186.900
4273	10187.200
5125	10191.500
4485	10191.900
4933	10195.500
4757	10197.500
5121	10197.600
4749	10199.100
5237	10199.100
5037	10199.800
4661	10201.900
4793	10201.900
4909	10202.200
4513	10213.400
4361	10213.500
4249	10214.600
4709	10215.300
4425	10216.600
4961	10217.200
4781	10217.400
5213	10217.400
4789	10217.800
5169	10217.800
5173	10218.500
4669	10218.800
5249	10218.800
5005	10219.700
5049	10219.800
5097	10231.600
5273	10231.800
4205	10232.300
4701	10232.600
4433	10232.700
4837	10232.900
5013	10232.900
4633	10233.000
4177	10233.100
4313	10233.100
5189	10233.100
5277	10233.200
4973	10233.700
4577	10234.300
4801	10235.600
4573	10249.800
5185	10250.100
4965	10252.200
4273	10252.400
4517	10252.700
4705	10253.000
5205	10253.100
5277	10253.400
4493	10253.500
5189	10253.500
4793	10254.000
4405	10254.100
5085	10254.400
4741	10255.100
4557	10255.800
4161	10256.200
4609	10267.800
4221	10268.800
4921	10269.300
4625	10269.400
5037	10269.400
4633	10269.700
5077	10269.700
4141	10270.000
4373	10270.700
5281	10270.700
5197	10270.800
4717	10270.900
4505	10271.000
5293	10271.300
4589	10271.400
4869	10271.500
4929	10271.800
5157	10271.800
4157	10281.600
4649	10284.000
4541	10286.100
4761	10286.300
4933	10286.500
4489	10287.700
4317	10288.000
4525	10289.200
4289	10289.600
4629	10290.200
4893	10290.900
5269	10299.400
4713	10303.400
5029	10303.500
5277	10309.600
4333	10309.900
4161	10310.300
4973	10312.300
4525	10312.800
4285	10313.000
5125	10314.500
4417	10321.000
4301	10326.200
4921	10326.300
5265	10326.900
4593	10328.000
4201	10328.200
4965	10330.800
4497	10332.100
4625	10334.100
4257	10335.600
5209	10340.200
4361	10344.200
4789	10345.500
4957	10347.900
4905	10348.200
4669	10348.700
4877	10348.700
4345	10350.600
5193	10350.600
4557	10350.800
5065	10352.400
4217	10352.700
4565	10354.000
4169	10354.100
5253	10362.900
4861	10367.700
5249	10368.000
5241	10368.100
4889	10368.300
4301	10371.000
4965	10371.300
4337	10376.800
4241	10378.300
4537	10382.900
5277	10382.900
4497	10383.000
4465	10383.700
4373	10383.800
4745	10383.800
4653	10384.000
4313	10384.500
5153	10386.000
4193	10388.100
4445	10388.300
5029	10389.300
4361	10397.800
4317	10398.400
4289	10398.900
4581	10399.700
5005	10400.800
4453	10401.000
4889	10401.200
4233	10402.100
4577	10402.200
4749	10402.500
4825	10402.900
4793	10403.800
4877	10403.900
5209	10404.500
4893	10404.800
5149	10408.700
5249	10418.100
4625	10421.100
4661	10421.100
4485	10421.500
4781	10423.400
4797	10423.800
4405	10425.700
5045	10426.900
4941	10428.100
5125	10431.100
4525	10432.300
4617	10435.700
4809	10437.400
4389	10437.600
5213	10437.700
4997	10438.400
4285	10439.000
4577	10439.200
4453	10439.600
4981	10440.500
4337	10440.700
5229	10442.500
4373	10442.600
4661	10442.800
4333	10446.000
4557	10446.600
5237	10446.600
4741	10448.500
4781	10452.200
5029	10453.200
4581	10453.700
5185	10454.000
4789	10454.100
5025	10455.100
5045	10458.000
5277	10458.300
5157	10460.500
4801	10463.200
4501	10463.500
4537	10464.300
4937	10464.800
4245	10465.900
5249	10474.900
4573	10476.400
4577	10476.700
5057	10476.700
5029	10477.100
4965	10477.500
4765	10479.100
4633	10479.500
4161	10480.000
5085	10480.000
4249	10480.900
4685	10491.400
4793	10491.500
4537	10491.900
4233	10492.000
4961	10492.100
4981	10492.400
4221	10492.500
4753	10493.300
5061	10493.300
4493	10493.400
4525	10493.400
4625	10493.500
5289	10493.700
