# NEST version: 3.9.0-post0.dev0
# RecordingBackendASCII version: 2
sender	time_ms
11852	503.800
11824	511.700
11924	512.100
11796	513.100
11888	515.100
11864	517.100
11904	518.400
11956	519.900
11892	522.100
11876	523.200
11932	523.400
11920	523.700
11952	525.700
11856	531.600
11788	538.500
11832	540.200
11896	541.200
11960	541.600
11912	545.700
11948	549.300
11888	550.000
11936	551.300
11784	552.600
11880	552.700
11764	556.200
11796	557.700
11892	558.800
11828	559.700
11768	561.900
11804	568.300
11904	568.400
11932	572.700
11884	574.600
11872	575.600
11840	577.200
11952	578.500
11756	583.300
11868	586.400
11964	586.700
11920	588.700
11788	588.900
11948	590.900
11824	591.400
11764	596.700
11836	600.700
11936	600.900
11880	607.300
11876	609.200
11776	611.000
11952	611.200
11956	614.300
11888	615.800
11920	619.400
11780	619.700
11940	620.800
11964	622.000
11784	625.400
11856	626.600
11800	627.800
11864	629.000
11768	629.400
11796	631.100
11844	632.100
11876	640.400
11892	641.100
11932	644.200
11816	644.400
11888	645.200
11756	648.900
11912	651.400
11952	653.000
11916	654.300
11944	654.300
11964	655.300
11956	662.200
11792	665.200
11804	671.300
11880	671.500
11936	674.600
11812	677.300
11964	685.500
11808	686.100
11888	690.200
11852	690.300
11952	699.100
11912	703.200
11892	705.000
11800	709.600
11764	710.500
11916	710.700
11880	712.000
11956	715.100
11828	715.400
11832	718.800
11904	719.400
11876	720.500
11796	721.900
11952	722.600
11884	723.800
11824	723.900
11772	728.300
11888	729.100
11940	733.800
11964	740.100
11948	740.300
11780	742.500
11808	744.000
11868	744.400
11936	744.500
11840	753.600
11876	755.200
11944	757.100
11932	757.300
11788	757.700
11956	758.600
11828	763.800
11908	764.500
11952	766.600
11876	774.500
11824	779.400
11916	780.600
11920	783.700
11764	784.800
11904	787.700
11796	792.400
11932	795.900
11812	796.000
11872	796.000
11892	796.100
11828	796.600
11852	801.000
11800	803.200
11912	806.700
11884	810.900
11936	811.000
11768	812.300
11764	812.600
11908	812.700
11952	820.800
11944	828.100
11892	832.600
11868	834.300
11888	836.600
11920	845.600
11932	847.200
11796	847.800
11864	850.000
11936	851.000
11956	851.400
11800	855.500
11944	862.500
11952	863.200
11912	865.600
11888	866.500
11956	868.300
11764	868.500
11932	876.200
11808	876.600
11832	877.100
11892	877.800
11880	878.500
11944	881.300
11756	882.000
11952	882.100
11800	883.900
11936	884.100
11904	884.500
11828	887.300
11960	894.400
11868	898.800
11956	900.200
11768	902.400
11804	902.700
11896	911.800
11888	916.300
11932	916.400
11780	919.200
11824	922.500
11952	923.200
11808	925.100
11940	926.600
11856	927.300
11796	932.400
11868	932.900
11904	939.400
11816	942.100
11864	946.400
11852	947.600
11876	948.100
11964	951.400
11940	957.200
11756	958.300
11956	958.600
11884	960.800
11772	963.500
11888	964.900
11892	974.600
11960	976.500
11896	979.900
11868	980.200
11756	981.900
11788	982.100
11804	985.500
11924	991.500
11808	992.300
11964	993.800
11852	994.100
11952	1000.000
11848	1000.300
11888	1009.300
11936	1009.400
11836	1009.500
11892	1009.700
11876	1014.500
11756	1017.900
11796	1017.900
11764	1021.900
11800	1024.700
11828	1025.700
11952	1025.800
11904	1025.900
11884	1026.100
11880	1036.800
11940	1042.500
11756	1043.100
11876	1043.200
11840	1045.400
11868	1046.900
11960	1048.600
11844	1049.800
11808	1053.300
11944	1054.500
11760	1055.800
11884	1058.400
11780	1065.800
11908	1068.100
11796	1070.700
11856	1072.000
11804	1079.700
11892	1079.800
11828	1080.000
11764	1080.100
11896	1083.000
11952	1085.800
11916	1087.100
11756	1092.800
11940	1093.800
11792	1094.200
11920	1094.200
11868	1100.100
11820	1103.600
11936	1104.600
11872	1105.700
11912	1107.900
11956	1109.600
11768	1109.800
11948	1110.100
11780	1111.900
11760	1112.300
11932	1112.700
11952	1112.700
11836	1113.100
11892	1125.600
11944	1125.600
11888	1128.300
11964	1128.400
11796	1128.700
11852	1129.000
11828	1129.200
11876	1130.800
11920	1132.200
11872	1133.000
11884	1138.800
11896	1144.600
11772	1145.100
11912	1145.100
11828	1151.400
11824	1153.200
11952	1159.000
11844	1160.900
11840	1164.400
11764	1165.700
11800	1166.200
11888	1166.800
11964	1167.600
11932	1175.700
11868	1176.100
11856	1177.000
11756	1177.600
11916	1177.800
11912	1181.400
11936	1183.100
11892	1189.800
11944	1190.500
11920	1194.000
11888	1195.100
11828	1195.300
11952	1201.500
11956	1203.800
11756	1206.400
11880	1213.500
11764	1215.300
11796	1217.800
11944	1229.200
11804	1229.300
11868	1230.900
11956	1233.000
11784	1237.100
11948	1239.400
11896	1240.000
11924	1244.500
11808	1245.400
11932	1245.600
11888	1247.300
11912	1247.300
11904	1249.200
11892	1250.900
11964	1250.900
11880	1252.600
11860	1254.000
11788	1265.500
11828	1266.100
11764	1271.400
11964	1273.000
11840	1276.700
11940	1277.500
11804	1277.900
11768	1278.100
11856	1282.600
11756	1283.000
11872	1283.100
11948	1286.400
11792	1290.800
11952	1295.300
11836	1299.200
11888	1301.300
11868	1301.500
11920	1305.300
11828	1308.100
11884	1314.400
11824	1315.100
11944	1317.400
11876	1317.500
11956	1323.500
11808	1323.600
11936	1324.300
11788	1325.300
11800	1329.800
11912	1332.300
11864	1332.400
11832	1334.400
11872	1336.700
11760	1340.600
11868	1340.700
11956	1341.400
11756	1346.000
11888	1346.900
11948	1357.100
11784	1358.100
11796	1365.600
11884	1366.000
11936	1366.400
11952	1366.800
11812	1367.500
11856	1369.300
11908	1369.500
11876	1372.100
11904	1372.400
11964	1381.700
11808	1382.800
11852	1383.100
11824	1384.500
11868	1387.700
11820	1391.300
11948	1394.700
11884	1398.400
11932	1400.100
11944	1401.600
11780	1405.900
11924	1406.100
11776	1407.300
11796	1413.000
11940	1416.700
11840	1418.500
11908	1419.200
11920	1421.300
11872	1422.200
11756	1422.400
11868	1422.900
11888	1424.400
11800	1424.500
11892	1432.700
11804	1433.200
11856	1433.200
11896	1436.800
11948	1437.000
11828	1440.300
11952	1441.200
11936	1445.900
11756	1450.100
11848	1453.900
11764	1454.100
11868	1455.800
11840	1458.200
11780	1458.600
11800	1458.800
11952	1468.400
11872	1470.300
11956	1471.900
11904	1472.400
11860	1473.200
11932	1473.900
11884	1476.300
11772	1486.500
11892	1489.000
11948	1489.000
11824	1489.100
11888	1499.900
11896	1500.500
11952	1502.800
11956	1502.800
11920	1504.100
11904	1507.600
11800	1515.600
11836	1516.600
11916	1524.400
11936	1525.300
11944	1530.800
11868	1531.400
11792	1539.700
11828	1540.600
11912	1540.600
11824	1541.600
11756	1546.000
11888	1547.300
11808	1548.200
11920	1549.500
11956	1551.200
11944	1551.300
11764	1561.300
11804	1561.600
11796	1561.900
11936	1575.100
11832	1575.500
11776	1575.600
11828	1579.400
11900	1579.700
11912	1581.300
11796	1583.500
11956	1591.100
11884	1595.500
11756	1596.600
11908	1597.200
11932	1598.200
11944	1598.300
11920	1601.800
11936	1605.900
11888	1613.900
11784	1614.000
11788	1616.900
11904	1618.200
11852	1619.700
11964	1623.100
11952	1623.200
11872	1638.000
11932	1638.100
11820	1639.500
11952	1642.300
11884	1643.100
11768	1645.600
11904	1651.200
11880	1654.300
11892	1654.900
11876	1657.200
11912	1657.600
11756	1660.100
11780	1660.900
11888	1664.900
11920	1664.900
11948	1671.100
11796	1671.400
11760	1671.700
11896	1676.100
11820	1686.900
11828	1688.500
11876	1689.700
11764	1690.000
11888	1693.300
11916	1695.200
11796	1696.900
11912	1699.900
11836	1704.500
11760	1707.900
11964	1710.700
11948	1711.500
11936	1712.500
11824	1712.800
11852	1713.100
11832	1718.600
11884	1724.600
11952	1725.600
11756	1725.700
11860	1725.800
11868	1725.900
11772	1726.000
11944	1728.800
11920	1730.500
11960	1736.000
11956	1740.500
11804	1741.900
11932	1743.500
11936	1745.900
11888	1755.600
11872	1755.900
11780	1757.100
11944	1761.400
11856	1764.300
11768	1767.900
11916	1771.000
11932	1773.900
11796	1774.900
11840	1776.400
11876	1776.400
11892	1779.700
11820	1784.300
11964	1789.200
11852	1790.700
11888	1790.900
11956	1793.800
11872	1794.200
11940	1794.900
11756	1800.500
11904	1804.100
11868	1805.900
11948	1809.200
11772	1812.500
11932	1823.900
11828	1825.100
11916	1825.300
11812	1827.400
11956	1827.400
11892	1827.700
11952	1828.300
11764	1837.000
11852	1839.700
11884	1842.900
11960	1846.800
11936	1849.400
11908	1850.700
11876	1851.100
11944	1851.400
11964	1856.200
11948	1857.600
11832	1861.400
11952	1866.800
11884	1867.100
11872	1871.400
11912	1871.500
11932	1875.800
11892	1875.900
11920	1877.000
11784	1880.200
11812	1880.400
11952	1880.400
11764	1880.700
11780	1881.800
11880	1884.100
11800	1890.000
11904	1890.600
11936	1891.900
11840	1896.700
11796	1898.800
11828	1905.600
11756	1910.400
11872	1910.900
11840	1917.200
11812	1917.400
11940	1918.200
11952	1918.400
11960	1922.400
11884	1924.300
11872	1932.000
11932	1934.200
11868	1935.100
11784	1935.500
11840	1937.100
11948	1942.100
11904	1946.100
11876	1946.700
11844	1947.300
11828	1947.500
11956	1954.000
11952	1954.100
11888	1954.700
11884	1954.800
11772	1956.200
11936	1962.600
11868	1964.200
11804	1966.400
11944	1970.200
11760	1973.000
11956	1977.600
11796	1987.100
11872	1988.100
11884	1989.700
11896	1997.600
11888	2000.700
11932	2001.500
11876	2006.100
11944	2016.400
11812	2016.800
11964	2017.400
11796	2017.500
11916	2017.500
11764	2017.700
11756	2018.300
11908	2020.600
11956	2020.700
11864	2025.500
11884	2026.200
11788	2027.900
11892	2031.000
11860	2032.700
11800	2033.500
11804	2038.000
11896	2039.100
11952	2039.500
11940	2049.200
11868	2050.300
11956	2055.000
11948	2055.600
11932	2058.000
11888	2060.500
11880	2061.200
11796	2065.400
11828	2065.500
11936	2070.600
11756	2073.700
11840	2074.700
11792	2075.500
11764	2079.800
11964	2080.000
11768	2081.900
11908	2082.200
11804	2085.000
11824	2088.900
11808	2089.300
11956	2089.400
11832	2091.400
11888	2094.000
11944	2094.700
11868	2096.400
11756	2109.700
11948	2113.600
11792	2114.700
11924	2119.600
11920	2119.700
11904	2120.700
11896	2124.600
11884	2124.900
11888	2131.600
11852	2136.900
11800	2137.900
11944	2138.100
11808	2141.500
11964	2142.100
11756	2143.400
11876	2149.400
11952	2153.200
11868	2153.500
11872	2159.600
11796	2165.600
11936	2168.600
11904	2169.300
11892	2169.900
11932	2173.300
11812	2175.100
11800	2178.800
11828	2179.000
11944	2181.700
11952	2182.400
11884	2186.500
11912	2186.500
11768	2187.300
11960	2191.500
11956	2193.300
11876	2198.800
11936	2199.600
11796	2199.900
11932	2205.100
11888	2206.200
11868	2206.300
11916	2208.200
11832	2212.600
11880	2215.100
11956	2217.000
11904	2222.100
11756	2222.500
11828	2224.000
11812	2225.600
11764	2227.800
11960	2228.900
11876	2229.900
11792	2230.900
11780	2231.000
11952	2231.000
11788	2231.300
11880	2237.800
11796	2242.200
11836	2242.700
11876	2243.800
11912	2244.800
11888	2249.100
11936	2253.700
11956	2258.500
11932	2262.400
11884	2266.400
11904	2266.400
11868	2266.500
11892	2268.000
11772	2270.600
11952	2270.700
11944	2277.300
11876	2277.600
11828	2284.600
11840	2285.400
11912	2286.200
11788	2287.300
11892	2295.100
11888	2300.800
11964	2301.700
11804	2301.800
11852	2305.200
11948	2306.500
11944	2314.500
11764	2318.900
11780	2321.300
11936	2323.400
11964	2323.800
11868	2324.900
11876	2325.000
11832	2331.600
11956	2331.800
11840	2332.100
11952	2332.900
11756	2336.200
11924	2338.000
11808	2339.400
11944	2339.400
11884	2342.500
11888	2342.600
11868	2346.900
11908	2353.100
11936	2354.300
11932	2355.200
11892	2356.100
11920	2357.500
11820	2358.000
11876	2367.800
11960	2371.100
11844	2371.200
11872	2371.600
11952	2375.000
11956	2375.300
11940	2383.800
11792	2387.400
11812	2389.700
11764	2392.500
11856	2392.600
11832	2392.700
11908	2392.700
11920	2392.800
11892	2393.100
11756	2394.900
11796	2402.400
11800	2402.500
11864	2407.600
11916	2408.500
11960	2409.700
11956	2411.000
11860	2412.900
11940	2416.400
11964	2419.300
11792	2421.800
11936	2426.000
11828	2426.300
11840	2427.000
11888	2428.100
11892	2431.000
11764	2438.500
11908	2439.800
11880	2442.500
11804	2443.400
11952	2446.800
11808	2447.000
11904	2447.000
11824	2447.900
11892	2454.900
11852	2455.300
11932	2457.600
11876	2458.200
11920	2458.700
11872	2459.700
11756	2465.900
11952	2468.000
11884	2471.700
11800	2473.100
11944	2477.700
11936	2479.200
11888	2479.300
11772	2481.200
11908	2481.700
11932	2488.700
11764	2492.200
11916	2492.900
11896	2495.500
11848	2498.900
11852	2500.400
11952	2501.600
11956	2502.100
11940	2504.600
11884	2514.100
11944	2517.800
11964	2520.500
11768	2524.400
11844	2524.900
11856	2525.800
11808	2527.500
11872	2531.200
11920	2531.600
11904	2538.000
11896	2543.400
11932	2544.300
11828	2545.700
11956	2547.700
11876	2548.000
11940	2549.700
11952	2550.500
11872	2552.200
11756	2555.400
11792	2560.600
11788	2565.500
11796	2569.500
11908	2576.000
11952	2576.100
11764	2576.300
11904	2577.100
11800	2580.500
11828	2581.800
11932	2582.200
11768	2588.000
11816	2592.800
11884	2592.800
11888	2593.500
11876	2595.900
11952	2596.800
11836	2610.900
11944	2612.000
11936	2612.600
11832	2613.400
11868	2615.300
11804	2617.700
11956	2620.500
11796	2627.200
11780	2627.300
11876	2631.100
11800	2643.400
11904	2643.600
11948	2643.800
11832	2645.500
11820	2646.000
11768	2647.500
11936	2648.300
11828	2648.400
11888	2661.300
11964	2662.600
11852	2665.300
11804	2665.500
11848	2667.800
11936	2668.400
11760	2668.800
11796	2669.100
11904	2671.900
11824	2675.000
11828	2676.000
11844	2683.400
11908	2686.800
11872	2687.500
11884	2691.100
11944	2691.600
11952	2696.600
11888	2696.800
11840	2705.400
11800	2707.500
11956	2708.600
11780	2708.700
11924	2709.800
11808	2713.300
11936	2715.500
11964	2721.800
11848	2722.500
11908	2722.500
11888	2722.600
11932	2727.500
11768	2728.300
11764	2728.600
11880	2728.600
11872	2728.700
11952	2728.700
11956	2736.500
11940	2739.100
11836	2743.400
11948	2744.300
11944	2750.200
11936	2753.800
11792	2754.200
11764	2755.500
11832	2756.600
11912	2756.900
11760	2758.100
11796	2758.200
11828	2758.200
11876	2769.400
11964	2773.000
11824	2780.300
11856	2784.800
11840	2789.700
11804	2789.900
11768	2790.000
11888	2790.000
11892	2794.300
11864	2799.500
11832	2799.700
11764	2804.000
11920	2804.200
11880	2807.700
11956	2808.100
11952	2808.700
11888	2809.200
11960	2809.800
11756	2815.000
11892	2819.400
11796	2822.100
11956	2827.800
11932	2828.200
11944	2829.200
11800	2835.700
11768	2838.000
11780	2838.700
11804	2840.800
11764	2843.300
11936	2843.600
11872	2843.700
11904	2846.500
11828	2848.800
11952	2852.700
11964	2857.200
11792	2858.200
11940	2861.200
11908	2862.600
11888	2875.200
11812	2877.500
11916	2878.500
11892	2879.900
11756	2885.100
11788	2886.500
11764	2888.200
11952	2889.500
11836	2889.900
11936	2892.500
11792	2895.000
11864	2895.400
11868	2903.800
11892	2904.800
11920	2909.100
11856	2910.400
11912	2912.300
11888	2916.300
11828	2922.700
11956	2922.900
11832	2923.100
11756	2926.700
11952	2932.300
11880	2934.100
11884	2934.500
11936	2934.900
11768	2936.000
11928	2945.800
11872	2947.900
11840	2948.800
11836	2957.800
11904	2960.500
11892	2962.900
11888	2966.800
11956	2967.700
11912	2971.400
11952	2974.400
11936	2978.600
11792	2985.800
11832	2985.800
11764	2987.400
11868	2988.900
11932	2990.300
11756	2991.300
11840	2991.600
11808	2992.000
11952	2992.000
11944	2993.800
11916	2994.700
11960	3004.000
11800	3004.400
11888	3006.700
11920	3008.400
11796	3008.500
11812	3011.700
11788	3014.100
11948	3014.800
11784	3021.600
11780	3023.300
11840	3023.600
11896	3024.200
11764	3026.400
11904	3026.700
11860	3029.500
11824	3029.600
11808	3033.600
11876	3034.200
11944	3035.800
11916	3037.700
11956	3040.000
11952	3045.200
11940	3045.300
11964	3046.300
11936	3049.700
11768	3053.100
11836	3055.800
11792	3058.400
11872	3061.600
11924	3062.500
11876	3063.100
11832	3063.300
11756	3064.700
11912	3066.600
11868	3069.800
11916	3073.100
11932	3083.900
11864	3084.600
11896	3085.200
11888	3085.400
11920	3088.500
11952	3091.900
11812	3092.300
11856	3093.700
11824	3094.100
11884	3097.400
11872	3097.600
11948	3097.700
11836	3098.900
11832	3101.600
11780	3111.000
11952	3116.500
11796	3116.900
11964	3117.200
11756	3117.500
11936	3118.700
11920	3119.400
11932	3121.700
11812	3123.800
11940	3130.500
11784	3130.600
11868	3130.800
11908	3136.500
11948	3136.800
11888	3137.800
11796	3140.700
11896	3140.700
11936	3141.000
11824	3141.800
11808	3149.500
11852	3151.800
11868	3157.500
11920	3158.300
11964	3164.200
11800	3164.700
11888	3164.800
11804	3168.000
11932	3168.700
11812	3171.200
11848	3172.700
11856	3176.500
11936	3180.800
11764	3182.100
11840	3183.600
11892	3185.300
11756	3188.500
11952	3190.800
11960	3202.400
11868	3202.500
11888	3204.800
11876	3209.800
11920	3211.000
11944	3212.300
11796	3213.000
11840	3220.200
11824	3220.900
11912	3221.700
11888	3228.100
11892	3231.300
11920	3235.800
11952	3243.700
11800	3245.700
11880	3247.100
11904	3248.500
11944	3248.500
11964	3250.200
11956	3251.200
11936	3251.300
11932	3254.600
11828	3259.600
11888	3260.100
11868	3260.800
11876	3262.200
11756	3262.900
11796	3266.600
11916	3266.700
11812	3267.700
11840	3273.300
11912	3277.600
11764	3277.900
11892	3278.100
11924	3278.300
11800	3278.600
11788	3282.400
11804	3284.600
11932	3286.100
11880	3286.200
11964	3286.200
11868	3286.700
11956	3293.100
11792	3296.400
11888	3296.500
11844	3296.700
11828	3298.300
11940	3303.500
11864	3313.600
11796	3313.800
11856	3315.000
11824	3315.400
11944	3319.700
11872	3319.900
11948	3320.500
11852	3324.500
11848	3328.800
11756	3330.700
11904	3334.500
11952	3334.800
11868	3335.600
11956	3338.800
11892	3343.800
11800	3346.600
11876	3348.500
11912	3349.500
11804	3355.100
11864	3355.900
11824	3357.300
11916	3359.800
11888	3365.100
11852	3368.200
11808	3373.700
11952	3373.700
11812	3373.900
11772	3374.900
11780	3375.800
11924	3384.900
11872	3386.400
11932	3391.900
11864	3393.000
11756	3393.100
11832	3393.100
11876	3393.300
11884	3393.600
11892	3393.700
11880	3396.700
11948	3396.900
11904	3397.000
11764	3404.700
11896	3407.900
11800	3410.900
11944	3412.400
11936	3413.500
11868	3413.700
11964	3416.400
11912	3416.700
11828	3418.500
11768	3419.100
11956	3427.700
11960	3430.100
11920	3431.700
11884	3431.800
11952	3438.800
11896	3439.200
11868	3456.900
11804	3457.300
11840	3460.200
11892	3461.000
11764	3461.500
11952	3464.300
11780	3466.700
11960	3468.100
11896	3470.000
11872	3472.900
11904	3473.200
11912	3473.600
11796	3476.200
11956	3479.500
11756	3479.600
11916	3479.800
11768	3486.400
11760	3490.100
11936	3490.300
11876	3491.700
11932	3492.000
11952	3492.300
11880	3493.300
11820	3496.200
11964	3497.600
11852	3500.900
11892	3510.500
11808	3510.700
11888	3512.200
11912	3515.100
11804	3517.100
11948	3517.100
11904	3517.200
11932	3519.500
11944	3521.700
11780	3524.400
11868	3526.400
11836	3531.800
11876	3532.100
11828	3532.800
11824	3534.500
11964	3538.200
11956	3539.800
11872	3539.900
11928	3541.100
11884	3541.600
11840	3544.300
11936	3550.700
11832	3554.200
11892	3554.600
11876	3555.300
11820	3560.700
11824	3568.600
11888	3570.400
11784	3571.200
11800	3573.600
11916	3575.100
11932	3579.500
11936	3580.700
11896	3581.300
11764	3581.500
11904	3581.600
11828	3587.400
11796	3594.200
11864	3597.800
11856	3600.100
11884	3603.800
11764	3604.900
11756	3606.100
11892	3607.500
11868	3612.800
11788	3614.900
11952	3615.800
11812	3617.600
11880	3620.200
11948	3620.800
11960	3623.000
11836	3624.300
11896	3628.900
11920	3629.100
11872	3630.500
11876	3630.500
11828	3631.100
11884	3631.600
11952	3644.100
11840	3644.300
11812	3645.700
11944	3645.800
11856	3649.100
11816	3649.500
11888	3652.000
11936	3652.400
11864	3660.000
11852	3663.200
11964	3663.200
11764	3666.900
11952	3671.300
11872	3671.800
11800	3674.100
11880	3674.800
11808	3676.400
11912	3680.100
11884	3682.400
11956	3682.900
11904	3685.500
11944	3690.300
11964	3694.100
11948	3699.400
11756	3699.600
11868	3699.700
11920	3700.900
11876	3701.800
11884	3704.500
11780	3706.600
11952	3717.400
11768	3717.800
11932	3720.700
11896	3722.600
11908	3723.000
11872	3725.300
11808	3726.100
11756	3730.800
11916	3731.900
11868	3734.700
11812	3736.000
11776	3737.000
11892	3740.100
11820	3741.600
11852	3748.100
11864	3750.800
11964	3751.600
11876	3757.900
11960	3758.500
11884	3761.200
11952	3761.500
11844	3762.600
11872	3769.700
11828	3775.600
11892	3780.800
11840	3788.200
11888	3789.100
11788	3792.900
11920	3792.900
11952	3795.400
11760	3795.900
11912	3801.800
11844	3802.600
11944	3805.600
11956	3806.800
11828	3813.900
11852	3815.300
11796	3816.100
11832	3816.100
11872	3816.400
11904	3826.700
11868	3829.200
11876	3830.500
11964	3831.400
11952	3833.600
11772	3836.100
11848	3836.400
11812	3846.800
11920	3849.100
11828	3849.500
11884	3850.300
11952	3852.200
11912	3861.400
11920	3868.300
11764	3871.200
11780	3871.700
11944	3872.800
11936	3874.000
11964	3875.000
11800	3875.600
11836	3883.400
11956	3883.800
11768	3884.600
11952	3886.900
11884	3887.000
11932	3890.300
11876	3892.000
11868	3894.400
11840	3897.400
11908	3898.300
11808	3898.600
11856	3906.000
11828	3908.000
11956	3909.200
11944	3918.600
11772	3922.300
11888	3923.900
11952	3924.900
11832	3925.400
11912	3926.100
11800	3926.800
11948	3927.000
11936	3927.800
11964	3929.100
11892	3940.100
11956	3942.700
11944	3943.000
11884	3943.900
11920	3947.600
11876	3950.800
11804	3951.400
11796	3957.900
11948	3957.900
11880	3958.100
11764	3960.400
11936	3961.500
11912	3964.100
11964	3967.600
11932	3976.700
11824	3977.700
11940	3979.800
11928	3980.500
11960	3980.700
11936	3980.800
11888	3981.300
11964	3986.200
11836	3988.500
11764	3994.100
11832	3996.900
11956	3998.200
11880	4000.800
11944	4001.000
11856	4004.400
11888	4004.700
11756	4005.400
11948	4005.700
11892	4006.700
11912	4009.300
11796	4015.600
11864	4016.600
11936	4017.200
11920	4018.500
11768	4021.600
11848	4021.700
11876	4026.800
11960	4027.500
11884	4029.500
11904	4036.400
11780	4041.900
11820	4043.300
11872	4043.300
11928	4045.700
11796	4051.900
11940	4053.300
11888	4056.500
11956	4061.700
11892	4063.300
11852	4065.500
11768	4066.400
11804	4073.300
11932	4074.200
11920	4076.000
11960	4076.400
11796	4077.200
11756	4080.400
11828	4084.700
11940	4086.000
11876	4086.300
11840	4090.100
11872	4090.800
11776	4092.100
11912	4095.000
11780	4096.500
11916	4096.600
11956	4097.100
11964	4105.400
11828	4110.800
11904	4113.100
11832	4120.400
11796	4121.300
11936	4121.600
11876	4122.500
11912	4124.300
11872	4124.400
11884	4126.500
11840	4129.000
11948	4131.300
11868	4131.700
11932	4136.800
11916	4139.700
11792	4141.400
11888	4143.000
11896	4145.200
11876	4145.300
11940	4146.900
11772	4159.600
11820	4162.200
11892	4168.100
11880	4169.300
11796	4169.900
11764	4172.100
11856	4173.100
11768	4175.800
11828	4179.800
11876	4180.200
11956	4182.500
11904	4183.700
11952	4183.800
11832	4184.000
11884	4186.900
11932	4191.400
11892	4196.400
11800	4196.600
11936	4196.900
11768	4197.200
11944	4201.500
11920	4203.100
11804	4204.500
11780	4204.800
11840	4207.400
11820	4210.500
11964	4214.900
11912	4215.700
11948	4218.800
11908	4223.900
11872	4224.300
11888	4224.400
11916	4224.700
11756	4227.300
11796	4227.300
11832	4227.400
11920	4236.100
11824	4236.600
11868	4237.500
11952	4241.800
11784	4244.800
11884	4248.900
11956	4249.700
11932	4252.000
11936	4253.600
11876	4254.700
11912	4257.300
11908	4257.800
11920	4267.100
11888	4268.200
11804	4268.600
11904	4269.200
11828	4271.200
11796	4272.900
11896	4273.000
11952	4279.000
11824	4280.700
11872	4287.800
11840	4292.100
11852	4296.400
11880	4296.900
11756	4305.100
11916	4305.600
11888	4305.700
11920	4305.800
11828	4310.200
11956	4312.100
11932	4325.500
11880	4329.400
11884	4329.400
11768	4332.800
11944	4334.800
11812	4339.300
11920	4342.700
11868	4343.100
11764	4345.100
11952	4345.300
11824	4349.200
11960	4349.700
11936	4351.800
11944	4354.200
11876	4354.400
11872	4357.800
11912	4358.500
11956	4358.800
11860	4362.000
11884	4364.100
11808	4372.600
11908	4374.300
11792	4374.600
11844	4374.600
11964	4376.600
11932	4379.600
11868	4382.100
11888	4382.200
11952	4382.700
11944	4383.600
11852	4387.300
11756	4390.400
11920	4391.400
11840	4396.500
11956	4397.900
11876	4398.100
11912	4407.100
11796	4407.800
11932	4419.700
11888	4422.100
11904	4422.600
11952	4426.500
11784	4429.800
11912	4430.300
11916	4433.500
11956	4434.400
11964	4435.100
11832	4436.000
11892	4436.300
11876	4441.500
11932	4448.500
11880	4451.600
11888	4451.900
11852	4454.300
11764	4456.700
11904	4456.800
11796	4459.000
11800	4459.600
11912	4459.900
11828	4460.700
11848	4461.200
11884	4469.300
11812	4469.600
11832	4473.800
11944	4475.000
11936	4475.300
11840	4475.500
11952	4475.800
11868	4487.500
11888	4489.600
11904	4491.700
11876	4497.600
11828	4498.700
11956	4500.400
11772	4504.600
11768	4505.700
11952	4506.800
11884	4507.100
11780	4508.300
11944	4510.200
11940	4511.100
11924	4511.200
11796	4511.800
11872	4514.200
11792	4520.300
11916	4520.300
11756	4520.600
11908	4526.300
11868	4526.400
11932	4527.400
11888	4528.000
11828	4528.600
11956	4541.000
11804	4547.500
11832	4547.800
11852	4548.500
11960	4549.500
11896	4552.800
11924	4554.000
11876	4554.400
11884	4555.500
11756	4555.700
11920	4563.300
11948	4566.100
11936	4566.400
11944	4566.600
11808	4566.800
11776	4567.100
11824	4579.600
11888	4586.000
11816	4586.500
11852	4587.500
11828	4587.600
11952	4588.900
11872	4589.100
11956	4590.200
11920	4593.600
11884	4599.900
11756	4602.100
11932	4602.700
11944	4603.000
11840	4606.000
11876	4608.100
11956	4609.500
11924	4613.000
11936	4614.400
11812	4618.000
11832	4618.200
11952	4620.100
11800	4632.700
11868	4633.700
11892	4637.600
11784	4637.700
11788	4640.100
11944	4640.400
11804	4640.700
11952	4640.900
11780	4651.200
11796	4651.800
11904	4654.300
11940	4655.800
11896	4660.200
11812	4667.900
11916	4668.500
11912	4671.100
11764	4671.200
11788	4671.200
11756	4671.300
11828	4672.700
11892	4675.200
11956	4679.500
11936	4683.800
11772	4686.600
11876	4686.700
11884	4686.900
11948	4687.200
11888	4687.500
11952	4692.300
11820	4703.900
11864	4704.300
11876	4704.800
11928	4704.800
11944	4704.800
11964	4709.000
11936	4709.100
11808	4709.400
11832	4710.400
11868	4711.500
11756	4715.200
11776	4719.800
11920	4720.000
11956	4720.100
11800	4721.000
11932	4725.100
11808	4727.500
11876	4732.100
11952	4739.000
11888	4739.900
11892	4740.700
11880	4743.500
11964	4745.700
11924	4750.000
11756	4750.300
11848	4750.400
11852	4753.200
11860	4757.200
11932	4766.800
11804	4767.500
11864	4770.200
11796	4771.100
11888	4771.600
11920	4771.700
11896	4772.800
11872	4774.500
11824	4775.000
11800	4784.000
11856	4784.800
11784	4787.100
11840	4787.500
11892	4787.900
11796	4788.800
11912	4789.800
11884	4789.900
11876	4796.800
11956	4802.700
11944	4803.900
11936	4804.200
11888	4805.000
11920	4808.200
11964	4808.400
11756	4808.800
11952	4811.400
11864	4818.300
11800	4820.200
11884	4822.700
11868	4828.100
11932	4828.500
11824	4830.000
11956	4830.300
11876	4830.400
11952	4836.300
11944	4837.000
11856	4839.300
11916	4842.200
11784	4844.300
11892	4849.000
11764	4849.100
11796	4850.200
11936	4855.900
11756	4856.400
11800	4856.500
11876	4860.100
11912	4860.800
11868	4865.900
11932	4866.500
11920	4866.600
11884	4872.400
11956	4872.900
11776	4873.000
11908	4881.700
11828	4882.200
11904	4886.500
11888	4887.000
11796	4889.500
11896	4889.700
11876	4890.700
11824	4891.700
11772	4893.900
11944	4896.500
11940	4897.000
11852	4900.000
11832	4900.700
11956	4905.600
11796	4908.200
11800	4909.800
11824	4917.000
11924	4917.200
11808	4917.400
11756	4919.600
11832	4919.800
11872	4919.900
11896	4920.300
11920	4920.500
11864	4929.400
11892	4935.600
11848	4935.800
11796	4937.300
11756	4938.300
11884	4942.200
11952	4945.900
11936	4948.300
11888	4953.400
11868	4954.700
11800	4966.100
11892	4967.500
11804	4967.800
11964	4970.100
11956	4971.100
11796	4979.800
11932	4983.100
11832	4983.300
11872	4985.900
11784	4988.100
11952	4989.000
11816	4989.500
11892	5001.200
11888	5002.900
11920	5004.200
11876	5006.000
11868	5006.500
11812	5012.000
11852	5017.000
11764	5017.500
11872	5017.800
11760	5023.800
11960	5024.700
11952	5024.900
11880	5025.100
11884	5025.100
11904	5027.400
11944	5033.900
11820	5034.400
11956	5035.000
11852	5041.800
11964	5043.700
11928	5044.100
11824	5047.000
11948	5051.100
11896	5055.300
11884	5061.500
11888	5066.100
11892	5066.200
11828	5068.900
11944	5069.900
11796	5071.400
11772	5071.700
11876	5073.100
11956	5073.100
11852	5081.600
11940	5083.000
11936	5092.400
11756	5092.800
11932	5093.300
11888	5095.000
11920	5101.000
11840	5101.600
11764	5102.900
11828	5104.800
11872	5106.000
11812	5109.300
11780	5109.400
11912	5109.400
11880	5113.100
11952	5113.200
11904	5113.700
11824	5119.900
11884	5119.900
11792	5120.000
11892	5127.400
11888	5129.900
11932	5132.900
11944	5134.900
11852	5135.800
11760	5139.500
11956	5143.300
11904	5144.300
11764	5150.200
11868	5154.400
11896	5164.300
11756	5167.300
11812	5167.300
11880	5168.800
11892	5171.300
11852	5171.600
11956	5172.100
11960	5177.700
11792	5180.700
11804	5181.700
11920	5182.200
11884	5192.500
11952	5195.100
11764	5195.400
11944	5196.600
11964	5206.400
11888	5208.000
11956	5211.700
11932	5214.600
11832	5218.600
11936	5219.900
11864	5221.100
11912	5221.200
11872	5229.000
11848	5234.300
11876	5236.600
11852	5237.700
11796	5238.200
11952	5238.900
11944	5240.200
11912	5241.700
11756	5245.800
11776	5246.900
11904	5246.900
11800	5249.700
11916	5251.200
11960	5251.200
11936	5252.800
11892	5253.200
11788	5253.500
11964	5258.500
11956	5258.900
11952	5259.400
11764	5259.600
11792	5262.400
11828	5271.300
11824	5272.200
11944	5276.800
11908	5276.900
11888	5279.000
11956	5281.700
11796	5282.400
11932	5288.000
11784	5293.400
11852	5294.400
11944	5295.900
11840	5296.300
11792	5302.800
11920	5304.600
11872	5306.000
11948	5307.500
11884	5308.300
11836	5310.200
11876	5311.200
11892	5323.200
11828	5325.700
11888	5330.100
11856	5339.500
11756	5340.700
11964	5340.800
11920	5342.800
11788	5343.700
11880	5344.200
11868	5352.300
11804	5355.400
11932	5357.100
11956	5357.500
11892	5358.100
11768	5374.200
11888	5374.500
11828	5375.000
11896	5377.800
11796	5379.100
11952	5379.300
11916	5393.300
11944	5393.500
11884	5393.600
11764	5394.800
11940	5395.300
11768	5395.900
11792	5402.300
11948	5406.000
11788	5406.400
11760	5410.600
11828	5411.400
11876	5412.500
11772	5414.700
11944	5417.000
11872	5417.200
11960	5418.700
11884	5421.100
11912	5421.800
11832	5422.600
11840	5429.800
11964	5430.400
11948	5430.700
11860	5431.600
11780	5434.000
11808	5437.500
11876	5437.600
11920	5438.400
11880	5439.400
11932	5439.500
11956	5440.700
11756	5448.300
11836	5449.600
11928	5454.700
11892	5455.200
11824	5455.600
11888	5455.700
11952	5461.600
11936	5465.000
11920	5465.800
11912	5475.700
11820	5475.900
11876	5478.100
11888	5478.200
11964	5478.400
11828	5478.900
11880	5479.500
11948	5481.100
11940	5485.300
11824	5486.400
11840	5489.300
11872	5490.900
11784	5492.300
11796	5494.200
11852	5496.100
11944	5496.700
11892	5497.200
11948	5501.200
11764	5506.800
11920	5507.200
11836	5508.800
11868	5510.600
11804	5510.800
11956	5510.800
11936	5511.500
11888	5513.400
11932	5522.100
11944	5524.500
11840	5525.400
11964	5530.700
11812	5535.500
11908	5535.700
11800	5537.300
11756	5537.600
11788	5538.200
11876	5541.000
11764	5541.300
11952	5541.700
11808	5541.800
11916	5542.100
11780	5546.800
11892	5553.100
11896	5553.100
11956	5553.200
11800	5556.000
11768	5558.300
11944	5559.400
11756	5564.900
11960	5570.000
11876	5573.500
11920	5573.800
11796	5576.900
11880	5577.100
11836	5577.900
11764	5578.800
11936	5580.200
11872	5586.400
11956	5588.300
11812	5589.000
11892	5590.800
11912	5591.300
11828	5592.100
11884	5594.300
11780	5602.800
11772	5603.100
11888	5603.200
11796	5606.000
11948	5606.100
11952	5606.400
11904	5608.400
11876	5608.500
11932	5611.800
11808	5621.500
11864	5622.100
11896	5622.200
11756	5623.000
11852	5625.600
11944	5626.400
11876	5626.700
11940	5627.300
11916	5629.400
11860	5629.600
11764	5629.800
11800	5630.400
11840	5631.400
11912	5632.400
11796	5632.900
11956	5634.500
11868	5643.700
11960	5643.900
11884	5644.500
11952	5647.400
11760	5647.600
11800	5648.000
11896	5648.500
11904	5649.800
11772	5651.000
11956	5664.600
11876	5666.600
11932	5666.900
11952	5669.500
11784	5676.500
11920	5676.700
11812	5679.500
11828	5679.700
11764	5680.200
11824	5680.600
11872	5686.400
11796	5696.000
11852	5696.700
11768	5697.300
11876	5698.900
11856	5703.300
11904	5703.300
11884	5703.500
11956	5703.500
11936	5705.100
11756	5708.900
11944	5713.300
11892	5713.600
11864	5714.500
11868	5715.600
11888	5716.300
11828	5719.300
11904	5730.700
11800	5732.400
11852	5732.700
11912	5733.100
11884	5735.700
11956	5746.800
11804	5749.000
11932	5749.200
11824	5749.500
11936	5751.200
11832	5753.400
11756	5757.500
11776	5764.200
11868	5764.200
11920	5765.400
11804	5770.400
11956	5772.600
11888	5774.200
11932	5779.200
11824	5779.400
11880	5781.000
11856	5781.300
11952	5783.000
11964	5784.100
11872	5784.200
11816	5784.700
11808	5793.600
11756	5793.700
11888	5793.800
11920	5800.500
11832	5808.900
11956	5809.300
11880	5809.500
11876	5820.900
11932	5821.200
11796	5823.500
11884	5824.300
11872	5824.400
11840	5827.200
11904	5828.000
11888	5828.800
11868	5832.500
11832	5839.000
11820	5842.100
11828	5843.200
11768	5850.500
11888	5850.800
11796	5851.600
11896	5855.200
11764	5859.500
11840	5861.800
11952	5862.000
11756	5865.000
11872	5865.600
11812	5867.300
11884	5868.200
11848	5868.500
11940	5869.600
11904	5874.400
11892	5876.600
11948	5877.100
11828	5878.400
11772	5881.200
11880	5882.200
11768	5882.500
11952	5886.000
11916	5892.100
11816	5894.400
11868	5894.500
11956	5894.600
11932	5896.800
11920	5898.000
11944	5901.300
11884	5902.000
11840	5904.700
11812	5908.100
11896	5908.100
11788	5908.600
11828	5910.300
11824	5913.700
11956	5925.400
11892	5927.600
11912	5929.900
11960	5940.000
11952	5943.200
11880	5943.300
11956	5943.800
11756	5944.200
11936	5952.800
11800	5959.000
11832	5961.300
11932	5961.400
11888	5963.800
11904	5964.200
11864	5964.500
11880	5965.600
11964	5967.200
11936	5969.100
11788	5969.200
11876	5972.200
11948	5974.900
11828	5980.500
11944	5981.800
11912	5983.900
11788	5988.000
11796	5988.900
11768	5998.200
11940	6002.300
11960	6004.100
11920	6007.000
11952	6011.800
11892	6016.100
11924	6016.100
11756	6016.700
11828	6018.400
11884	6018.400
11876	6021.600
11912	6027.800
11944	6027.900
11868	6030.300
11772	6033.300
11956	6033.400
11784	6033.600
11840	6033.800
11888	6035.700
11932	6036.200
11808	6036.300
11832	6046.400
11964	6047.600
11872	6050.100
11948	6052.800
11852	6058.700
11792	6059.500
11840	6067.400
11920	6067.900
11756	6072.300
11784	6074.200
11884	6074.600
11896	6075.400
11812	6076.700
11916	6087.300
11780	6087.400
11940	6087.500
11952	6087.800
11924	6092.200
11936	6096.100
11820	6100.400
11888	6104.500
11808	6105.100
11912	6105.300
11868	6106.500
11876	6107.700
11920	6111.200
11760	6116.500
11776	6121.300
11956	6124.700
11804	6129.700
11888	6135.200
11880	6137.000
11828	6137.100
11796	6137.300
11852	6137.900
11952	6140.400
11936	6140.700
11872	6143.100
11820	6157.200
11888	6157.300
11868	6157.500
11892	6158.900
11796	6162.100
11904	6166.900
11804	6167.100
11964	6169.800
11960	6170.500
11912	6173.300
11884	6173.700
11756	6173.800
11948	6174.400
11808	6175.400
11928	6181.100
11920	6183.000
11956	6186.900
11828	6187.200
11932	6187.300
11944	6187.500
11936	6187.800
11768	6188.800
11764	6191.800
11904	6197.700
11868	6202.800
11804	6203.400
11756	6211.800
11896	6213.400
11888	6213.900
11892	6213.900
11876	6215.700
11880	6221.100
11912	6221.200
11840	6226.000
11888	6235.700
11952	6237.700
11964	6240.500
11872	6243.500
11808	6247.200
11932	6252.200
11956	6253.000
11800	6254.600
11868	6256.800
11768	6257.400
11904	6258.500
11884	6264.500
11876	6265.000
11952	6266.300
11756	6267.000
11944	6269.600
11796	6271.400
11772	6273.500
11956	6279.700
11960	6281.400
11920	6284.400
11804	6284.500
11792	6288.900
11812	6289.000
11840	6289.300
11872	6298.200
11884	6299.400
11836	6300.000
11856	6300.000
11928	6304.400
11896	6304.900
11756	6306.700
11956	6309.500
11892	6315.900
11780	6316.000
11952	6317.200
11800	6318.800
11944	6321.800
11808	6325.400
11960	6326.900
11964	6327.600
11888	6328.900
11860	6331.800
11884	6332.300
11868	6336.700
11920	6341.100
11952	6342.600
11904	6343.300
11912	6343.800
11936	6351.900
11892	6353.000
11876	6357.900
11796	6359.200
11872	6363.100
11932	6366.100
11828	6368.200
11792	6374.400
11888	6374.500
11764	6374.700
11964	6376.800
11844	6376.900
11908	6378.000
11780	6384.000
11940	6387.600
11920	6387.800
11824	6390.400
11936	6398.200
11812	6402.600
11836	6405.200
11948	6405.800
11964	6412.500
11952	6416.400
11848	6416.700
11884	6417.200
11936	6418.300
11756	6419.000
11888	6419.000
11780	6427.100
11908	6427.300
11944	6431.400
11940	6431.700
11768	6432.100
11920	6432.600
11796	6438.900
11756	6441.600
11836	6442.500
11956	6445.800
11888	6446.400
11868	6450.100
11920	6452.800
11948	6453.600
11932	6455.300
11764	6456.100
11808	6458.400
11768	6458.700
11828	6458.700
11936	6468.800
11912	6472.100
11964	6473.700
11888	6479.500
11852	6479.700
11948	6479.800
11880	6479.900
11784	6480.200
11764	6480.500
11876	6487.300
11884	6487.500
11832	6488.400
11756	6489.200
11944	6489.600
11860	6492.400
11840	6492.500
11932	6496.400
11936	6497.100
11796	6501.100
11768	6507.100
11960	6507.700
11892	6508.300
11908	6509.000
11952	6511.800
11872	6512.400
11792	6516.100
11920	6517.500
11756	6522.000
11956	6522.400
11940	6522.500
11888	6523.600
11772	6525.800
11832	6533.600
11848	6538.000
11828	6541.500
11776	6541.800
11952	6549.900
11892	6550.400
11756	6550.800
11880	6554.100
11960	6558.100
11920	6564.200
11884	6565.800
11896	6567.700
11764	6569.700
11912	6576.800
11828	6578.800
11784	6579.500
11892	6586.700
11756	6587.400
11952	6593.000
11956	6595.100
11936	6596.000
11808	6596.400
11868	6603.100
11856	6605.300
11772	6605.500
11876	6605.900
11964	6607.600
11872	6608.100
11832	6609.800
11756	6610.200
11808	6622.500
11944	6623.500
11884	6625.000
11924	6625.400
11920	6625.900
11908	6626.700
11772	6627.000
11836	6627.100
11832	6631.000
11764	6631.600
11964	6637.400
11888	6639.700
11936	6641.100
11932	6642.600
11812	6643.800
11872	6643.800
11828	6644.100
11880	6644.100
11892	6644.200
11756	6649.300
11952	6649.800
11960	6658.800
11876	6660.800
11824	6663.400
11796	6665.100
11940	6671.000
11852	6671.500
11956	6677.000
11888	6678.100
11932	6682.300
11920	6685.500
11756	6686.600
11952	6686.900
11764	6687.500
11936	6692.800
11960	6693.300
11800	6694.000
11944	6695.300
11840	6697.400
11808	6698.400
11912	6702.200
11876	6705.200
11884	6706.700
11788	6707.000
11776	6707.100
11796	6708.500
11908	6710.700
11828	6711.300
11832	6717.600
11872	6723.500
11780	6724.200
11952	6727.500
11868	6728.300
11920	6734.400
11912	6745.900
11864	6746.100
11964	6749.700
11940	6756.200
11948	6759.600
11824	6762.600
11932	6763.600
11764	6764.300
11952	6765.900
11836	6766.800
11868	6769.100
11872	6769.300
11828	6771.600
11876	6774.700
11776	6776.100
11880	6786.900
11796	6787.500
11888	6787.500
11936	6787.800
11944	6792.000
11844	6792.300
11768	6794.200
11784	6798.900
11964	6799.300
11832	6800.300
11956	6801.000
11756	6802.800
11808	6805.400
11824	6807.800
11920	6808.000
11868	6809.400
11888	6811.400
11948	6811.500
11892	6812.100
11796	6819.400
11908	6822.900
11876	6826.200
11860	6828.200
11764	6828.700
11964	6828.800
11896	6830.600
11868	6831.800
11916	6835.000
11952	6836.200
11884	6843.100
11956	6843.100
11904	6844.700
11768	6845.500
11784	6859.000
11780	6859.900
11944	6860.300
11952	6860.400
11932	6870.200
11800	6872.500
11768	6872.600
11788	6873.500
11916	6876.500
11796	6876.900
11836	6877.800
11920	6881.000
11956	6881.200
11872	6881.300
11760	6882.100
11828	6882.500
11792	6895.300
11832	6900.100
11764	6901.600
11964	6909.900
11940	6914.100
11820	6914.600
11936	6917.100
11888	6917.900
11756	6924.900
11908	6925.500
11764	6926.300
11840	6926.300
11920	6926.600
11952	6926.800
11768	6927.100
11904	6931.500
11880	6932.400
11796	6940.600
11812	6940.800
11828	6944.700
11956	6951.900
11920	6961.400
11952	6961.800
11872	6962.100
11884	6965.700
11868	6969.600
11904	6973.300
11888	6974.100
11892	6976.100
11948	6976.800
11784	6978.700
11964	6980.300
11852	6981.300
11944	6989.200
11860	6992.400
11756	6992.700
11772	6992.800
11920	6993.100
11956	6994.200
11888	6999.600
11940	7003.800
11796	7005.400
11936	7007.900
11764	7008.400
11908	7014.100
11932	7015.700
11756	7018.800
11840	7019.200
11788	7022.600
11904	7025.300
11944	7025.300
11936	7026.900
11832	7029.700
11964	7035.900
11784	7037.800
11956	7037.800
11812	7037.900
11952	7040.600
11800	7042.000
11884	7050.700
11892	7051.700
11932	7056.000
11756	7058.500
11888	7059.100
11876	7059.200
11804	7059.300
11952	7062.400
11956	7063.300
11880	7064.500
11936	7066.500
11772	7076.000
11828	7080.900
11872	7091.900
11776	7094.800
11884	7095.800
11948	7096.000
11952	7099.000
11820	7102.800
11944	7103.200
11888	7107.200
11876	7107.500
11916	7108.700
11920	7109.400
11956	7109.400
11856	7111.000
11932	7115.500
11952	7118.400
11940	7121.700
11796	7125.500
11852	7127.800
11864	7128.100
11756	7131.300
11840	7133.600
11764	7136.500
11868	7136.700
11888	7137.300
11856	7140.800
11952	7145.100
11944	7149.100
11936	7150.000
11948	7150.700
11760	7151.000
11876	7153.100
11920	7165.100
11872	7167.700
11964	7167.800
11884	7172.300
11756	7175.300
11952	7175.800
11948	7176.300
11772	7182.400
11944	7185.500
11840	7187.800
11824	7188.400
11884	7188.400
11888	7188.600
11868	7189.000
11936	7189.200
11908	7195.900
11952	7196.400
11964	7201.400
11932	7202.200
11808	7202.600
11868	7207.400
11856	7207.500
11756	7216.000
11776	7216.500
11800	7218.300
11888	7218.400
11912	7218.500
11892	7218.600
11944	7218.700
11920	7218.800
11956	7220.200
11876	7224.500
11952	7226.200
11824	7226.800
11932	7234.100
11768	7239.900
11940	7241.400
11872	7243.900
11828	7244.500
11756	7246.000
11960	7248.800
11836	7251.800
11944	7252.100
11948	7252.100
11884	7258.200
11764	7260.300
11904	7261.100
11936	7268.700
11796	7268.900
11840	7270.200
11892	7270.600
11964	7274.400
11920	7280.600
11956	7284.800
11932	7288.800
11864	7290.100
11792	7290.900
11880	7301.100
11888	7301.600
11892	7301.700
11912	7302.100
11800	7302.900
11832	7304.200
11764	7307.200
11904	7307.900
11952	7308.300
11860	7315.000
11932	7322.000
11820	7324.300
11964	7325.800
11888	7326.300
11940	7327.000
11764	7329.700
11868	7331.600
11788	7332.400
11912	7334.800
11808	7337.600
11936	7338.500
11824	7338.700
11948	7340.900
11952	7345.800
11844	7346.500
11944	7350.000
11868	7352.300
11804	7352.900
11840	7353.200
11756	7356.000
11828	7359.800
11916	7368.300
11792	7369.700
11856	7369.700
11888	7371.500
11908	7372.000
11896	7374.800
11788	7376.900
11952	7378.900
11764	7379.400
11872	7380.100
11940	7380.400
11864	7381.900
11924	7384.600
11956	7385.300
11800	7386.200
11852	7387.300
11796	7390.400
11964	7401.100
11888	7405.100
11904	7410.800
11828	7414.500
11800	7415.200
11876	7416.100
11936	7416.100
11956	7417.800
11940	7421.500
11756	7426.200
11764	7428.900
11952	7431.300
11936	7432.700
11880	7437.500
11928	7441.800
11836	7442.500
11884	7443.100
11888	7445.200
11908	7446.000
11944	7446.300
11804	7447.000
11896	7447.300
11920	7449.600
11956	7452.700
11840	7460.300
11780	7460.500
11952	7461.000
11768	7468.100
11872	7469.300
11856	7473.200
11880	7473.800
11756	7474.800
11956	7475.700
11792	7476.600
11888	7477.300
11892	7478.900
11764	7483.900
11964	7484.000
11924	7487.200
11788	7488.200
11876	7488.900
11832	7489.500
11912	7493.500
11916	7494.900
11944	7495.200
11760	7499.100
11948	7506.400
11888	7507.800
11936	7508.100
11912	7508.500
11964	7509.200
11868	7510.700
11932	7517.200
11848	7524.500
11756	7526.300
11820	7527.500
11824	7527.700
11940	7527.800
11948	7527.900
11788	7528.100
11952	7529.700
11844	7529.900
11784	7531.700
11944	7532.500
11852	7539.100
11808	7542.500
11840	7545.800
11964	7546.200
11872	7546.800
11912	7548.700
11884	7551.400
11868	7554.700
11932	7560.900
11892	7561.100
11944	7563.000
11908	7566.700
11936	7568.300
11864	7570.800
11792	7573.300
11800	7574.300
11920	7578.600
11888	7580.500
11856	7588.000
11840	7589.100
11796	7590.300
11964	7590.700
11932	7591.500
11896	7599.100
11756	7603.400
11952	7603.400
11912	7611.600
11788	7612.300
11828	7614.000
11776	7617.500
11812	7617.600
11796	7618.700
11784	7618.800
11892	7624.000
11920	7626.100
11948	7627.000
11896	7630.100
11764	7630.200
11880	7630.200
11876	7630.800
11952	7636.300
11904	7638.700
11816	7639.400
11932	7640.400
11760	7642.500
11912	7643.200
11888	7651.000
11764	7664.000
11864	7667.100
11856	7668.800
11936	7671.100
11964	7674.500
11880	7675.600
11952	7677.500
11756	7677.700
11892	7678.100
11888	7680.700
11852	7683.300
11764	7688.800
11912	7692.300
11872	7692.600
11924	7693.700
11868	7700.000
11948	7700.700
11828	7704.100
11904	7704.400
11772	7711.500
11892	7716.100
11952	7716.200
11824	7717.000
11884	7717.200
11936	7722.200
11948	7722.500
11944	7722.600
11876	7732.400
11920	7734.300
11932	7737.100
11828	7739.200
11960	7741.500
11756	7743.000
11872	7743.400
11836	7744.200
11940	7748.700
11840	7749.400
11956	7751.500
11816	7755.800
11808	7757.900
11804	7758.300
11920	7763.600
11872	7764.900
11896	7770.100
11856	7770.800
11864	7772.300
11952	7772.500
11756	7778.600
11852	7780.500
11868	7781.000
11948	7784.400
11800	7784.800
11876	7787.800
11884	7788.200
11820	7789.100
11840	7791.300
11808	7797.600
11892	7801.300
11964	7802.300
11772	7804.100
11756	7811.300
11876	7811.800
11948	7814.800
11940	7821.600
11864	7826.300
11936	7826.600
11956	7827.100
11964	7828.500
11944	7828.600
11892	7829.200
11888	7834.200
11800	7839.400
11924	7841.800
11772	7842.200
11832	7842.200
11932	7842.400
11828	7843.200
11884	7843.400
11764	7844.200
11876	7845.000
11796	7845.100
11952	7846.200
11936	7855.100
11912	7856.500
11840	7861.000
11956	7861.100
11932	7866.100
11872	7868.500
11760	7868.600
11880	7869.500
11904	7870.100
11832	7870.200
11868	7870.200
11940	7870.400
11756	7871.500
11964	7873.900
11860	7875.300
11948	7877.000
11784	7882.100
11912	7883.100
11920	7887.500
11868	7896.800
11964	7897.100
11772	7898.900
11764	7902.000
11952	7902.700
11808	7903.000
11800	7907.300
11884	7909.300
11936	7909.900
11892	7914.200
11888	7915.200
11944	7915.700
11768	7917.800
11908	7924.300
11920	7924.300
11756	7924.500
11828	7927.600
11876	7930.400
11960	7932.000
11868	7933.700
11964	7933.800
11904	7934.100
11872	7938.100
11812	7946.400
11884	7949.100
11952	7949.400
11820	7952.400
11888	7958.400
11940	7961.500
11892	7962.000
11936	7962.700
11964	7963.300
11872	7973.800
11876	7973.800
11832	7976.500
11956	7977.400
11916	7977.500
11840	7978.000
11912	7982.500
11784	7990.800
11964	7990.900
11952	7992.300
11792	7996.100
11772	7997.600
11892	8000.700
11872	8000.800
11888	8000.800
11852	8006.600
11924	8007.100
11948	8008.400
11796	8009.700
11932	8013.000
11876	8013.200
11756	8015.800
11800	8016.400
11964	8016.400
11920	8027.800
11836	8028.400
11868	8028.700
11916	8028.800
11764	8031.300
11960	8031.400
11788	8031.600
11912	8031.800
11828	8032.700
11952	8036.800
11844	8045.600
11956	8046.900
11884	8048.500
11892	8049.000
11772	8049.500
11756	8050.300
11904	8053.800
11936	8059.800
11876	8061.100
11920	8062.700
11796	8063.700
11828	8078.600
11964	8078.800
11812	8078.900
11952	8083.900
11888	8084.500
11880	8093.500
11956	8093.500
11920	8093.600
11892	8093.800
11960	8095.300
11756	8100.300
11780	8101.200
11852	8101.400
11808	8104.300
11964	8104.700
11876	8106.400
11912	8107.400
11944	8110.100
11924	8112.400
11764	8113.600
11832	8118.800
11796	8119.400
11920	8122.300
11760	8122.900
11932	8123.800
11840	8125.800
11848	8132.700
11888	8133.400
11756	8133.800
11896	8134.300
11940	8139.800
11952	8147.100
11916	8152.600
11792	8156.000
11756	8156.100
11892	8156.500
11888	8157.600
11880	8157.700
11800	8159.800
11876	8160.300
11956	8161.100
11912	8165.300
11952	8167.600
11924	8172.300
11920	8176.300
11832	8177.400
11796	8178.800
11932	8185.300
11936	8186.500
11888	8186.800
11804	8190.800
11828	8190.800
11820	8197.200
11852	8197.800
11904	8206.200
11824	8208.900
11944	8211.000
11828	8212.000
11796	8212.900
11756	8213.300
11888	8213.700
11764	8215.700
11936	8216.900
11868	8217.600
11940	8229.500
11840	8231.200
11888	8235.200
11932	8237.600
11948	8238.000
11780	8245.400
11944	8245.400
11880	8245.700
11936	8245.900
11964	8246.200
11828	8246.900
11876	8249.900
11956	8252.000
11832	8252.200
11756	8260.000
11920	8261.200
11852	8269.700
11824	8270.100
11876	8271.600
11940	8272.200
11796	8276.900
11884	8278.600
11872	8280.900
11952	8287.200
11932	8293.100
11812	8295.300
11892	8297.900
11960	8299.500
11828	8304.200
11800	8304.300
11956	8304.600
11904	8309.400
11852	8316.900
11784	8317.300
11804	8320.700
11920	8324.500
11856	8325.600
11936	8325.800
11896	8326.100
11872	8332.100
11892	8337.700
11932	8338.000
11960	8340.100
11828	8342.700
11884	8342.800
11912	8348.800
11888	8351.300
11944	8356.800
11964	8361.700
11960	8362.300
11852	8362.400
11756	8366.300
11952	8369.100
11888	8372.100
11956	8372.200
11920	8372.300
11880	8373.500
11884	8381.400
11940	8382.400
11936	8385.500
11812	8388.200
11764	8390.200
11912	8396.000
11956	8404.200
11964	8404.400
11936	8405.400
11952	8406.000
11888	8406.600
11880	8409.500
11892	8411.000
11876	8412.900
11756	8413.600
11788	8423.500
11912	8423.900
11904	8428.800
11768	8430.400
11868	8430.500
11756	8431.000
11916	8431.100
11784	8432.700
11792	8433.000
11780	8435.800
11764	8441.400
11824	8445.700
11804	8446.400
11904	8447.600
11892	8448.700
11964	8454.500
11872	8457.800
11952	8461.500
11884	8466.700
11924	8467.200
11888	8471.400
11828	8473.900
11892	8475.600
11952	8483.400
11912	8483.900
11812	8484.600
11920	8485.400
11808	8487.800
11836	8487.800
11788	8492.800
11956	8493.200
11880	8494.900
11884	8499.800
11936	8503.500
11952	8503.500
11944	8504.200
11800	8505.700
11956	8507.900
11792	8510.700
11924	8516.200
11888	8520.500
11808	8520.700
11864	8521.100
11832	8521.400
11868	8522.600
11920	8531.400
11884	8532.000
11904	8535.800
11932	8542.800
11780	8543.200
11844	8543.400
11812	8543.500
11824	8544.300
11796	8544.500
11828	8546.100
11856	8549.400
11876	8550.400
11872	8551.600
11868	8560.000
11836	8560.900
11888	8563.200
11952	8565.800
11772	8570.400
11828	8573.800
11904	8578.100
11884	8579.300
11936	8582.000
11912	8584.300
11944	8588.700
11948	8592.000
11776	8593.700
11964	8597.800
11808	8598.500
11852	8599.500
11896	8604.600
11936	8605.700
11952	8606.200
11944	8606.700
11756	8607.600
11800	8609.500
11840	8609.800
11920	8610.600
11780	8612.900
11868	8616.300
11956	8620.900
11764	8622.000
11808	8622.900
11932	8623.500
11824	8623.600
11872	8631.100
11788	8634.900
11912	8636.000
11828	8637.400
11916	8637.500
11940	8641.000
11892	8641.700
11944	8641.700
11852	8646.400
11932	8653.500
11904	8657.000
11784	8660.700
11896	8664.000
11796	8664.700
11764	8664.900
11920	8664.900
11952	8665.100
11864	8668.000
11800	8668.300
11936	8668.600
11876	8676.200
11952	8681.500
11836	8682.000
11756	8682.200
11956	8682.200
11944	8689.500
11888	8693.100
11824	8697.800
11924	8697.900
11828	8698.200
11784	8704.900
11796	8710.700
11840	8713.300
11800	8714.400
11764	8716.900
11916	8719.800
11836	8719.900
11788	8720.100
11936	8721.800
11872	8724.000
11952	8729.000
11792	8729.100
11828	8740.500
11872	8748.600
11884	8749.300
11756	8750.700
11912	8751.900
11952	8753.000
11892	8754.100
11768	8755.600
11880	8756.500
11896	8760.400
11916	8761.700
11796	8762.400
11888	8764.200
11940	8767.300
11924	8772.100
11868	8774.900
11756	8775.600
11904	8775.800
11852	8781.900
11944	8785.700
11920	8793.500
11868	8793.800
11800	8794.100
11876	8796.600
11956	8797.000
11952	8802.700
11812	8803.900
11856	8805.800
11912	8809.900
11864	8810.500
11944	8810.900
11936	8812.600
11948	8814.000
11920	8814.700
11932	8821.300
11960	8821.600
11776	8822.400
11828	8825.900
11832	8831.600
11872	8838.700
11952	8839.300
11904	8843.100
11896	8849.300
11756	8852.600
11800	8857.800
11952	8857.800
11764	8858.200
11880	8858.700
11840	8868.600
11788	8871.400
11912	8876.100
11796	8877.300
11904	8882.600
11916	8886.800
11952	8890.800
11956	8890.800
11880	8891.100
11884	8892.700
11876	8893.000
11892	8897.400
11944	8901.100
11800	8903.200
11756	8903.900
11836	8905.100
11912	8905.700
11964	8906.200
11764	8909.400
11768	8911.200
11936	8911.200
11804	8911.700
11956	8919.100
11952	8925.500
11888	8925.800
11880	8925.900
11944	8936.000
11912	8937.000
11964	8940.500
11936	8940.800
11868	8941.000
11756	8941.600
11888	8941.700
11948	8944.600
11772	8946.900
11876	8951.000
11920	8951.100
11824	8953.900
11908	8955.300
11852	8957.700
11928	8958.100
11796	8958.600
11884	8961.300
11888	8969.300
11764	8969.400
11904	8971.200
11832	8971.600
11836	8971.800
11896	8976.000
11952	8981.600
11840	8981.700
11864	8986.800
11780	8988.700
11944	8989.500
11800	8993.500
11892	8995.300
11812	9000.400
11772	9000.800
11900	9002.400
11764	9008.300
11804	9008.500
11940	9008.500
11924	9014.000
11964	9014.600
11956	9017.600
11756	9018.000
11952	9021.400
11936	9022.100
11944	9022.600
11836	9033.200
11916	9033.500
11824	9034.200
11876	9034.300
11868	9036.100
11880	9036.200
11888	9039.800
11828	9043.500
11904	9053.300
11756	9055.800
11952	9056.400
11892	9056.500
11820	9058.000
11916	9060.800
11932	9065.200
11960	9065.300
11792	9067.500
11896	9069.000
11800	9069.100
11796	9072.700
11956	9074.200
11764	9074.400
11892	9082.800
11944	9082.900
11964	9083.400
11852	9084.000
11804	9084.600
11920	9088.900
11888	9089.000
11784	9098.400
11876	9101.700
11796	9102.400
11912	9103.500
11832	9107.500
11948	9112.300
11920	9113.500
11872	9113.900
11868	9119.400
11888	9120.100
11800	9123.800
11932	9124.900
11952	9126.700
11956	9127.700
11904	9128.800
11812	9131.700
11860	9132.400
11828	9134.100
11936	9134.200
11876	9135.400
11756	9148.800
11800	9150.700
11852	9153.200
11960	9155.000
11840	9160.200
11908	9164.900
11884	9166.400
11896	9167.000
11920	9167.600
11936	9168.100
11764	9168.300
11768	9178.700
11880	9179.700
11804	9180.300
11952	9180.400
11944	9184.400
11808	9185.200
11888	9185.500
11932	9189.900
11836	9195.000
11916	9195.400
11872	9195.500
11792	9198.800
11876	9200.400
11856	9200.900
11848	9201.000
11956	9203.200
11952	9213.300
11884	9215.200
11820	9215.500
11768	9216.300
11920	9222.000
11804	9222.500
11872	9224.100
11880	9227.500
11784	9227.700
11912	9229.800
11948	9232.800
11964	9233.400
11808	9234.400
11952	9234.400
11836	9234.800
11888	9241.100
11892	9242.400
11780	9244.400
11944	9246.400
11796	9248.100
11936	9248.500
11868	9255.100
11920	9257.100
11952	9263.300
11904	9265.300
11876	9267.900
11916	9269.800
11836	9270.300
11932	9270.300
11756	9270.700
11792	9273.000
11896	9282.100
11812	9284.600
11920	9287.200
11800	9288.400
11808	9288.700
11828	9288.700
11912	9296.200
11952	9296.800
11772	9297.400
11892	9299.900
11948	9301.500
11960	9303.800
11884	9305.300
11904	9305.500
11936	9305.900
11888	9309.400
11964	9310.200
11956	9311.000
11876	9316.300
11944	9321.000
11940	9331.300
11916	9337.200
11964	9338.600
11888	9338.700
11812	9339.000
11856	9342.300
11816	9342.700
11852	9345.500
11764	9347.700
11756	9347.800
11808	9353.600
11864	9353.900
11848	9354.500
11880	9356.300
11792	9359.700
11888	9367.200
11904	9373.100
11876	9373.900
11892	9374.400
11756	9377.900
11952	9377.900
11796	9378.200
11944	9380.900
11868	9382.900
11956	9390.300
11920	9391.800
11932	9395.200
11800	9395.800
11888	9396.200
11936	9397.200
11856	9399.800
11952	9402.600
11880	9407.100
11768	9409.000
11964	9411.200
11756	9411.800
11792	9411.800
11788	9412.700
11764	9416.300
11916	9417.700
11852	9421.000
11804	9421.800
11924	9423.100
11896	9424.200
11864	9425.100
11956	9425.100
11808	9425.300
11932	9425.300
11780	9432.200
11880	9432.400
11876	9433.000
11840	9436.900
11944	9438.800
11816	9444.000
11948	9444.000
11792	9444.200
11884	9444.400
11796	9449.600
11920	9451.800
11872	9453.500
11876	9454.600
11912	9454.700
11828	9455.200
11956	9460.100
11904	9460.400
11768	9461.100
11932	9464.900
11936	9465.000
11832	9471.200
11952	9471.300
11836	9471.400
11888	9482.000
11764	9484.800
11908	9486.800
11944	9488.000
11852	9489.600
11876	9491.300
11936	9492.100
11948	9492.500
11884	9494.600
11776	9503.700
11932	9504.600
11792	9506.500
11796	9506.500
11812	9506.900
11872	9507.200
11940	9513.600
11828	9513.700
11892	9514.200
11796	9524.600
11956	9525.100
11904	9527.500
11756	9527.900
11884	9528.100
11912	9528.100
11840	9530.900
11888	9531.100
11952	9531.100
11892	9533.900
11804	9540.200
11920	9542.200
11868	9543.100
11932	9543.600
11944	9543.800
11960	9548.200
11896	9553.400
11872	9553.900
11920	9559.600
11912	9560.300
11952	9564.700
11768	9571.100
11836	9571.200
11764	9573.600
11944	9573.900
11964	9575.100
11940	9575.600
11956	9585.800
11936	9587.200
11804	9592.200
11760	9592.500
11920	9592.500
11796	9593.100
11868	9593.800
11876	9594.900
11756	9595.900
11788	9602.000
11912	9605.500
11824	9606.200
11952	9614.700
11880	9616.000
11884	9616.000
11892	9617.500
11888	9619.500
11920	9622.600
11796	9630.000
11904	9630.200
11864	9630.700
11800	9632.500
11792	9634.500
11956	9635.300
11900	9636.700
11804	9645.700
11944	9652.400
11956	9653.800
11888	9654.100
11856	9656.600
11792	9660.600
11932	9661.900
11872	9664.200
11828	9666.800
11952	9668.000
11836	9670.600
11904	9671.000
11812	9671.100
11772	9679.900
11900	9680.200
11796	9680.500
11916	9680.900
11964	9689.000
11956	9691.100
11932	9694.400
11884	9698.800
11952	9699.500
11928	9699.600
11764	9699.900
11892	9702.000
11788	9704.900
11876	9706.400
11888	9714.400
11936	9717.200
11868	9718.900
11948	9719.200
11840	9719.500
11912	9719.600
11832	9719.700
11864	9723.000
11892	9733.100
11852	9733.900
11876	9737.100
11896	9746.100
11956	9746.600
11904	9748.400
11828	9748.900
11952	9754.700
11912	9756.800
11824	9762.500
11756	9765.200
11880	9767.900
11888	9768.000
11784	9768.700
11948	9769.000
11764	9770.600
11860	9772.500
11944	9776.000
11852	9779.000
11772	9781.500
11796	9783.400
11884	9783.400
11800	9787.100
11932	9790.600
11888	9793.300
11828	9795.700
11896	9796.600
11944	9796.700
11808	9800.600
11832	9801.600
11756	9802.300
11864	9804.300
11912	9804.400
11848	9811.700
11888	9812.200
11904	9814.100
11868	9816.600
11824	9816.800
11956	9817.300
11952	9824.000
11920	9826.700
11876	9833.000
11884	9834.600
11872	9835.200
11892	9836.100
11912	9836.800
11864	9838.200
11888	9844.700
11956	9850.200
11880	9851.000
11852	9854.100
11792	9856.800
11800	9857.400
11888	9866.000
11804	9867.000
11904	9867.200
11932	9870.800
11884	9874.500
11964	9874.600
11832	9874.700
11936	9875.000
11756	9879.400
11944	9886.300
11952	9887.700
11868	9888.000
11828	9888.400
11912	9888.600
11824	9890.300
11948	9891.900
11936	9906.500
11768	9907.100
11888	9910.400
11964	9913.000
11852	9916.600
11952	9916.700
11848	9917.600
11808	9918.000
11956	9918.400
11944	9919.200
11772	9922.800
11868	9924.500
11920	9930.000
11824	9933.000
11796	9933.300
11876	9934.400
11872	9935.300
11940	9936.300
11776	9939.000
11860	9941.400
11932	9941.600
11820	9950.700
11864	9952.500
11928	9952.900
11824	9954.200
11832	9956.400
11964	9957.400
11880	9959.700
11888	9960.100
11764	9966.200
11892	9966.600
11768	9970.000
11952	9970.700
11896	9971.700
11936	9973.100
11888	9996.600
11960	9997.100
11920	10001.300
11800	10003.900
11804	10008.000
11896	10009.000
11796	10009.200
11856	10009.400
11932	10013.700
11824	10013.900
11892	10021.200
11828	10023.900
11952	10029.400
11768	10032.200
11912	10032.800
11956	10033.600
11756	10034.600
11944	10036.700
11920	10038.800
11836	10043.200
11888	10045.500
11868	10049.800
11960	10056.000
11892	10056.100
11804	10059.700
11796	10061.200
11936	10061.700
11764	10066.200
11884	10071.600
11840	10075.600
11904	10076.400
11932	10076.900
11832	10077.100
11888	10077.300
11796	10078.600
11828	10090.100
11800	10090.200
11868	10094.500
11856	10096.300
11908	10097.400
11940	10103.800
11776	10105.000
11936	10107.100
11812	10108.600
11852	10109.900
11964	10109.900
11952	10110.300
11800	10114.700
11956	10114.800
11756	10115.200
11904	10116.400
11876	10116.700
11864	10128.400
11824	10136.300
11888	10136.700
11920	10137.000
11840	10143.800
11764	10146.100
11784	10146.700
11944	10150.400
11916	10158.400
11936	10160.700
11876	10161.800
11796	10164.800
11932	10165.300
11832	10165.400
11756	10165.800
11872	10166.400
11956	10167.400
11776	10167.700
11920	10168.900
11868	10171.400
11800	10177.000
11952	10184.600
11908	10184.700
11884	10185.100
11912	10189.200
11876	10190.200
11904	10190.800
11836	10194.900
11944	10195.100
11892	10195.500
11916	10195.700
11888	10198.000
11864	10199.800
11964	10201.700
11936	10210.800
11852	10211.400
11800	10211.600
11840	10216.500
11948	10217.400
11952	10219.300
11896	10219.600
11884	10223.800
11772	10225.800
11904	10230.100
11932	10233.000
11876	10235.100
11828	10239.000
11872	10239.100
11912	10242.700
11840	10244.200
11884	10244.300
11904	10253.000
11756	10254.700
11792	10257.800
11824	10258.800
11868	10262.800
11820	10263.500
11948	10265.800
11772	10269.600
11896	10269.800
11920	10269.800
11796	10270.900
11808	10271.000
11876	10278.600
11940	10282.100
11860	10284.500
11796	10285.400
11828	10292.400
11756	10292.900
11904	10295.800
11936	10300.300
11868	10300.700
11800	10301.100
11884	10306.400
11876	10309.900
11812	10310.500
11888	10310.500
11780	10312.500
11952	10316.900
11824	10321.900
11760	10322.100
11880	10325.800
11876	10333.400
11964	10334.200
11892	10334.300
11944	10334.400
11948	10337.900
11832	10342.700
11888	10346.200
11796	10350.300
11840	10352.800
11956	10353.300
11884	10354.600
11892	10358.300
11828	10364.700
11952	10365.100
11756	10366.200
11904	10368.900
11960	10376.000
11768	10378.500
11784	10380.800
11892	10383.000
11840	10383.300
11956	10385.600
11804	10385.800
11932	10387.300
11920	10392.100
11868	10394.800
11952	10395.200
11780	10396.000
11808	10396.100
11824	10396.800
11872	10405.400
11892	10408.600
11812	10410.700
11880	10414.200
11920	10415.800
11956	10416.200
11856	10420.600
11936	10423.200
11932	10423.600
11764	10425.800
11768	10428.200
11800	10428.400
11828	10432.700
11876	10432.800
11944	10437.900
11916	10445.700
11964	10449.100
11840	10451.300
11888	10452.200
11880	10456.500
11764	10462.700
11848	10465.400
11856	10469.500
11872	10470.700
11952	10470.900
11904	10476.300
11892	10476.400
11756	10477.600
11868	10478.500
11956	10482.500
11876	10491.100
11792	10492.000
11932	10496.000
11768	10497.000
