# NEST version: 3.9.0-post0.dev0
# RecordingBackendASCII version: 2
sender	time_ms
1641	500.700
1829	503.200
1913	503.800
2285	504.700
265	504.900
1161	505.100
3665	505.300
557	508.800
2649	517.900
1817	518.900
1733	519.200
2341	520.700
605	522.600
3629	523.400
1877	523.800
1701	524.000
53	524.300
3861	525.300
3501	525.600
645	537.400
2277	537.700
769	537.800
3669	538.100
373	538.200
1793	538.800
1781	539.000
2017	539.000
1269	539.300
3721	539.500
3957	539.700
3121	540.400
3833	540.900
2041	541.000
2245	541.100
1373	542.500
33	556.400
2573	556.900
405	557.200
3909	557.200
121	557.600
2001	557.900
3625	558.000
181	558.700
1925	558.900
1629	559.300
2405	559.300
2781	559.300
2641	559.400
2225	559.700
3201	560.400
3165	575.400
1733	575.500
1489	575.800
3573	576.100
3821	576.400
237	577.600
2277	577.600
2057	579.600
657	580.400
1885	592.900
3077	595.200
1341	599.200
421	599.800
3669	601.400
2073	601.500
333	613.200
3225	613.700
1373	614.400
2589	617.300
3217	617.600
2741	621.300
865	622.700
929	624.500
2365	626.400
3345	628.000
3501	628.100
477	629.800
705	629.800
941	631.000
781	633.500
3369	636.500
3225	643.600
1817	647.900
53	648.400
3641	648.900
909	649.400
3841	649.800
2229	649.900
1957	650.500
3181	650.600
41	650.900
1837	651.200
1781	651.800
713	652.600
4033	652.600
1821	653.000
1701	655.900
137	669.500
1937	669.600
2781	669.600
1013	669.700
113	669.800
1881	669.900
3661	670.000
3573	670.300
245	670.500
2293	670.600
4069	671.600
3841	672.900
1153	673.400
2081	687.200
2453	687.400
3829	687.400
221	687.500
213	687.700
2017	688.400
4057	688.400
961	688.500
1817	688.500
109	688.700
2929	688.700
1029	688.800
2505	688.800
2741	688.900
3821	688.900
2293	689.100
2797	689.400
3001	691.000
2277	706.800
3513	706.800
2177	707.100
3509	707.100
3645	708.400
3237	710.300
1901	710.600
3449	713.100
545	723.000
3609	723.800
2573	723.900
2353	725.400
3341	725.500
121	725.600
213	725.600
2429	726.000
3153	726.000
801	726.300
513	726.700
141	740.800
369	741.200
3177	741.200
4069	741.300
2425	741.400
1217	741.500
1285	741.600
1805	741.600
3449	741.600
3501	741.800
2761	741.900
3561	742.000
2021	742.100
2773	742.100
3749	742.100
1365	742.300
1501	742.300
149	742.400
2705	742.400
3049	742.400
1149	742.500
3753	742.700
3689	742.800
4017	742.800
2797	743.400
4133	743.500
4085	760.700
2309	760.900
3261	760.900
3193	761.800
2817	762.000
1181	762.100
1321	762.100
3577	762.200
1885	762.500
1437	762.600
1477	762.600
3805	762.700
3741	763.000
213	763.100
2345	763.100
549	763.300
1813	763.400
401	763.600
2069	781.300
457	782.300
933	783.400
801	784.400
3909	787.500
3285	787.700
1413	797.200
1473	797.700
4093	809.400
4061	810.300
4057	810.500
2937	810.600
1625	810.800
2069	811.100
905	811.300
1237	811.400
3997	811.400
373	811.500
213	811.800
657	811.800
3821	812.100
1133	812.200
2193	812.700
3453	812.700
693	813.000
2425	814.400
1309	815.300
4125	829.600
1817	829.800
3501	829.800
2493	829.900
233	832.300
825	835.300
2353	835.900
1625	847.000
1781	847.000
4033	848.000
3785	848.100
1429	848.300
1161	848.400
1597	849.300
2273	849.800
1525	849.900
1181	850.100
2857	850.100
1129	850.400
3957	850.400
1237	852.100
1381	860.900
3669	862.800
1213	864.600
2521	865.400
1733	865.800
193	866.400
3501	866.500
2737	866.700
2537	867.000
2097	867.100
1729	867.500
1889	869.700
3469	877.600
213	880.800
4133	882.100
1833	883.600
3405	883.600
9	883.700
3181	883.900
2173	884.300
2773	884.300
3097	884.700
1421	885.100
797	886.000
2713	886.900
2837	909.100
3421	909.700
3465	910.000
2197	910.500
81	910.700
429	912.200
473	913.400
33	915.600
13	927.900
345	928.500
381	928.600
1333	929.200
1389	929.200
1929	930.300
2705	930.400
2529	930.700
3357	931.300
641	931.400
3053	931.500
2461	941.500
1429	943.900
3849	943.900
2453	944.200
3509	944.300
1789	944.400
3973	944.500
2505	944.800
3525	944.800
2277	946.100
1745	946.400
713	946.500
1377	947.200
2765	959.200
641	959.300
2757	959.400
1121	959.500
457	959.600
3685	959.600
3529	959.800
1213	959.900
685	960.100
813	960.100
3097	960.100
965	960.300
353	960.500
4085	960.800
2233	960.900
2545	976.800
2117	977.400
3057	978.000
1701	980.000
1241	980.900
385	987.500
3505	988.800
2261	989.100
2969	990.100
3501	990.400
3225	991.300
1929	991.900
2353	992.500
65	992.800
589	993.700
897	993.700
1125	994.000
3073	994.000
1629	994.400
225	995.300
3633	995.300
4037	1007.700
2781	1007.800
1209	1008.200
1933	1008.200
3857	1008.300
3433	1009.400
1773	1010.000
2277	1010.500
1057	1010.800
1257	1011.800
693	1012.100
2637	1022.700
2309	1024.800
4025	1025.300
33	1025.700
2709	1025.700
3665	1025.700
4081	1025.800
309	1026.500
2945	1027.500
3305	1027.500
3345	1027.500
2093	1027.700
3049	1027.700
933	1028.400
2117	1044.900
1669	1045.000
2681	1045.800
3805	1045.900
441	1046.600
2349	1048.700
885	1050.600
681	1051.800
417	1056.100
1169	1056.900
3113	1058.900
3673	1059.400
3341	1060.600
2457	1064.300
473	1064.500
3709	1065.700
3737	1067.400
713	1069.000
1809	1069.800
137	1080.900
1349	1080.900
121	1081.000
641	1081.600
1981	1084.000
1889	1092.200
3461	1094.000
1817	1094.900
3221	1095.700
3393	1097.000
2441	1099.100
281	1099.600
653	1102.200
1925	1110.100
1861	1110.900
2353	1111.100
2817	1111.300
1429	1111.400
4013	1111.400
369	1111.600
3437	1111.600
3277	1112.000
797	1112.200
1541	1112.500
25	1112.600
885	1113.400
733	1113.600
3761	1113.700
2149	1126.000
3205	1126.200
3501	1127.200
2741	1127.400
2665	1128.200
1485	1128.400
1617	1128.600
2085	1128.800
2681	1129.000
213	1143.300
3913	1144.100
2553	1144.400
233	1144.700
493	1145.100
2037	1145.200
477	1145.400
1637	1145.800
1953	1146.000
2417	1146.000
3153	1146.300
3261	1146.400
3741	1146.400
3061	1146.900
4045	1147.400
49	1161.400
457	1161.500
3165	1161.700
657	1162.000
4057	1162.000
4121	1163.000
297	1163.200
1677	1163.200
2917	1163.200
1965	1163.400
2705	1163.500
1817	1164.400
3181	1164.500
61	1165.100
2989	1165.200
3769	1174.900
401	1176.200
1733	1178.400
2681	1182.400
4093	1182.900
417	1187.900
653	1192.100
3817	1193.300
3193	1194.300
3221	1194.500
2773	1195.400
1093	1198.800
1133	1201.500
3345	1211.300
3745	1213.200
333	1213.900
3545	1214.200
3841	1214.500
1057	1214.700
2585	1214.800
3441	1215.200
1013	1215.700
1877	1216.100
593	1216.500
4077	1218.600
2765	1219.400
2589	1220.200
3277	1229.400
745	1240.300
1449	1247.100
1457	1247.800
1561	1247.800
2697	1248.400
2793	1248.400
1925	1248.900
2913	1248.900
281	1249.000
1033	1249.000
1373	1249.300
2333	1249.600
1921	1251.800
3501	1252.200
3513	1263.300
1725	1265.200
1933	1265.300
3953	1265.600
2145	1268.600
1373	1280.100
3449	1281.600
481	1281.900
2613	1282.100
3077	1282.600
1441	1283.500
2229	1283.500
3421	1283.700
2029	1284.200
2149	1284.200
2537	1284.600
3569	1284.700
3353	1285.100
3609	1286.600
1961	1286.700
1773	1287.600
3757	1288.600
3673	1298.400
693	1298.700
2661	1298.700
2081	1299.400
1889	1299.500
313	1299.900
1885	1300.000
1397	1300.100
1629	1300.100
3741	1300.100
2397	1300.500
2769	1300.600
1341	1301.500
3625	1316.600
3057	1318.100
2969	1321.300
3649	1321.800
665	1322.200
801	1324.300
345	1330.300
2365	1331.900
149	1333.300
3237	1333.500
1809	1336.600
1701	1340.000
3613	1346.500
1837	1347.700
2237	1352.400
537	1364.900
1557	1364.900
2053	1365.100
3165	1365.500
1261	1365.600
29	1365.700
273	1365.700
461	1365.900
3921	1366.300
3077	1366.400
2161	1366.500
1237	1366.700
453	1367.100
3369	1367.100
3585	1367.200
2745	1367.500
889	1367.600
3889	1368.100
1321	1368.700
597	1387.100
4105	1388.500
2517	1389.200
3109	1389.300
2989	1389.500
3741	1401.000
2537	1402.000
997	1402.500
517	1402.800
3817	1417.600
885	1418.100
465	1419.500
3253	1420.100
3865	1420.200
33	1420.300
1881	1420.300
1981	1420.600
1121	1420.800
3061	1420.900
3257	1421.000
1457	1421.200
1125	1422.200
1461	1423.300
1633	1424.300
369	1437.600
281	1441.300
2829	1441.700
3917	1442.600
821	1448.100
3745	1454.300
701	1454.800
3225	1454.800
2441	1455.200
3009	1455.400
617	1456.700
1501	1457.000
573	1458.600
65	1458.700
3081	1459.100
385	1466.600
2705	1469.200
765	1470.700
4013	1470.900
3641	1471.000
889	1471.200
1913	1472.000
1589	1472.100
1265	1473.300
13	1485.300
2265	1486.500
457	1486.900
2121	1487.000
213	1487.200
4117	1487.300
3449	1488.100
3337	1488.600
3501	1488.800
2985	1500.600
2953	1503.400
1369	1504.500
4085	1504.800
3889	1505.200
4101	1505.500
2993	1505.600
3833	1505.800
3557	1520.200
3113	1520.700
1997	1521.500
3049	1521.800
41	1522.400
1237	1522.400
2229	1523.000
2125	1523.600
313	1524.100
1929	1524.700
3501	1524.700
545	1539.200
405	1541.200
129	1541.800
1725	1542.300
1973	1543.100
3741	1544.300
4005	1544.400
193	1544.700
2701	1545.000
2909	1545.100
1465	1545.300
3737	1546.000
3949	1547.100
493	1558.700
3489	1559.000
2697	1560.000
1377	1560.200
3153	1560.300
1809	1560.700
2705	1560.700
505	1561.000
597	1561.000
1281	1561.000
209	1561.200
1093	1561.200
2693	1561.200
3809	1561.200
2769	1561.300
4013	1561.300
3369	1561.600
3785	1561.600
125	1561.700
1241	1561.700
2829	1561.800
1817	1562.000
3613	1562.000
2845	1562.300
3077	1562.300
1209	1562.400
2293	1562.400
1893	1562.500
3953	1562.700
2193	1577.900
1929	1580.200
3693	1580.600
233	1580.700
1733	1596.400
3969	1596.400
89	1596.500
2485	1597.400
3625	1597.400
1405	1597.600
493	1597.700
3609	1598.300
4057	1598.400
769	1598.700
3585	1612.000
801	1618.400
3121	1618.600
2829	1619.100
2125	1619.200
645	1620.000
3633	1620.100
181	1620.300
2625	1620.500
3285	1620.600
2525	1621.300
2493	1621.500
2405	1621.600
1441	1621.900
3769	1621.900
477	1622.000
1509	1622.100
345	1622.200
13	1622.300
3817	1622.900
457	1623.100
3741	1624.300
2765	1637.600
4077	1640.400
1153	1641.800
1637	1644.400
2353	1653.700
1133	1654.000
2653	1654.100
1629	1654.700
3585	1655.300
3821	1655.300
349	1655.800
281	1656.100
3433	1656.300
1517	1657.000
2145	1657.100
3837	1658.400
4057	1658.400
2277	1660.200
3237	1670.300
1589	1670.900
2745	1670.900
2041	1671.200
121	1671.800
3449	1671.800
2193	1672.200
2645	1672.200
653	1672.400
2717	1672.400
909	1672.600
3501	1672.600
53	1673.300
597	1689.500
3865	1689.800
373	1690.100
385	1690.400
1965	1690.600
73	1690.800
3165	1690.900
3437	1691.000
1141	1691.100
3505	1691.200
289	1691.300
2277	1691.300
545	1691.400
3109	1691.400
85	1691.500
3449	1691.500
213	1691.600
3473	1691.600
745	1691.800
3909	1691.800
2993	1691.900
3373	1692.000
1337	1692.300
277	1692.500
517	1692.500
1977	1693.100
1945	1709.300
377	1711.700
3225	1712.200
3693	1712.300
1721	1712.900
3353	1717.100
3665	1725.500
3289	1725.900
3745	1726.300
1565	1726.500
1393	1726.600
1637	1726.600
2309	1726.600
1229	1726.700
1369	1726.700
3601	1726.700
1325	1727.100
3069	1727.100
3741	1727.200
2289	1728.000
3673	1740.500
3221	1740.900
1757	1741.200
109	1741.600
1305	1741.600
2285	1744.600
3809	1761.300
1917	1765.200
1457	1769.700
2761	1773.400
3521	1773.600
3153	1773.700
2829	1773.900
1965	1774.700
2093	1774.800
3241	1775.100
3977	1775.100
385	1775.300
45	1776.100
949	1776.100
373	1776.400
565	1776.400
33	1776.500
4057	1776.600
1	1776.800
101	1776.800
3237	1776.800
3833	1776.900
2893	1777.100
3065	1777.200
2277	1792.800
3625	1793.100
2285	1798.100
2797	1805.900
449	1806.500
1645	1808.000
545	1808.100
477	1808.400
1733	1808.900
2713	1809.100
3745	1809.800
3369	1810.600
2653	1822.200
573	1824.200
3889	1824.900
1745	1825.700
361	1826.200
1581	1826.400
1297	1827.000
3225	1828.300
1781	1839.900
2945	1841.100
545	1843.300
3545	1846.000
3513	1857.400
2413	1858.100
1817	1858.600
3473	1858.600
1009	1859.200
2973	1860.500
4089	1861.400
693	1862.200
1973	1862.300
3561	1862.700
3469	1864.700
3865	1874.700
3697	1875.000
1429	1876.100
1261	1876.200
3237	1877.700
2417	1877.800
985	1878.200
905	1878.300
2585	1878.700
797	1878.900
3049	1879.400
3585	1879.400
349	1879.500
781	1879.600
1093	1879.700
2365	1880.500
3353	1880.900
1241	1896.600
473	1898.700
2989	1899.600
1817	1901.300
3449	1912.500
85	1915.900
2969	1922.800
2165	1923.700
597	1924.000
2645	1924.200
1097	1934.500
117	1934.600
3237	1935.900
3573	1939.900
3117	1944.800
1877	1949.500
3237	1949.800
2677	1952.900
2661	1953.000
477	1953.500
493	1953.500
1589	1953.900
3637	1953.900
3113	1955.200
2781	1965.100
1109	1969.800
3933	1971.200
2801	1973.300
373	1983.100
2745	1984.600
1125	1985.100
3233	1985.400
121	1986.600
3301	1986.700
1401	1987.900
2333	1987.900
545	1988.500
1481	1988.700
2409	1988.700
3473	1988.800
657	1999.900
1585	2001.700
137	2005.200
1149	2006.200
1109	2009.700
821	2018.500
3517	2018.700
597	2018.800
1925	2018.900
2353	2018.900
1209	2019.100
1889	2019.100
2573	2019.200
1425	2019.600
1821	2019.800
1985	2019.800
3945	2019.800
213	2019.900
369	2019.900
353	2021.400
425	2034.800
1477	2035.700
2893	2037.600
653	2037.700
2445	2037.900
3597	2038.000
1217	2038.700
657	2039.600
929	2039.700
1457	2039.700
2681	2040.100
3741	2040.800
3805	2040.800
2265	2041.500
965	2041.700
2645	2041.900
3241	2042.300
3501	2054.800
369	2055.000
1657	2056.800
2649	2057.600
1453	2057.800
4117	2059.100
3861	2059.200
2545	2065.700
3109	2070.500
1629	2071.500
2845	2072.700
857	2075.900
1349	2076.000
2837	2077.600
1441	2078.800
1701	2078.900
1961	2080.700
4013	2089.700
3165	2091.200
2833	2091.500
1125	2091.700
3377	2094.300
4057	2098.000
521	2104.900
985	2105.200
3193	2105.200
3521	2105.500
3713	2106.000
2769	2106.400
3613	2106.400
1341	2106.600
1041	2106.800
3569	2106.800
2773	2107.300
3369	2121.300
2653	2121.400
2069	2121.500
1545	2121.600
2777	2122.600
3433	2122.600
477	2122.700
1829	2122.800
2349	2122.800
2753	2123.100
2413	2123.200
3353	2123.400
2229	2124.000
3741	2124.200
885	2124.500
3585	2124.700
933	2126.100
2717	2138.300
1041	2138.400
1909	2138.500
2681	2138.700
2561	2139.300
2541	2139.500
2817	2139.800
2017	2140.000
3665	2140.300
2185	2140.500
3669	2142.400
277	2145.800
61	2149.700
657	2149.800
1965	2150.800
2441	2152.100
2277	2153.400
985	2153.700
2937	2155.900
3213	2156.000
2637	2157.200
2169	2157.900
649	2167.500
2545	2169.100
5	2169.700
1137	2170.000
3837	2170.100
2437	2170.200
3393	2170.200
1901	2170.500
3909	2170.500
481	2170.700
3389	2170.700
457	2170.900
2125	2170.900
3237	2170.900
1	2171.000
45	2171.100
1173	2171.800
813	2172.400
121	2174.400
1153	2180.300
453	2187.300
1677	2189.200
2521	2189.700
3517	2190.500
2093	2190.600
3977	2192.600
1841	2194.000
1485	2194.400
1701	2204.300
3005	2206.800
117	2207.100
1889	2208.100
1981	2208.800
1233	2208.900
1477	2209.400
801	2209.500
1929	2209.800
3741	2210.200
641	2210.900
3289	2212.000
3501	2213.000
401	2213.400
1733	2213.900
1065	2216.100
1237	2223.900
657	2224.700
1837	2225.300
517	2226.100
3885	2226.700
1797	2226.800
465	2227.500
2529	2228.300
1945	2229.600
3529	2241.100
2229	2241.900
4081	2242.100
925	2242.300
645	2242.400
1045	2242.500
2161	2243.600
609	2243.900
3825	2244.100
3817	2244.500
121	2245.200
1241	2256.100
3577	2258.500
53	2266.200
617	2266.800
353	2268.200
3521	2268.900
2665	2269.800
625	2270.000
457	2281.800
2785	2282.700
3077	2283.800
2173	2283.900
1417	2284.300
3153	2284.400
3913	2284.400
1177	2284.600
2741	2284.600
1817	2284.900
3649	2284.900
4017	2285.000
1809	2285.100
209	2285.300
1081	2285.300
1885	2285.300
1997	2285.300
2461	2285.300
1625	2285.400
2141	2285.400
1113	2285.500
1585	2285.500
2205	2285.600
981	2285.800
2553	2285.800
1477	2286.100
1677	2286.200
3409	2286.200
425	2286.400
465	2286.400
821	2286.500
1021	2286.600
2229	2286.700
1621	2287.000
597	2287.600
3601	2305.200
2697	2312.100
613	2315.300
77	2318.600
905	2318.700
2269	2318.900
3165	2319.900
3457	2320.100
3721	2320.500
3469	2320.700
3277	2321.900
565	2322.000
4013	2322.800
1649	2337.700
3221	2337.700
1501	2338.000
2353	2338.000
2693	2338.100
481	2338.200
2945	2338.200
1901	2338.500
2621	2338.500
1365	2338.700
2773	2338.800
3849	2339.000
1809	2339.200
1929	2339.700
3325	2339.700
2709	2340.100
2985	2340.300
3741	2340.300
3461	2340.600
233	2342.100
2665	2342.300
2637	2354.100
925	2355.600
2345	2355.600
961	2356.400
3345	2356.800
1457	2370.000
3761	2370.100
1705	2370.500
49	2370.700
2869	2370.700
1293	2370.800
969	2371.400
3097	2371.400
3897	2371.400
3321	2371.500
1449	2371.600
1609	2371.600
1865	2371.600
4045	2371.600
4097	2371.700
369	2371.900
3425	2371.900
493	2372.000
2613	2372.100
2277	2372.400
3217	2372.400
3265	2372.400
5	2372.500
1137	2372.500
2741	2372.500
1045	2372.600
1441	2372.700
3529	2372.800
1301	2372.900
1821	2389.800
1961	2390.200
3573	2391.200
1977	2391.300
1621	2391.400
1493	2392.000
1629	2392.500
3257	2392.500
781	2392.600
3225	2392.600
1241	2393.000
3885	2393.100
497	2394.200
2561	2405.600
3809	2405.800
473	2406.400
477	2406.600
3613	2406.600
281	2408.200
3425	2408.700
4013	2412.000
2145	2413.700
3369	2413.700
1465	2413.800
3277	2423.100
1773	2424.700
865	2425.000
2661	2426.400
217	2426.700
625	2426.700
2829	2427.300
2969	2451.300
1629	2451.700
1181	2459.700
2413	2460.700
1113	2461.600
3077	2475.800
21	2476.700
3761	2477.200
3741	2477.900
3645	2480.900
2201	2487.600
3257	2488.300
1189	2489.600
3717	2490.400
1449	2492.900
1489	2493.400
1037	2494.000
2893	2496.000
2261	2497.800
1029	2504.100
885	2508.100
2745	2510.400
3341	2511.500
3345	2511.600
477	2511.700
3349	2517.300
4089	2519.900
2361	2520.200
3705	2522.500
2653	2523.100
2205	2524.500
1345	2524.700
3665	2525.000
2773	2525.200
3981	2525.300
3153	2525.400
2241	2525.700
2461	2525.700
2345	2525.900
2937	2525.900
4105	2525.900
3577	2526.100
3785	2526.100
2217	2526.200
273	2526.300
3737	2526.300
1853	2526.400
1629	2526.500
3501	2526.600
113	2527.500
137	2528.200
2729	2528.700
465	2542.800
1637	2543.300
1321	2547.900
1889	2548.000
3757	2549.200
381	2550.200
481	2560.900
2897	2561.600
2333	2561.700
849	2562.500
261	2563.100
3205	2563.200
597	2566.000
3585	2575.800
1457	2576.300
1901	2577.500
941	2577.700
1317	2577.900
45	2578.300
2645	2578.600
181	2578.700
341	2578.700
445	2578.700
1137	2578.800
517	2579.000
3073	2579.000
3817	2590.600
3049	2591.200
1925	2593.100
2025	2594.400
1361	2597.400
937	2599.300
1777	2599.300
2125	2601.500
997	2601.700
2153	2602.400
2501	2603.200
421	2609.000
3933	2613.100
2801	2613.900
645	2614.000
3969	2615.200
3917	2615.300
3097	2616.600
385	2616.800
1353	2617.000
1337	2617.100
2225	2617.700
1637	2618.000
3501	2618.500
3809	2618.600
1109	2620.100
3729	2625.500
2365	2629.100
3553	2630.800
1173	2631.200
1389	2631.200
2745	2631.700
805	2631.900
233	2632.600
1597	2633.000
873	2633.800
2937	2633.900
457	2634.000
781	2644.200
2145	2645.100
3669	2646.000
121	2647.100
617	2647.100
333	2647.700
837	2647.800
2757	2647.900
1817	2648.300
2433	2648.400
301	2648.800
3761	2648.900
1317	2649.100
3501	2650.000
2629	2664.300
2985	2665.100
4033	2665.900
565	2666.000
1009	2667.400
1793	2668.000
273	2668.700
49	2683.600
281	2687.700
545	2688.000
1321	2688.400
2261	2688.500
1565	2688.800
2949	2689.000
221	2689.100
245	2689.100
3965	2689.100
373	2689.600
3193	2689.600
653	2691.600
1965	2692.200
1745	2692.700
2085	2704.700
213	2706.700
3149	2707.100
2797	2707.400
1021	2708.000
1929	2708.000
921	2708.100
1161	2708.300
2045	2708.600
2265	2709.200
3897	2709.200
493	2722.100
3733	2725.100
1957	2725.200
701	2725.700
3977	2725.900
3665	2726.000
657	2726.700
3093	2727.200
2985	2727.600
3281	2729.000
2437	2730.100
645	2732.500
1429	2741.300
2545	2741.600
3933	2742.700
373	2744.400
3341	2745.200
2121	2746.700
1621	2754.400
1157	2755.500
401	2755.600
1569	2755.900
2113	2756.100
3501	2756.100
929	2756.400
3537	2756.500
3437	2756.700
317	2756.800
289	2757.600
1189	2758.100
2365	2759.100
1973	2759.600
2517	2760.000
3257	2772.400
2497	2773.000
2669	2774.200
3077	2774.300
1229	2774.400
1353	2774.800
3121	2779.500
653	2790.200
3513	2790.500
797	2791.400
1825	2794.800
137	2799.000
893	2800.700
1249	2801.500
1153	2804.400
3501	2807.100
1953	2807.900
3181	2808.100
3209	2808.100
805	2808.600
2093	2808.800
213	2809.100
2977	2809.100
3661	2809.100
29	2809.400
2457	2809.400
3749	2809.400
3485	2809.700
2229	2809.900
4057	2810.300
13	2810.600
2753	2810.700
3301	2812.800
2537	2823.300
3305	2823.700
1913	2824.200
3933	2825.200
1457	2825.300
2801	2826.400
3225	2826.600
461	2838.600
641	2840.500
653	2841.700
4005	2841.800
3733	2842.300
873	2842.400
3353	2843.000
3265	2843.100
1637	2843.200
3081	2844.300
2773	2844.400
3889	2845.000
1265	2858.600
1597	2858.800
3521	2859.000
1577	2859.400
2353	2859.500
473	2859.600
2417	2859.600
933	2860.100
137	2860.200
1409	2860.200
2697	2860.200
2973	2860.300
481	2860.400
1337	2861.100
3665	2861.100
3369	2861.200
1881	2861.300
1757	2861.500
1633	2862.200
2653	2862.500
1441	2862.700
1745	2862.800
3453	2877.100
1457	2877.900
13	2878.200
2277	2878.500
2325	2878.700
2081	2879.000
2713	2879.000
3585	2881.500
1545	2882.400
1265	2892.400
3425	2892.900
1817	2893.200
1233	2893.500
1833	2894.000
2077	2894.200
2705	2894.500
2637	2894.900
3049	2894.900
1069	2895.100
3253	2895.100
493	2895.300
2993	2895.700
797	2910.700
1229	2910.900
457	2911.500
4013	2911.900
465	2912.800
2653	2913.000
193	2913.100
345	2913.300
2137	2913.400
53	2913.500
421	2913.700
4017	2914.700
2029	2922.900
2481	2926.500
1429	2927.300
2365	2930.500
3669	2931.000
3889	2932.900
2325	2933.800
3257	2933.800
2413	2940.500
1589	2943.200
3237	2944.000
889	2957.900
1889	2958.900
29	2959.100
2845	2963.100
1233	2969.500
2233	2973.700
1525	2974.300
2325	2977.900
4069	2978.500
1845	2989.000
133	2989.600
3237	2990.100
237	2992.300
1453	2992.400
3393	2992.700
2853	2994.400
2653	3006.700
4057	3006.700
177	3007.200
1885	3007.700
121	3007.800
2993	3008.400
1781	3008.500
2085	3008.600
3729	3008.600
193	3008.900
2705	3009.000
3517	3009.700
3481	3010.000
265	3010.500
3501	3010.900
233	3011.900
1449	3021.700
201	3023.500
273	3023.700
3737	3023.900
3041	3024.000
453	3024.100
1077	3024.200
3153	3024.400
461	3024.800
477	3024.800
653	3025.000
3353	3025.800
2453	3026.100
3321	3026.100
3485	3026.300
1597	3027.600
889	3039.300
3745	3041.100
597	3041.600
49	3042.800
2873	3043.900
545	3048.700
2649	3051.600
1809	3052.200
649	3056.900
4033	3058.300
613	3061.600
3505	3064.400
3757	3065.800
3637	3066.900
829	3070.600
1809	3071.300
1209	3072.000
2993	3072.000
1921	3073.100
1973	3076.100
929	3076.400
245	3077.300
1897	3082.200
3801	3084.000
3817	3084.800
449	3090.800
1553	3094.600
121	3095.300
2765	3095.900
1781	3096.700
3165	3097.200
2933	3098.300
4089	3098.400
1481	3099.100
3437	3101.300
1213	3102.400
1449	3107.500
545	3110.100
745	3112.500
4045	3113.300
1701	3115.700
2277	3116.500
2713	3116.700
3645	3117.500
2837	3119.000
1289	3119.700
3805	3124.100
2693	3134.800
701	3135.100
2705	3135.400
2713	3136.400
281	3136.600
1081	3136.900
2661	3137.400
717	3137.500
49	3137.700
493	3137.700
361	3138.900
1813	3139.300
3917	3140.300
893	3154.900
1781	3156.800
3237	3157.300
2769	3158.900
369	3159.300
1629	3163.300
3193	3164.400
2081	3166.400
1157	3173.500
3977	3174.400
77	3174.800
2333	3181.700
1625	3181.800
2097	3182.700
2929	3183.600
2153	3185.500
1173	3188.700
3741	3198.300
2641	3200.400
2241	3201.900
805	3202.500
2829	3202.500
3153	3202.700
2589	3212.100
1817	3212.300
1133	3216.700
121	3216.800
2277	3217.000
1589	3218.300
1237	3219.100
1837	3219.800
2065	3230.200
1845	3230.400
2349	3231.100
1045	3232.000
609	3232.500
3073	3232.800
2833	3234.800
2849	3239.300
2653	3240.300
3213	3241.300
3121	3245.400
3257	3247.200
1373	3247.800
1541	3247.800
3161	3249.500
2685	3252.000
3297	3252.400
413	3253.600
737	3255.600
1237	3261.500
3085	3263.200
4037	3263.400
457	3263.700
3629	3264.000
1877	3264.500
2521	3264.500
237	3264.600
1321	3264.900
2577	3266.100
361	3266.300
701	3278.100
1637	3280.800
2517	3280.900
313	3282.100
477	3282.400
3601	3282.400
1221	3282.500
3349	3282.600
2321	3282.800
1489	3282.900
521	3283.300
2805	3283.400
489	3283.700
2553	3284.100
2241	3284.600
213	3285.000
2989	3285.200
1709	3285.500
3333	3286.400
3741	3292.800
3213	3297.300
2849	3306.000
2549	3311.000
1733	3312.900
3449	3313.000
49	3313.700
3949	3313.900
2161	3314.600
2321	3321.000
3605	3326.800
2261	3334.500
2397	3336.200
3077	3336.300
3817	3336.700
125	3337.100
1241	3339.600
1825	3344.800
3257	3353.900
2381	3356.300
3677	3357.100
1773	3357.500
2457	3357.800
3405	3358.600
93	3367.100
3449	3369.200
2681	3370.900
25	3376.800
597	3376.900
85	3378.700
2353	3378.700
1021	3378.800
1745	3381.700
1421	3382.800
2505	3388.300
453	3391.600
1977	3392.600
3949	3393.100
1657	3393.200
3801	3393.700
593	3394.300
2585	3394.700
165	3394.800
2061	3395.100
1185	3396.300
2969	3410.500
385	3410.900
649	3410.900
1813	3410.900
3221	3411.000
3837	3411.000
2157	3411.100
1401	3411.200
2993	3411.300
1125	3411.500
1341	3411.600
1101	3411.800
573	3411.900
1181	3411.900
205	3412.200
3393	3412.200
4125	3412.300
1013	3412.400
2457	3412.400
2429	3412.500
2789	3412.500
2649	3412.600
3109	3412.800
885	3412.900
49	3413.500
3761	3414.000
3461	3414.100
193	3414.300
3501	3429.700
3041	3431.400
1981	3434.200
2945	3435.100
1573	3436.000
3233	3436.000
2949	3436.500
1957	3437.400
3685	3438.300
4057	3438.300
1417	3438.800
625	3451.300
3785	3453.100
1817	3453.300
29	3453.400
17	3454.000
4069	3454.200
3433	3455.700
3153	3473.600
2093	3473.800
3761	3473.900
1133	3474.600
2573	3474.600
4045	3474.700
597	3475.000
3405	3475.100
841	3475.400
2837	3475.500
2781	3475.600
3909	3475.600
1249	3475.700
1393	3475.900
3161	3475.900
349	3476.300
653	3476.800
1241	3477.600
213	3492.100
1825	3494.500
1625	3494.700
3097	3494.800
1269	3495.000
3469	3495.000
909	3495.400
277	3498.000
1137	3499.400
2645	3503.400
3077	3504.200
2225	3504.500
2229	3522.900
3501	3523.500
201	3524.000
2985	3524.600
3841	3524.700
1093	3532.600
329	3536.400
3453	3537.400
97	3538.000
1929	3538.200
3405	3538.800
1457	3539.800
1293	3540.200
1881	3540.300
1233	3540.500
3345	3540.600
1781	3543.200
137	3555.100
2893	3556.100
2577	3556.200
3893	3556.500
1429	3556.900
2113	3556.900
1981	3566.300
1545	3566.600
3869	3570.300
2573	3572.700
3817	3573.200
1781	3579.800
2845	3580.300
3913	3581.300
3601	3581.900
965	3582.900
4033	3583.900
537	3588.900
4121	3589.600
385	3596.200
2993	3596.400
3109	3597.400
3381	3597.700
1757	3598.000
941	3599.400
9	3599.600
657	3606.300
3449	3609.100
3297	3612.800
437	3613.200
2705	3613.600
3629	3614.300
2645	3614.500
193	3615.700
3717	3616.700
117	3622.300
3257	3623.400
2945	3629.200
821	3630.500
4057	3630.900
3817	3631.000
2081	3631.300
3841	3631.600
3689	3632.000
3201	3632.300
233	3632.400
221	3632.700
537	3633.200
4037	3635.000
2653	3646.900
597	3647.500
273	3650.800
1981	3655.100
2573	3659.000
793	3659.200
3053	3661.300
1589	3662.400
641	3662.500
3797	3664.000
1625	3666.000
281	3667.200
1429	3671.900
1369	3672.900
829	3682.900
1317	3683.200
1409	3684.200
1725	3684.300
3221	3684.900
3225	3685.400
3949	3685.900
2421	3686.300
2729	3687.000
3777	3687.300
597	3688.400
3841	3691.700
1837	3700.700
1781	3701.200
2781	3701.200
3797	3703.000
1313	3703.400
333	3703.500
2869	3703.600
2217	3703.800
3237	3704.700
3745	3705.300
2037	3705.400
2085	3707.700
829	3707.900
1897	3719.700
1813	3720.500
605	3720.800
369	3721.000
93	3721.300
373	3722.400
841	3722.500
3449	3723.100
3693	3724.500
1249	3734.700
2573	3736.900
2073	3737.800
2665	3737.900
3737	3738.600
2025	3739.800
4133	3740.600
2141	3741.000
2513	3747.400
941	3753.300
2545	3754.400
2937	3754.500
645	3756.400
65	3759.700
3209	3759.900
1241	3760.700
849	3761.200
2693	3762.200
113	3763.500
1781	3774.900
121	3775.500
3081	3776.100
2145	3777.200
41	3777.800
1757	3791.300
2773	3791.600
2741	3791.700
3957	3791.700
3741	3791.900
3433	3792.100
3501	3792.200
529	3792.300
3949	3792.400
2109	3793.200
4125	3793.200
3237	3793.800
2909	3794.300
1817	3794.400
1097	3794.500
2257	3794.500
1341	3809.000
4005	3811.100
869	3811.300
3721	3812.100
997	3812.500
3153	3814.100
21	3814.700
1013	3816.700
4037	3817.300
361	3817.700
3345	3823.700
1369	3827.600
2969	3827.700
1489	3828.900
2417	3829.600
493	3830.000
3161	3830.000
2773	3830.600
4057	3830.700
1265	3830.900
2029	3831.300
1005	3832.900
1817	3833.100
3257	3834.300
2305	3847.100
1453	3847.700
2325	3848.700
53	3848.800
3845	3849.700
829	3850.400
657	3851.100
1789	3852.200
1893	3852.200
3817	3852.300
5	3852.800
909	3853.000
3449	3854.100
1729	3855.300
1753	3860.700
2161	3863.700
2689	3867.800
1333	3873.500
1261	3874.100
2029	3874.600
2937	3886.300
3297	3887.400
2949	3887.500
4133	3887.500
2473	3887.700
137	3887.800
2333	3888.100
1961	3888.200
2097	3888.200
2741	3888.200
2453	3888.400
1017	3888.600
25	3888.800
1465	3888.800
3713	3889.800
4049	3904.200
3449	3904.500
1909	3904.600
1321	3904.700
1365	3904.900
1681	3904.900
2401	3904.900
2141	3905.000
3153	3905.100
1845	3905.200
457	3905.300
2553	3905.300
2537	3905.500
1441	3905.600
3033	3905.600
3121	3905.700
873	3905.800
1837	3905.800
2097	3905.800
3073	3905.900
221	3906.000
993	3906.100
961	3906.200
1041	3906.200
3277	3906.200
2777	3906.300
1825	3906.400
1181	3906.500
3353	3906.500
3669	3906.600
3501	3906.700
3505	3906.700
3585	3906.900
385	3907.000
3705	3907.000
653	3907.100
545	3907.300
1013	3907.400
2661	3907.400
1449	3907.500
2193	3907.500
3369	3907.600
793	3908.300
1501	3924.900
289	3926.100
2765	3926.100
1793	3926.700
4005	3926.900
3953	3927.100
729	3927.400
33	3927.900
3565	3928.100
121	3928.200
3393	3928.500
3721	3929.000
3097	3942.700
9	3944.800
233	3945.300
2637	3945.400
3241	3945.700
2325	3945.900
185	3946.300
2749	3946.600
1889	3947.300
1641	3947.700
2837	3948.600
657	3959.000
2717	3961.300
1025	3963.400
2217	3979.400
3545	3980.400
2621	3980.700
2653	3980.900
777	3981.100
2053	3981.300
657	3981.600
2189	3981.700
2473	3981.900
713	3982.000
665	3982.500
1473	3982.600
1577	3983.000
1341	3983.200
3741	3983.300
1657	3999.100
1133	3999.300
177	3999.600
1045	4000.000
633	4000.100
21	4002.800
2449	4002.800
1501	4018.200
2293	4018.400
185	4019.000
1217	4020.000
2297	4020.300
1717	4021.100
65	4021.200
3913	4021.400
2225	4021.500
1429	4021.700
3933	4022.000
181	4022.200
2157	4022.300
2517	4022.300
2141	4022.500
3985	4022.600
1213	4022.700
53	4023.000
2217	4023.000
3805	4023.100
2345	4023.200
3637	4023.200
2309	4023.600
1629	4024.000
1889	4024.200
1817	4036.500
1009	4037.000
233	4037.800
3945	4038.200
3721	4040.800
3669	4057.800
2713	4058.500
885	4058.800
3181	4059.700
3377	4059.900
1661	4060.300
2741	4060.600
3505	4061.700
3517	4062.200
3977	4062.900
1781	4063.800
345	4074.800
1929	4075.900
1817	4076.100
221	4076.200
1885	4076.400
3909	4076.400
3341	4076.500
3573	4076.500
3225	4076.700
457	4076.900
1233	4077.000
297	4077.100
2289	4077.200
13	4077.300
45	4078.500
1745	4078.700
2277	4082.600
2261	4091.400
1793	4092.600
3369	4092.600
1441	4093.400
233	4093.600
381	4093.800
1129	4094.100
3253	4094.500
1213	4106.100
1881	4107.200
4081	4107.200
2233	4108.400
433	4108.600
2229	4108.800
1077	4112.600
2625	4122.600
3745	4123.600
641	4125.200
753	4125.200
2969	4126.000
1973	4126.500
1621	4126.600
473	4127.800
3153	4128.000
93	4128.300
3769	4128.600
193	4129.500
3461	4129.500
2797	4130.600
4073	4143.200
301	4144.700
3257	4145.300
29	4145.400
4057	4146.400
4085	4146.400
313	4146.600
3077	4151.800
2773	4160.700
3237	4161.500
1429	4162.000
3789	4164.300
597	4165.500
2169	4171.700
3337	4172.300
2265	4172.700
457	4176.800
4137	4179.900
3889	4181.700
1505	4181.800
77	4183.200
145	4183.600
641	4184.300
481	4184.800
2729	4185.700
3837	4191.500
3161	4193.200
3573	4199.400
2617	4202.200
829	4204.100
2009	4205.500
3489	4205.600
657	4212.900
5	4217.100
3761	4218.100
1101	4219.300
3693	4221.200
3501	4221.300
1429	4221.700
2801	4221.700
1513	4223.300
2829	4223.300
1393	4223.700
2281	4224.300
3473	4224.400
3257	4225.200
617	4235.000
1737	4236.800
497	4236.900
1021	4236.900
2773	4237.200
3717	4237.400
1821	4237.500
2541	4238.600
1825	4250.600
4081	4251.100
265	4251.600
3501	4251.800
225	4254.800
309	4254.800
2869	4254.900
1817	4255.400
2229	4256.100
865	4257.600
2153	4257.600
49	4269.900
1473	4270.000
1913	4270.600
385	4271.400
2089	4273.200
2141	4274.300
1981	4274.500
3221	4274.600
1649	4275.000
3449	4276.300
3393	4289.000
3237	4289.100
889	4289.400
1813	4289.500
2757	4289.500
1321	4289.700
3057	4289.900
141	4290.200
3329	4290.600
2093	4290.900
1441	4291.100
2577	4291.800
1337	4292.100
1581	4292.200
2485	4293.100
2353	4293.700
25	4304.100
909	4305.400
657	4305.500
93	4306.400
3501	4306.400
121	4306.500
1881	4306.800
2229	4306.800
477	4306.900
641	4307.100
225	4307.500
2717	4307.500
4081	4307.700
1449	4307.800
2061	4307.800
985	4307.900
2693	4307.900
1317	4309.600
2637	4309.600
2917	4309.800
3125	4310.100
3233	4323.200
1781	4323.700
229	4324.100
705	4324.200
989	4324.500
3389	4324.600
3261	4334.900
1389	4336.100
333	4340.100
4125	4340.800
3741	4340.900
3721	4341.000
233	4341.100
1249	4341.900
1785	4342.000
1701	4342.800
2085	4343.300
885	4344.100
753	4345.300
1905	4353.700
277	4354.400
2773	4355.300
1745	4355.700
2389	4356.400
2713	4356.400
2029	4356.800
2993	4356.800
1097	4357.300
2077	4357.300
2473	4357.300
4049	4357.400
2913	4357.700
3353	4358.200
1877	4358.300
2413	4358.300
653	4358.400
1993	4358.400
2345	4358.400
3109	4358.400
3513	4358.500
657	4358.600
29	4358.700
2661	4358.800
2097	4359.800
1141	4374.900
2985	4377.100
3741	4377.300
3625	4377.600
213	4380.500
185	4381.000
3885	4383.300
3237	4384.200
4017	4384.300
3345	4384.400
477	4398.900
3573	4399.600
2461	4400.600
1781	4400.900
3321	4401.000
933	4401.300
1025	4402.300
1809	4402.300
2841	4402.800
1929	4402.900
2277	4403.000
1185	4403.300
2345	4403.300
3449	4405.000
2989	4416.600
1901	4416.800
3237	4416.800
3129	4417.300
2241	4418.500
597	4419.400
3721	4419.500
3649	4419.600
3665	4419.600
993	4421.500
3165	4434.400
1057	4435.300
1605	4435.900
3669	4436.300
333	4438.300
1629	4438.700
413	4442.800
4065	4446.200
3377	4449.400
1197	4461.500
1241	4464.400
1793	4465.300
21	4467.300
3721	4474.300
3837	4474.400
3097	4474.700
13	4474.800
1925	4474.900
1265	4475.100
457	4475.200
1785	4475.300
185	4475.800
2341	4476.000
3405	4476.100
1221	4476.200
3977	4478.900
49	4491.300
605	4492.500
2637	4492.700
2025	4492.900
2653	4493.000
1461	4493.300
2453	4494.200
1229	4506.000
1929	4506.400
2333	4508.800
317	4509.500
3509	4509.700
2973	4509.900
813	4510.600
881	4510.600
1585	4511.800
3265	4511.900
2933	4512.300
29	4512.500
2497	4512.500
1849	4512.900
2953	4512.900
3049	4513.100
1357	4525.300
609	4525.400
121	4525.500
2329	4525.800
2993	4525.800
93	4526.700
4133	4526.800
3561	4526.900
2713	4527.000
3109	4527.100
2281	4527.200
1	4527.300
3641	4527.300
829	4527.400
1125	4527.600
2777	4527.600
2233	4527.900
1397	4528.200
1477	4528.400
1665	4528.800
2293	4528.800
2353	4529.200
281	4547.400
3665	4547.400
417	4548.200
621	4548.600
3205	4548.900
1089	4549.000
3625	4549.300
2089	4549.400
345	4549.900
1109	4550.100
3741	4550.300
821	4550.400
2001	4550.700
2281	4551.300
2617	4551.400
2145	4568.400
1701	4568.700
33	4568.800
3569	4569.000
993	4569.800
781	4570.000
1765	4570.000
3805	4570.200
1733	4570.900
2037	4571.100
1217	4571.400
93	4572.000
2917	4572.100
1757	4572.500
3721	4572.900
641	4573.000
3705	4586.700
477	4586.800
1569	4586.800
85	4587.300
2085	4587.300
3209	4587.600
3085	4587.700
3957	4588.300
4033	4589.200
2613	4592.900
2657	4594.800
633	4601.600
25	4602.300
4125	4602.600
3097	4602.800
4005	4603.100
801	4603.300
337	4603.400
1629	4603.700
897	4604.000
1189	4604.100
2513	4604.100
3741	4604.100
3877	4604.200
481	4604.300
2481	4604.700
3637	4605.400
3181	4605.600
1817	4606.100
1757	4606.500
913	4620.400
4133	4628.600
2405	4634.700
2229	4635.900
1137	4636.200
2529	4636.800
3537	4636.900
2041	4637.300
661	4637.700
2909	4637.800
1325	4638.100
3265	4638.200
1885	4638.700
3349	4641.000
2653	4649.800
3237	4652.000
2341	4653.200
2649	4653.300
1217	4653.400
3521	4653.500
653	4653.700
1629	4653.900
1049	4654.000
2157	4654.000
889	4654.100
1561	4654.100
369	4654.200
2501	4655.400
3873	4670.300
4057	4670.900
1633	4671.100
1973	4671.600
1109	4672.200
3193	4686.500
3613	4686.600
4081	4686.900
1057	4687.400
1429	4687.400
1925	4687.800
429	4688.500
829	4689.000
1709	4689.100
3313	4690.000
1961	4690.500
4085	4704.400
2785	4704.700
1705	4704.800
1393	4705.500
2585	4705.600
653	4706.100
121	4706.300
2793	4706.300
1737	4706.500
3437	4706.500
909	4706.700
1633	4706.800
3253	4707.400
701	4708.500
3621	4709.200
4101	4709.200
77	4710.000
1173	4719.700
513	4721.500
3241	4722.100
1501	4723.100
3289	4724.600
385	4725.000
1125	4725.400
425	4725.600
1405	4725.700
3225	4725.700
2945	4725.800
2121	4727.200
649	4738.000
2441	4739.000
3677	4739.300
97	4739.400
1369	4739.800
29	4740.200
2461	4742.200
2733	4744.400
1133	4749.900
3213	4754.100
457	4754.400
1077	4755.400
213	4768.400
1417	4768.700
517	4769.200
1269	4770.200
933	4773.800
3673	4775.400
3637	4775.800
2801	4787.000
3253	4787.400
1949	4788.400
429	4788.600
1429	4788.600
761	4789.000
2261	4789.200
2797	4789.300
1809	4790.200
2493	4790.200
3677	4801.500
3077	4804.400
3949	4804.400
1889	4804.700
2245	4805.100
3341	4805.500
165	4806.300
2385	4806.600
3165	4806.900
2117	4807.000
3649	4808.300
3761	4808.900
597	4813.600
33	4819.700
653	4820.000
2185	4820.300
3221	4820.800
373	4821.700
1725	4822.600
1629	4822.900
2649	4823.000
2993	4823.400
2645	4823.800
2553	4825.800
497	4827.500
2661	4836.300
641	4838.000
657	4839.200
2417	4839.800
1645	4840.700
2265	4844.900
1701	4853.100
453	4854.800
1089	4855.100
213	4855.700
1461	4855.900
1045	4856.100
1753	4857.000
1881	4857.000
1453	4857.400
3345	4861.600
3213	4862.800
1537	4868.000
97	4868.200
1341	4869.100
2729	4869.700
2461	4870.500
2145	4871.800
3389	4872.100
1409	4872.300
3677	4872.800
3237	4883.700
1069	4884.700
545	4884.900
3209	4894.400
2197	4894.500
2229	4895.200
2693	4895.700
893	4896.200
2265	4896.200
3805	4896.300
605	4897.300
121	4897.400
1701	4897.400
769	4897.800
149	4899.300
3369	4905.500
2237	4906.800
609	4908.500
2673	4916.300
2145	4917.000
345	4917.200
3449	4917.700
273	4917.800
1145	4919.000
1977	4919.100
45	4919.500
49	4919.500
2277	4919.600
2769	4920.300
457	4934.800
3753	4935.100
2637	4935.600
921	4936.200
3449	4936.600
3325	4936.700
2317	4936.900
2149	4937.700
3789	4937.900
2205	4938.000
117	4939.600
597	4939.600
2481	4940.400
3913	4943.500
1813	4951.500
4049	4951.600
661	4952.400
1541	4952.800
2837	4953.800
3757	4953.900
1725	4955.000
1369	4964.900
3837	4967.300
2233	4967.500
153	4967.800
2057	4968.400
3121	4968.700
305	4968.900
933	4968.900
1049	4969.200
1181	4969.500
2761	4969.700
2869	4969.900
3613	4971.400
1701	4982.400
3909	4982.500
2485	4983.300
2345	4983.800
3757	4983.900
45	4984.000
833	4984.000
641	4984.500
2829	4984.500
573	4984.900
1253	4984.900
2261	4985.100
513	4985.300
1441	4985.300
2017	4985.400
121	4985.800
1837	4985.800
2521	4985.800
1041	4985.900
2937	4986.000
269	4986.200
1733	4986.400
317	4986.500
1105	4986.600
3625	4986.600
3745	4986.600
3009	4987.000
3557	4987.300
2145	4988.100
2477	5001.900
97	5003.500
361	5004.000
233	5004.100
4113	5004.700
4101	5005.600
1961	5007.100
1629	5007.800
1501	5008.200
2889	5018.600
649	5019.800
2385	5022.400
3229	5026.200
3077	5031.300
3741	5033.400
2765	5034.500
2145	5035.100
2229	5037.000
213	5037.900
4017	5048.300
3181	5049.100
605	5049.200
1973	5050.800
265	5053.000
1281	5054.500
3833	5058.600
457	5058.900
1649	5059.300
657	5061.100
2173	5066.600
2797	5068.100
3993	5071.100
1185	5071.700
2633	5078.500
2973	5080.500
713	5082.600
121	5084.800
3793	5084.900
493	5085.200
145	5085.600
3253	5085.600
1009	5085.900
797	5086.800
2277	5088.000
1925	5088.900
2749	5093.500
3577	5099.000
965	5100.100
1265	5100.100
661	5100.700
2785	5101.400
369	5102.900
885	5103.700
2773	5103.900
3761	5115.800
857	5115.900
2177	5116.000
2781	5116.000
273	5116.600
1145	5116.600
2645	5117.000
3685	5117.300
1629	5117.400
1433	5118.600
985	5130.300
3741	5131.400
3985	5132.500
3017	5133.300
145	5134.000
1637	5134.200
3593	5134.200
545	5134.500
3461	5135.400
3225	5135.600
4049	5135.700
833	5135.800
2625	5135.900
3677	5136.000
1557	5136.300
3761	5136.400
2161	5148.100
3501	5148.300
4005	5148.600
2109	5149.300
3673	5149.700
1393	5149.900
1957	5150.300
3913	5150.600
3437	5150.800
1377	5150.900
3649	5150.900
477	5151.100
2461	5151.200
805	5151.300
2165	5151.300
81	5151.400
4125	5151.700
1885	5152.000
1777	5152.200
2217	5166.100
3817	5167.800
3885	5168.000
641	5168.100
3985	5168.200
261	5168.500
3545	5176.000
3833	5179.300
1449	5180.300
45	5181.600
1501	5182.400
4133	5182.800
2457	5183.600
2093	5184.300
2521	5194.800
2585	5197.500
3225	5200.600
3577	5200.600
3509	5202.400
1981	5202.800
3489	5205.300
865	5206.400
4125	5208.300
1897	5220.300
3501	5220.300
3873	5220.300
1877	5220.400
857	5221.100
1421	5221.800
3241	5222.100
3621	5222.300
2109	5234.100
2797	5235.800
3321	5236.000
657	5236.700
1889	5237.100
3741	5237.800
1153	5255.000
4133	5256.100
2161	5257.400
2773	5257.700
4121	5257.700
2145	5258.200
2649	5258.200
3841	5259.800
4101	5260.700
781	5261.000
2081	5261.100
33	5262.400
429	5262.400
1977	5270.000
3153	5271.500
2117	5272.800
653	5274.000
277	5274.300
3573	5275.100
813	5275.500
389	5275.700
3209	5283.900
2837	5284.000
341	5289.900
865	5291.600
385	5293.500
3501	5293.700
3121	5294.700
3873	5294.700
1257	5295.200
333	5295.300
29	5297.100
2361	5297.700
3237	5304.000
3425	5305.900
1037	5307.300
2645	5307.400
657	5307.600
2145	5307.700
3977	5308.000
4081	5308.000
1413	5308.300
1629	5308.400
409	5308.600
3473	5308.700
3761	5308.700
2157	5308.800
2261	5308.800
2429	5309.000
1405	5309.100
3097	5309.300
3997	5309.500
2477	5309.600
1709	5309.700
777	5310.100
2865	5311.200
2133	5324.600
1341	5325.400
1889	5325.600
3805	5325.600
1801	5325.900
2609	5326.400
1237	5326.700
2689	5327.200
2093	5327.300
1073	5339.300
3521	5340.200
641	5340.800
1181	5341.200
1465	5341.600
2213	5341.600
1029	5341.700
2189	5341.900
3037	5341.900
885	5351.500
1589	5357.700
2653	5358.000
1509	5358.400
2637	5359.200
3697	5359.300
1369	5360.000
2585	5360.000
2317	5376.200
3601	5376.500
2881	5377.400
1177	5377.600
2973	5379.100
1709	5379.300
2885	5379.300
765	5379.400
3117	5379.400
3073	5379.700
1821	5379.900
3377	5381.200
461	5381.500
2497	5383.800
1817	5392.900
325	5393.700
433	5394.500
177	5394.600
2493	5394.600
1153	5395.000
2625	5395.100
4025	5395.500
657	5395.700
2457	5400.200
1557	5409.100
3821	5411.900
121	5412.200
309	5412.500
3949	5420.200
3201	5420.900
1973	5422.700
1149	5423.200
905	5423.600
625	5423.900
1781	5424.100
3889	5424.100
1237	5424.200
1393	5424.300
2505	5424.300
3125	5425.600
3425	5434.400
821	5435.400
3869	5435.600
825	5435.700
4057	5435.900
2345	5436.400
2653	5436.400
1793	5436.700
3021	5437.900
2085	5456.600
605	5470.400
2737	5470.700
2169	5474.400
3609	5474.600
657	5476.100
3785	5477.200
1337	5478.600
1629	5481.200
481	5487.100
3741	5491.000
713	5491.500
2613	5491.600
625	5493.200
1141	5494.500
1185	5494.600
1181	5494.800
3205	5495.300
2125	5496.100
3253	5496.300
213	5503.700
3537	5509.200
3345	5509.900
2989	5510.400
3257	5510.500
3089	5510.900
661	5511.400
3449	5511.700
3897	5512.200
1621	5512.400
2777	5524.200
3501	5525.200
1769	5526.700
1501	5531.300
829	5534.500
2985	5534.800
3437	5538.400
4057	5539.800
1877	5548.000
1629	5553.100
1029	5556.400
2201	5557.200
377	5559.200
1389	5559.300
1429	5560.100
813	5562.400
1797	5574.200
3577	5574.700
4049	5575.300
1889	5575.900
637	5576.600
3397	5576.900
3677	5579.900
373	5590.000
4081	5590.000
837	5590.200
1393	5591.100
3737	5591.300
2741	5591.400
3425	5591.700
137	5591.800
2645	5591.900
3577	5592.100
2685	5592.200
2489	5592.400
3693	5592.700
97	5592.800
1013	5606.500
2709	5606.700
1021	5607.300
3321	5607.400
1405	5607.500
1477	5607.500
1993	5607.500
321	5607.700
3521	5607.700
2757	5607.800
1029	5607.900
1313	5608.500
1341	5608.500
4037	5608.600
2945	5608.900
3837	5609.000
3885	5609.400
2161	5609.500
3957	5609.600
4045	5609.700
1897	5609.800
349	5610.400
2665	5610.400
2637	5610.900
657	5611.400
369	5625.800
1233	5627.200
3817	5627.300
1173	5627.400
2277	5628.500
3573	5629.300
1449	5629.400
3721	5629.500
2941	5629.700
3605	5630.100
3165	5643.900
3181	5644.000
3953	5644.000
185	5644.100
3761	5644.300
2185	5645.100
561	5645.200
1557	5645.300
1629	5645.300
2261	5645.300
3337	5645.300
925	5645.400
1409	5645.400
765	5645.600
1721	5645.600
2081	5645.600
681	5645.700
2373	5645.800
2465	5645.800
2605	5645.800
909	5645.900
2741	5645.900
2957	5646.000
9	5646.200
1905	5646.400
665	5646.500
2589	5646.600
3509	5646.600
1921	5647.100
3741	5647.300
3049	5662.800
825	5662.900
3309	5663.600
1101	5664.600
2945	5665.600
1621	5666.200
3305	5668.300
2265	5676.200
4005	5676.500
33	5678.900
1485	5679.000
3017	5680.200
657	5680.300
281	5681.800
229	5685.200
373	5694.900
2093	5698.300
3585	5698.600
1077	5698.900
2229	5699.200
1821	5699.500
3817	5700.900
1321	5701.000
2261	5701.200
1173	5702.000
1661	5702.300
909	5702.400
545	5709.100
417	5714.000
257	5714.300
2333	5715.100
1913	5715.200
1637	5715.500
1773	5715.700
2349	5716.400
2933	5716.700
2573	5716.800
2625	5716.900
2697	5731.700
1817	5731.900
4013	5732.000
2653	5732.400
2829	5732.600
2929	5732.700
817	5732.800
2645	5732.900
2917	5732.900
3237	5732.900
2037	5733.100
2769	5733.500
2333	5733.600
2345	5733.700
1701	5733.800
41	5734.000
3501	5734.000
2157	5734.100
3809	5734.200
1889	5734.600
1681	5736.700
29	5750.700
1957	5751.600
49	5752.300
3473	5752.900
3213	5753.000
2701	5753.100
3097	5753.400
2021	5753.800
3805	5755.800
1021	5755.900
2473	5756.000
1133	5770.200
405	5778.200
53	5778.600
213	5779.400
1609	5779.400
3077	5779.800
4125	5779.800
3741	5779.900
621	5780.000
817	5780.300
1249	5780.400
3189	5780.400
3525	5780.400
3573	5780.400
2773	5780.700
1125	5780.900
2609	5781.100
2797	5781.100
641	5781.400
2277	5781.400
1149	5781.500
4089	5781.500
3089	5782.400
2681	5798.000
2057	5802.700
2157	5803.400
1933	5804.400
101	5805.300
269	5805.400
3797	5805.800
213	5806.600
3425	5807.300
1101	5807.400
2277	5807.700
209	5808.900
1153	5809.500
645	5810.800
825	5832.100
2261	5833.200
1813	5834.200
2785	5840.600
3461	5842.400
3977	5843.000
745	5843.100
1317	5843.300
3289	5843.700
21	5843.800
1569	5844.200
693	5844.300
517	5844.600
313	5844.800
2325	5844.900
1449	5845.100
2765	5846.200
457	5846.700
493	5847.900
2561	5851.600
1945	5857.100
1217	5859.800
905	5860.000
281	5860.200
3717	5860.700
3429	5860.900
801	5861.300
3449	5861.600
2781	5862.400
3749	5862.400
3073	5862.700
2945	5863.000
3665	5864.700
1837	5877.000
977	5878.400
2905	5879.500
293	5880.100
1417	5880.200
1885	5880.200
2633	5880.900
3205	5881.000
3677	5881.000
2349	5881.200
1421	5881.600
3101	5881.700
3841	5882.600
2117	5882.800
657	5883.600
1309	5891.600
1081	5894.200
1561	5895.100
2457	5895.500
2865	5895.500
881	5895.700
1173	5895.900
1261	5896.000
2065	5896.300
4057	5896.500
1217	5896.900
81	5905.800
2389	5908.400
3181	5909.400
925	5910.000
3837	5910.000
2897	5910.100
3449	5910.100
1265	5910.400
1237	5910.500
597	5911.000
1125	5924.900
2773	5925.400
1397	5926.500
3637	5926.600
621	5926.700
517	5927.300
1185	5927.300
3241	5927.600
2041	5927.900
2413	5928.100
3569	5928.400
3153	5928.600
3809	5928.800
3501	5929.100
1701	5929.700
781	5929.900
1625	5942.200
1925	5944.600
3833	5946.700
969	5948.600
1753	5950.000
1137	5951.300
1973	5953.700
3629	5955.600
481	5955.900
1193	5966.800
3341	5967.200
1341	5967.600
3645	5968.500
2277	5968.900
3757	5969.100
1261	5972.200
1589	5981.100
3097	5988.600
457	5997.800
2361	5999.000
3193	5999.200
625	5999.800
1173	5999.900
1473	6000.200
345	6000.400
597	6000.500
1109	6001.500
1973	6001.900
821	6002.200
1421	6002.500
3277	6003.100
3665	6014.400
2149	6015.900
2585	6015.900
1061	6016.000
1361	6016.000
3301	6016.200
1485	6016.400
269	6016.600
137	6016.900
309	6016.900
3585	6017.100
3389	6017.300
1825	6017.800
2741	6018.100
629	6018.800
3637	6018.900
1501	6033.600
3761	6033.900
745	6035.200
4037	6036.600
1929	6039.500
2349	6041.900
3577	6049.700
3077	6053.200
3001	6056.900
2433	6057.200
3221	6057.300
3501	6058.800
2325	6060.100
221	6060.300
1789	6060.600
885	6061.100
2661	6071.100
993	6072.600
3437	6073.300
3377	6073.500
2161	6073.600
3561	6073.700
645	6073.900
1237	6074.800
1793	6075.100
3201	6075.500
3445	6075.500
465	6076.000
2577	6076.300
657	6078.100
4081	6092.300
597	6092.600
5	6094.100
3469	6094.600
2637	6095.200
1417	6095.600
545	6096.400
129	6097.200
1261	6097.200
1501	6097.400
2797	6097.500
3069	6097.500
2125	6098.000
13	6098.800
2849	6099.000
645	6107.800
305	6117.300
3213	6121.000
2173	6121.100
1949	6121.300
1929	6121.900
2521	6122.100
373	6124.100
641	6124.500
1337	6124.900
3221	6133.300
3521	6134.800
1017	6136.100
1373	6136.500
1209	6136.600
2829	6137.300
1881	6138.200
2637	6139.600
1581	6139.900
3505	6140.800
2769	6140.900
1265	6143.100
2797	6146.900
3329	6153.400
1157	6155.600
1629	6155.600
2449	6156.000
801	6156.300
4133	6156.300
693	6156.700
1369	6157.300
1997	6160.900
3165	6161.300
2541	6167.300
49	6169.800
1637	6170.700
213	6171.000
2037	6171.500
1457	6171.600
1857	6171.600
653	6171.700
3597	6171.700
4085	6172.100
493	6172.300
1217	6172.300
1701	6172.300
597	6172.800
3693	6172.900
1757	6173.000
3865	6173.000
2909	6173.300
873	6174.400
1781	6175.100
2773	6187.800
3561	6189.300
1357	6191.100
3589	6192.000
3501	6200.000
1413	6204.400
1225	6205.700
2241	6205.800
3517	6209.300
3461	6212.400
2145	6217.700
2749	6219.500
1733	6219.900
97	6220.500
3165	6220.600
89	6220.800
805	6221.200
921	6221.200
2829	6221.300
1801	6221.500
2277	6221.900
3369	6222.000
2253	6222.200
4117	6222.300
3217	6222.400
3801	6223.700
4041	6236.200
521	6236.600
1929	6236.600
2345	6237.600
2341	6238.600
657	6239.000
3665	6239.200
3737	6239.200
3817	6242.300
2441	6242.900
2769	6249.100
1237	6250.700
3337	6253.100
2573	6253.900
3501	6254.200
1709	6268.900
97	6269.300
1605	6269.400
2293	6270.800
2485	6271.500
1109	6271.800
1081	6271.900
597	6272.000
1261	6272.100
1285	6274.900
1565	6284.800
3081	6286.500
2745	6287.400
1701	6287.700
3889	6289.900
3153	6291.800
1369	6296.600
2457	6299.800
3049	6299.900
1421	6301.500
2397	6301.500
3261	6301.600
133	6301.700
205	6305.400
3545	6306.000
4081	6310.300
2885	6317.900
3473	6318.500
1305	6319.200
2645	6320.000
2965	6321.100
3741	6321.800
2093	6323.300
1825	6323.500
3501	6326.700
2589	6326.900
1445	6327.000
2637	6327.400
2397	6329.000
3201	6329.000
3121	6331.000
1985	6339.800
2457	6340.000
2737	6340.200
1997	6342.500
3237	6342.600
3597	6342.800
697	6343.900
381	6345.700
2993	6345.900
4105	6346.400
9	6350.800
457	6356.500
793	6356.700
1181	6357.200
4109	6357.400
3957	6357.600
3449	6358.300
2517	6359.500
1237	6359.700
1973	6359.800
3501	6372.400
1825	6372.900
2117	6374.200
605	6375.500
649	6375.700
2773	6376.200
213	6376.400
329	6376.600
3217	6378.300
3153	6390.900
897	6392.500
1489	6392.700
2313	6393.100
2081	6393.400
4089	6393.600
1373	6393.700
3249	6394.400
3485	6394.800
1021	6394.900
2557	6395.000
3665	6405.400
829	6406.900
797	6411.800
3121	6413.000
3629	6413.600
1945	6414.200
2637	6414.200
3345	6414.500
3821	6414.500
3197	6414.900
45	6415.600
1173	6415.900
1045	6416.200
3425	6416.200
693	6416.300
2033	6416.400
2745	6416.800
113	6416.900
1441	6417.400
3237	6432.700
1129	6434.100
1973	6437.800
3165	6441.500
3577	6441.700
3153	6441.800
2161	6442.300
1057	6442.900
625	6455.800
745	6456.800
1781	6457.200
3097	6457.700
465	6457.900
2141	6457.900
177	6458.000
1173	6458.000
2309	6458.000
49	6458.100
897	6458.100
2077	6458.100
3917	6458.300
121	6458.700
193	6458.800
2601	6459.000
3945	6459.100
1913	6459.300
3861	6460.300
3193	6475.200
2713	6475.700
1885	6477.900
2753	6478.500
3693	6478.600
2705	6478.700
3945	6478.900
201	6479.000
2985	6479.300
1377	6479.600
1793	6490.700
1297	6491.200
3153	6492.400
373	6493.800
477	6493.800
3685	6493.800
1441	6494.800
1769	6501.300
2277	6509.400
2913	6509.400
2445	6511.200
333	6512.100
2485	6512.200
1717	6512.600
3109	6513.200
1269	6517.900
1197	6532.800
3797	6533.000
2393	6533.800
3457	6539.300
4037	6547.500
3237	6548.600
3929	6548.700
2553	6549.700
1229	6549.800
2265	6549.800
2953	6549.800
3873	6549.800
333	6550.200
657	6550.500
693	6551.300
1977	6552.600
1997	6555.800
1645	6564.900
3577	6567.200
281	6567.400
737	6568.200
897	6568.200
2881	6568.200
385	6568.400
3509	6568.400
3805	6568.500
1077	6568.900
1973	6568.900
1629	6569.000
3449	6569.100
105	6569.200
2185	6569.300
3985	6569.400
2453	6569.600
4089	6569.600
585	6569.700
2413	6569.700
641	6569.800
1597	6570.300
1057	6570.400
2085	6570.400
2673	6570.500
837	6571.300
3165	6571.300
1881	6572.100
1425	6588.900
3425	6592.400
2705	6593.100
3617	6593.200
3517	6603.800
597	6604.500
477	6605.500
1733	6605.800
2589	6605.900
1977	6606.200
2993	6606.400
3929	6606.500
1789	6606.600
3585	6606.600
3277	6607.100
521	6607.400
329	6607.800
3721	6608.200
373	6608.300
3457	6608.300
2673	6609.200
3737	6609.400
2937	6610.100
1885	6611.300
3865	6611.600
797	6624.600
2441	6626.100
3049	6626.600
2709	6627.100
105	6629.300
1457	6631.700
877	6640.600
3209	6640.900
1461	6641.900
625	6642.300
1961	6642.400
3453	6642.500
2449	6642.600
837	6642.700
269	6642.800
905	6642.800
1161	6642.900
2145	6642.900
2065	6643.000
3149	6643.000
745	6643.100
4005	6643.100
3609	6643.200
465	6643.300
2713	6643.300
3321	6643.300
3597	6643.300
213	6643.500
3769	6643.600
2741	6643.700
3181	6643.800
1781	6644.000
3573	6644.300
3369	6644.500
2649	6644.600
1845	6644.900
2029	6646.000
3913	6671.900
1109	6672.200
3049	6673.600
1013	6673.800
1601	6674.300
3345	6674.300
3741	6674.900
1089	6675.100
3025	6678.700
3237	6686.700
3493	6686.700
2125	6688.600
165	6688.900
2141	6689.000
3141	6689.200
3293	6689.500
2905	6689.600
3165	6691.800
2781	6691.900
3017	6706.400
2089	6706.700
3977	6706.700
3097	6707.200
745	6707.400
361	6708.700
3077	6710.000
693	6721.500
705	6721.800
1929	6722.300
1057	6725.500
1617	6725.700
3121	6731.500
345	6732.100
713	6733.800
2461	6735.500
2801	6738.400
281	6740.000
3205	6745.100
609	6747.400
1877	6748.900
2097	6749.300
2557	6749.400
493	6750.500
1073	6751.800
3821	6753.000
1929	6763.600
645	6764.300
2985	6764.400
97	6765.400
641	6766.200
1905	6774.700
3165	6776.200
1161	6779.800
289	6781.600
729	6782.800
3697	6784.600
3609	6787.600
1957	6788.800
2065	6791.300
3685	6791.400
2829	6793.900
333	6797.500
385	6799.300
3237	6805.300
2653	6806.900
3897	6810.400
1341	6810.500
3805	6813.100
3761	6815.300
1629	6817.000
1061	6823.100
805	6826.800
425	6828.800
2721	6828.800
1233	6830.300
3585	6830.900
221	6840.900
4133	6842.100
817	6843.500
2125	6843.600
1593	6846.500
2461	6847.900
2693	6848.100
2653	6849.100
1981	6852.400
3889	6861.600
3805	6862.000
3557	6862.300
717	6863.100
905	6863.100
3873	6863.200
1025	6863.500
2885	6864.200
605	6864.600
1317	6864.800
2353	6864.800
657	6865.100
3257	6865.400
1345	6866.000
3081	6866.200
2277	6866.700
3809	6877.800
3253	6878.200
1929	6879.100
1773	6879.700
1013	6879.800
2121	6879.800
557	6880.100
3537	6880.100
833	6880.300
897	6880.300
2805	6880.300
3165	6880.300
4017	6880.300
3049	6880.400
3345	6881.000
797	6881.900
3513	6882.100
3573	6882.700
117	6883.300
2457	6883.400
49	6898.100
121	6898.200
2985	6898.200
481	6898.300
1181	6899.200
3721	6899.300
2085	6899.400
1589	6899.600
2169	6900.500
3473	6901.300
2653	6912.600
2781	6912.900
1929	6913.100
1381	6913.200
3193	6913.400
745	6914.200
3857	6916.600
1209	6924.900
2889	6925.600
3489	6925.800
1569	6928.300
369	6928.400
1445	6929.200
933	6929.400
3097	6929.500
3393	6929.700
1725	6929.800
3353	6931.000
2585	6931.600
3841	6935.200
2637	6944.000
3241	6945.800
3777	6945.900
3081	6946.300
881	6946.600
2513	6947.100
241	6948.000
1049	6949.700
1781	6959.900
3257	6962.900
2521	6973.200
1565	6973.500
3437	6974.200
1977	6975.300
1449	6975.700
4125	6978.500
3573	6988.100
1265	6991.900
3177	6992.200
425	6993.000
3977	6993.000
2429	6993.100
753	6993.200
1381	6993.200
1717	6993.200
2497	6993.300
3257	6993.600
2781	6993.700
3577	6993.800
2081	6993.900
121	6994.300
2953	6995.000
597	6995.800
2353	6996.600
1237	7007.600
1973	7007.900
1905	7008.100
1545	7009.700
3837	7009.800
233	7010.300
1369	7010.500
1257	7010.600
3165	7011.900
1657	7021.200
885	7023.200
2117	7023.300
681	7023.600
1885	7023.900
3505	7024.300
1781	7024.400
385	7024.800
2589	7024.800
3369	7024.900
3225	7025.100
3865	7025.400
2333	7025.600
625	7025.900
3229	7025.900
281	7026.400
3209	7027.800
2345	7039.400
1981	7041.100
2081	7041.100
3345	7041.500
2945	7041.700
1597	7042.300
1745	7044.400
621	7044.500
3501	7049.400
1817	7050.500
3949	7054.100
181	7055.300
1625	7055.300
689	7057.400
661	7058.100
465	7058.600
1081	7058.600
1429	7058.600
1025	7059.200
3605	7059.600
2637	7060.900
473	7063.800
1457	7063.900
4017	7064.800
1725	7074.100
3797	7076.600
2017	7076.800
2341	7077.100
3237	7077.100
3501	7077.300
2637	7077.400
3461	7077.400
2705	7077.500
581	7077.600
1133	7077.600
3073	7077.600
2965	7077.700
1417	7079.000
1377	7090.400
493	7092.500
2625	7092.600
2109	7092.900
4121	7092.900
2809	7093.000
1817	7093.100
205	7093.300
3909	7094.100
1457	7108.500
609	7108.600
2329	7108.700
2613	7109.300
1957	7109.400
333	7109.800
3377	7109.900
3577	7110.100
649	7110.400
2913	7110.600
3081	7110.800
2277	7110.900
3521	7111.400
693	7111.500
3269	7111.600
641	7111.700
777	7123.300
4005	7124.200
497	7124.400
3593	7125.300
1501	7128.200
3669	7130.000
993	7136.600
2653	7137.900
1661	7138.000
4037	7139.000
4089	7144.600
3545	7147.500
425	7149.800
2005	7150.000
1793	7150.800
3125	7151.600
597	7151.900
3253	7152.000
1033	7152.500
1429	7152.500
2193	7152.500
45	7152.600
3665	7165.100
1629	7166.600
2173	7166.800
273	7167.500
3897	7168.000
653	7168.900
2589	7169.600
373	7172.800
1985	7174.700
2017	7183.200
3501	7183.400
385	7184.700
1657	7184.700
2097	7185.600
3097	7187.900
2261	7188.800
1517	7189.200
473	7199.800
657	7200.600
2989	7201.200
2993	7201.900
2345	7202.100
2937	7202.900
3717	7203.200
2645	7203.400
3369	7203.600
3153	7203.700
2157	7204.000
2617	7204.200
3301	7206.000
1145	7219.500
209	7219.900
1181	7220.200
609	7221.000
3473	7221.000
3721	7221.300
4069	7221.400
605	7221.600
3573	7221.700
3817	7222.300
369	7222.400
3109	7222.700
597	7222.900
2229	7223.100
2681	7223.300
1037	7224.000
3501	7224.000
2641	7241.700
605	7244.600
2785	7244.900
281	7254.800
3569	7260.100
3821	7261.300
3097	7262.500
3193	7263.000
3153	7263.800
385	7263.900
2521	7264.500
3845	7267.700
1837	7268.700
2461	7269.800
193	7270.400
1821	7270.600
2949	7279.400
2573	7282.900
1585	7284.000
1745	7284.800
1393	7285.000
4097	7285.700
33	7285.900
4129	7285.900
3237	7286.000
1957	7286.200
121	7286.300
1501	7286.800
4057	7287.000
2345	7287.100
2745	7287.300
2501	7287.500
2213	7287.700
1625	7287.800
3737	7288.100
3153	7288.300
3741	7288.900
1193	7289.300
969	7304.300
3301	7304.700
213	7304.800
117	7305.100
457	7305.100
2473	7305.700
465	7305.800
497	7320.500
345	7320.600
3873	7321.200
969	7321.500
3449	7321.500
1701	7321.600
1833	7322.000
2225	7322.200
3761	7322.300
3745	7323.400
249	7323.700
3665	7332.700
3321	7335.000
3077	7335.300
4005	7335.300
781	7336.300
2645	7336.600
3097	7337.100
2265	7337.700
1557	7338.800
1477	7339.000
3845	7339.000
45	7339.400
2057	7339.700
3885	7352.200
3749	7352.400
3741	7352.600
777	7354.400
885	7354.500
1885	7355.700
1405	7363.800
653	7365.100
1337	7365.200
481	7365.700
405	7367.100
3781	7367.200
4093	7367.400
2141	7368.900
661	7369.600
1501	7382.400
1609	7383.200
3333	7383.900
2681	7384.100
1021	7384.600
105	7384.800
3665	7384.900
1797	7385.100
3657	7385.700
1973	7399.800
2637	7399.900
2089	7400.400
2085	7401.800
2053	7402.500
1965	7403.000
3237	7403.300
1629	7404.900
2829	7405.100
1073	7418.200
3761	7427.800
1421	7428.900
2117	7430.300
1753	7439.100
2065	7439.200
2277	7440.500
4081	7443.400
2653	7443.600
3237	7443.700
333	7444.600
2193	7445.200
1609	7454.800
3345	7464.800
985	7465.500
1457	7473.100
1085	7475.400
3097	7476.300
2493	7484.300
361	7484.900
1233	7489.600
561	7491.000
941	7494.500
641	7505.100
1321	7505.500
2661	7505.700
1633	7506.100
2849	7506.500
3121	7506.700
3573	7506.800
2161	7507.000
2757	7507.000
3725	7507.000
3761	7507.000
2265	7507.100
1137	7507.500
2733	7507.500
3237	7507.600
3209	7507.700
2205	7507.900
2521	7507.900
3265	7507.900
1449	7508.100
2645	7508.200
773	7508.900
805	7509.500
381	7526.400
1837	7526.800
1337	7527.000
545	7527.200
3049	7527.400
1657	7527.700
693	7527.900
3821	7528.300
1629	7528.400
3637	7540.600
1689	7543.700
3377	7544.500
3757	7544.800
1233	7546.300
4109	7546.400
361	7548.200
473	7562.300
1057	7562.400
1133	7562.400
3093	7563.200
3041	7563.400
1401	7563.900
3161	7564.100
209	7564.600
1409	7565.300
3337	7565.400
229	7565.600
2497	7566.500
4061	7577.100
1789	7578.500
1733	7578.700
2973	7580.000
1405	7593.300
2125	7596.400
2277	7596.400
85	7597.200
629	7598.300
625	7598.500
49	7598.700
3773	7599.300
1677	7599.600
1297	7600.600
1337	7601.000
425	7603.700
1817	7603.800
4053	7614.800
1381	7615.500
3037	7616.700
4005	7617.100
1385	7618.300
2193	7626.000
33	7627.500
245	7627.500
513	7627.600
553	7627.700
933	7627.800
2265	7629.100
3049	7629.100
885	7629.200
2065	7629.800
1833	7630.000
1885	7640.200
3501	7641.700
3045	7642.700
273	7642.800
1121	7643.000
1913	7643.000
1357	7643.500
1625	7643.700
3537	7644.300
1733	7644.400
2701	7644.500
3525	7644.500
3817	7644.600
969	7644.700
2229	7645.300
241	7645.600
1173	7645.800
1473	7645.800
2089	7645.800
4017	7645.800
909	7646.200
1773	7646.200
2633	7646.400
4093	7646.400
865	7646.500
3837	7648.300
2973	7660.500
3237	7660.800
3301	7661.000
213	7661.300
3257	7661.400
1745	7661.500
3077	7661.500
3761	7661.700
2009	7662.500
1577	7662.600
1549	7662.900
973	7663.100
3509	7676.100
1453	7676.900
477	7678.300
457	7678.500
545	7678.800
1141	7679.000
1093	7679.400
1933	7679.500
921	7680.400
1357	7680.500
2653	7684.600
3221	7695.100
2797	7695.800
821	7696.900
65	7697.800
3077	7698.100
2529	7698.200
685	7698.600
2093	7699.100
825	7700.800
3773	7701.000
9	7701.300
1501	7701.300
3817	7701.800
1369	7716.300
481	7717.500
3193	7718.200
2989	7718.400
3585	7718.600
3181	7718.800
2213	7719.100
2937	7719.200
3405	7719.200
517	7719.500
2773	7719.700
1825	7720.000
1857	7720.200
2461	7720.300
649	7720.400
317	7720.500
1457	7720.600
1717	7720.900
2765	7720.900
2053	7721.000
2001	7736.300
1213	7737.400
1153	7738.900
1773	7741.700
493	7742.000
121	7744.700
3237	7748.200
1125	7748.400
153	7749.100
3473	7749.800
137	7758.600
2705	7759.400
3153	7762.400
213	7764.800
1925	7776.200
3505	7776.400
1241	7778.200
3073	7783.200
3537	7783.400
2069	7785.900
1921	7786.200
333	7786.400
49	7790.000
425	7793.700
653	7793.900
3277	7794.400
3673	7795.200
2285	7797.200
3605	7797.400
1765	7799.600
277	7801.700
3077	7802.200
885	7810.000
1953	7811.600
9	7823.700
477	7824.700
1889	7824.700
3385	7824.900
2349	7825.000
193	7825.300
3049	7825.400
3265	7825.900
1257	7826.000
1585	7826.000
1705	7826.100
3809	7826.100
2653	7826.200
3197	7826.300
3837	7826.300
649	7826.700
1793	7826.700
2477	7826.800
1829	7827.000
1949	7827.000
585	7827.100
1925	7827.100
1717	7827.300
2113	7827.400
4033	7827.400
1425	7827.800
3121	7827.900
1909	7828.300
1605	7828.400
1977	7828.400
3597	7829.400
3085	7844.800
1953	7845.300
3357	7845.300
213	7846.100
3277	7846.500
1617	7846.800
3737	7846.800
1241	7846.900
2773	7847.400
3473	7847.700
3945	7847.800
1233	7848.200
425	7859.500
3521	7861.900
3181	7870.700
3509	7873.300
2565	7874.600
301	7875.700
921	7875.900
3665	7876.000
657	7876.100
3461	7877.000
641	7878.400
3861	7893.800
1913	7894.100
2973	7894.100
2765	7894.500
121	7894.900
1417	7895.100
3085	7895.200
1545	7895.300
2329	7895.300
977	7895.500
457	7895.900
2233	7895.900
1745	7896.000
2745	7896.100
3753	7896.700
3909	7896.700
1049	7912.400
1781	7913.800
245	7913.900
265	7914.300
1409	7914.800
829	7915.200
3381	7915.500
3237	7917.200
1109	7929.100
3201	7930.200
373	7930.600
745	7930.800
1249	7931.100
945	7931.200
2625	7931.200
2953	7931.400
2085	7931.500
2493	7931.500
377	7932.000
1417	7932.000
1541	7932.500
3049	7932.800
1213	7932.900
1701	7934.600
3017	7948.000
797	7948.600
3805	7949.800
4041	7950.300
3909	7960.900
49	7961.600
3737	7961.900
3473	7962.100
2053	7962.800
2365	7962.800
3449	7964.200
265	7966.700
1373	7977.500
3641	7977.800
1809	7978.100
2021	7978.200
693	7978.400
4081	7978.500
2277	7978.900
2589	7978.900
3493	7979.000
4125	7979.100
3573	7979.200
3817	7979.800
3597	7980.100
1409	7980.200
3577	7981.200
1797	7981.600
2369	7982.200
3049	7995.800
2017	7997.200
681	7999.700
657	8000.000
2629	8011.700
105	8011.900
3977	8011.900
1389	8012.200
3153	8012.200
625	8013.200
313	8013.500
177	8014.800
693	8015.500
2773	8015.900
3741	8030.600
3165	8032.100
2249	8033.000
3265	8033.000
3193	8033.700
4081	8035.700
621	8036.600
605	8040.700
2293	8045.800
1817	8048.600
1249	8049.400
3837	8049.500
281	8049.700
3393	8049.800
601	8049.900
1925	8049.900
1377	8050.400
181	8050.500
457	8050.600
1369	8051.100
1453	8063.600
2529	8063.700
1325	8063.900
481	8064.000
4121	8064.400
3913	8064.900
3917	8065.100
2441	8065.200
2757	8065.200
1141	8065.400
3085	8065.500
1273	8065.700
3381	8065.800
97	8066.200
801	8066.400
3977	8066.500
61	8066.900
665	8067.900
3221	8071.100
2645	8082.500
3377	8083.700
373	8084.700
2577	8085.800
1821	8090.500
2069	8093.300
1285	8097.400
2833	8097.500
1097	8097.800
1389	8098.300
3057	8098.700
1273	8099.400
3693	8104.100
1409	8105.100
2145	8107.600
1721	8122.000
2637	8122.200
2969	8123.000
4057	8123.300
3509	8123.400
2213	8123.600
213	8123.800
141	8124.000
273	8124.600
2461	8124.700
1485	8125.000
1525	8125.800
1441	8126.100
2633	8126.500
3637	8127.000
441	8139.400
3741	8139.900
3957	8140.000
193	8140.300
2661	8140.600
3153	8141.900
2373	8142.400
1057	8142.800
2329	8143.900
2117	8156.500
1957	8156.800
1757	8156.900
1837	8157.000
1077	8157.200
1209	8157.400
1	8158.200
2629	8158.800
1701	8159.100
3641	8159.100
797	8159.300
1833	8159.400
3009	8159.400
1097	8159.600
1337	8159.700
2413	8159.800
2945	8160.400
1501	8160.500
933	8161.500
3405	8162.700
1721	8163.700
3153	8177.000
1081	8177.100
2729	8177.700
865	8179.500
1341	8182.400
2241	8184.500
3501	8189.600
273	8189.700
1593	8191.500
3165	8192.600
1029	8193.100
2353	8193.300
333	8194.300
345	8194.600
4057	8195.600
3505	8196.700
557	8210.200
3189	8210.300
1049	8210.800
4121	8210.800
2365	8210.900
4113	8211.200
1885	8211.300
2261	8211.700
385	8212.200
2177	8212.500
1809	8212.900
2057	8213.300
797	8213.500
881	8229.900
925	8231.200
3449	8231.200
3073	8231.400
3761	8231.900
345	8232.200
1597	8232.400
2649	8232.900
789	8233.800
1053	8234.000
1873	8234.200
1161	8235.900
1137	8236.600
2081	8246.400
2769	8246.900
4093	8247.200
2693	8247.800
3857	8247.900
2713	8248.100
3049	8248.800
3237	8248.900
3501	8264.800
3049	8269.200
1173	8269.600
3617	8269.600
3017	8269.800
1321	8270.700
97	8271.500
797	8271.900
281	8274.000
365	8281.400
881	8284.100
1077	8285.100
641	8285.600
1717	8287.500
1529	8297.100
2037	8306.000
1221	8307.300
2089	8309.100
3585	8309.700
801	8316.000
2245	8319.300
2437	8319.700
1321	8322.400
3049	8325.000
2529	8326.600
2261	8326.900
645	8327.400
657	8327.700
1629	8328.700
4017	8329.600
513	8333.300
1229	8341.100
381	8346.100
97	8346.500
417	8346.900
3485	8347.000
1373	8347.300
2637	8347.900
821	8348.000
4093	8348.500
3841	8350.800
429	8360.500
2661	8361.000
2845	8361.600
53	8362.100
657	8363.500
3001	8363.500
3761	8370.200
385	8371.500
2193	8373.000
3217	8373.400
2705	8374.000
1789	8383.300
3737	8384.700
369	8384.900
1781	8385.000
1977	8386.500
1457	8386.600
1173	8388.500
137	8389.600
1473	8393.900
2277	8396.100
2245	8396.400
1149	8399.200
317	8404.300
621	8405.200
3141	8405.800
821	8405.900
477	8407.600
1237	8409.700
2713	8410.200
2801	8411.000
2013	8411.600
2497	8412.700
4093	8413.000
373	8413.900
237	8414.600
3977	8427.800
885	8427.900
2053	8428.700
3577	8429.000
657	8429.200
3741	8429.400
25	8429.900
1041	8430.000
4005	8431.900
3669	8432.100
1293	8432.300
3237	8432.700
2641	8445.900
1037	8446.500
2713	8446.700
4045	8446.900
1817	8447.000
665	8447.100
385	8447.200
965	8447.200
225	8447.300
4089	8447.300
4121	8447.300
2377	8447.400
3933	8447.400
2989	8447.500
4049	8447.500
1933	8447.600
2389	8447.700
3433	8447.700
545	8447.800
3913	8447.800
1025	8447.900
3921	8447.900
1173	8448.000
1913	8448.100
2585	8448.200
2705	8448.200
3057	8448.300
821	8448.600
3257	8448.800
3665	8448.900
2085	8449.400
3153	8449.400
693	8449.600
2565	8449.600
817	8449.700
2705	8467.800
329	8467.900
353	8468.100
2189	8468.700
1269	8469.000
3165	8469.200
2301	8469.500
657	8469.600
2569	8483.900
281	8485.500
1821	8486.500
1837	8486.600
3181	8486.700
3673	8487.300
3741	8488.200
2193	8488.500
1125	8488.900
101	8489.300
2717	8489.900
1029	8490.200
457	8490.300
2353	8504.000
1501	8504.800
1981	8505.100
2197	8505.600
825	8505.800
1677	8505.800
2553	8505.800
829	8505.900
1701	8506.000
1949	8506.000
1725	8506.100
3725	8506.100
1209	8506.800
1389	8507.200
2185	8507.300
1181	8507.400
3369	8509.100
3209	8522.000
693	8526.000
2265	8527.100
2901	8529.100
4113	8529.300
3017	8529.400
2389	8529.900
3761	8530.300
2125	8530.400
277	8542.300
1977	8542.500
789	8545.100
1677	8545.200
465	8547.200
2325	8553.600
429	8560.500
3665	8560.500
2973	8560.800
1389	8561.700
2929	8561.700
1065	8561.800
2625	8561.900
301	8562.100
3293	8562.100
3489	8562.100
513	8562.200
4037	8562.200
1125	8562.400
2985	8562.500
45	8562.600
2917	8562.600
3693	8563.700
373	8580.200
13	8582.000
1569	8582.000
1181	8582.200
3869	8582.400
4133	8582.400
3213	8582.500
3665	8582.500
1701	8583.100
3537	8583.100
3337	8583.300
1821	8584.500
745	8586.900
2093	8604.300
629	8606.100
1137	8607.000
641	8608.600
2545	8608.800
2241	8610.700
2653	8610.700
2801	8612.300
1389	8619.500
689	8621.900
2293	8622.900
597	8624.400
3237	8625.200
137	8627.800
3977	8636.600
753	8637.200
2937	8638.900
213	8640.500
2405	8641.100
1233	8641.700
297	8642.700
3777	8650.600
3221	8650.900
1541	8651.400
3865	8660.200
1013	8661.800
281	8663.100
821	8663.600
713	8664.800
1641	8665.000
3741	8665.100
2197	8665.500
1881	8679.400
465	8679.600
2621	8680.800
897	8680.900
3069	8680.900
1653	8681.100
1629	8681.200
2325	8681.300
2589	8681.300
4069	8681.600
3801	8681.700
1961	8681.800
3041	8682.000
2537	8682.400
3405	8682.600
1129	8682.900
3853	8682.900
1817	8683.000
333	8683.700
2037	8685.300
881	8698.500
1269	8699.200
3665	8699.600
1109	8699.800
3561	8700.900
457	8706.700
361	8715.800
2545	8716.000
1117	8717.500
3817	8717.700
1793	8718.600
545	8719.000
3237	8719.000
2353	8719.300
1217	8719.500
1485	8720.300
2637	8720.900
3153	8734.500
121	8734.700
1473	8736.400
165	8736.500
209	8737.600
3501	8738.000
2473	8738.200
713	8740.000
3741	8740.200
313	8753.600
3165	8757.600
2237	8758.300
3205	8759.300
1793	8759.600
3917	8762.700
1137	8775.300
2361	8775.500
657	8775.700
2145	8775.900
545	8776.000
1657	8776.000
237	8777.000
3685	8777.100
1381	8777.600
1361	8778.400
3701	8780.400
2989	8780.500
1581	8788.300
1793	8793.000
1817	8793.900
3761	8794.100
2985	8798.400
1465	8800.600
1129	8807.900
273	8814.300
3437	8818.100
1029	8818.200
3353	8820.300
453	8820.700
4081	8820.700
1897	8822.200
2773	8822.300
2113	8822.700
4133	8823.700
1389	8823.800
477	8824.800
3589	8825.500
2969	8831.200
1501	8835.600
1625	8836.900
3297	8838.100
2189	8839.400
3741	8839.600
3845	8841.100
213	8841.900
889	8842.600
2773	8846.100
1033	8846.600
945	8850.300
3353	8851.600
3769	8855.200
517	8856.300
1845	8856.800
461	8857.500
3945	8858.400
4005	8859.100
3461	8859.700
1741	8860.200
1	8873.300
441	8874.600
3613	8874.600
4057	8875.300
3733	8875.400
1057	8877.400
2161	8879.700
2117	8888.600
1629	8889.400
1153	8891.200
1913	8892.000
3501	8893.700
2429	8894.400
4033	8897.100
657	8897.700
2057	8899.000
2753	8906.500
209	8907.700
1949	8908.100
1649	8908.300
2397	8908.500
3333	8908.500
1829	8909.900
1145	8910.000
345	8910.200
1909	8910.200
1429	8910.400
1081	8910.800
121	8911.600
3433	8911.700
2745	8911.900
3017	8912.200
1945	8923.300
709	8924.200
1545	8924.800
1817	8927.200
801	8927.500
3237	8935.200
2693	8935.800
3345	8936.200
1645	8937.700
1369	8939.000
901	8941.200
4121	8941.500
2185	8943.300
565	8943.400
885	8943.900
3977	8946.100
2593	8946.300
1933	8949.000
3505	8949.700
2193	8956.300
2109	8956.500
2653	8960.500
4057	8961.800
2645	8962.700
3849	8969.800
3253	8970.700
2985	8973.200
3737	8973.700
1629	8980.300
3301	8983.100
3577	8987.300
3333	8990.000
3929	8990.400
1053	8991.900
3429	8994.400
1477	8994.700
2749	8994.800
2645	8995.000
1429	8996.800
2049	8996.900
213	9002.700
1677	9009.400
2001	9010.000
1341	9013.000
1301	9016.000
2681	9016.100
1133	9016.500
1993	9016.500
1725	9017.700
713	9019.900
3237	9032.900
1817	9033.700
693	9034.900
1813	9035.200
641	9035.300
425	9035.500
341	9035.600
1837	9035.600
809	9035.700
1233	9035.700
373	9036.000
1461	9036.000
2021	9036.000
965	9036.200
3573	9036.300
3177	9036.500
77	9036.600
837	9036.900
2345	9037.200
1029	9037.400
1325	9037.400
3577	9037.400
293	9037.500
93	9038.400
2017	9051.900
573	9053.200
1249	9054.700
1725	9055.200
61	9056.800
3097	9056.900
2745	9057.500
1585	9068.300
493	9069.600
1453	9070.500
2361	9070.800
3665	9071.000
3997	9071.100
737	9071.200
4009	9071.200
2985	9071.300
3577	9071.300
2001	9071.600
2777	9072.500
381	9072.800
3809	9073.000
1013	9081.800
505	9083.100
941	9085.200
3501	9086.500
3741	9087.200
2229	9095.300
3181	9097.100
3745	9099.100
1701	9100.200
537	9100.300
1149	9100.300
605	9100.500
909	9105.000
53	9105.800
2085	9105.900
1733	9108.500
2545	9108.600
4081	9108.900
3785	9109.100
3665	9110.200
3113	9110.400
813	9110.700
4017	9111.100
4133	9112.200
1885	9113.800
1825	9114.500
597	9129.100
3165	9130.300
273	9130.700
493	9131.100
3885	9131.300
801	9131.600
1817	9131.700
1957	9131.900
2137	9132.100
1429	9132.500
829	9132.600
701	9132.700
1477	9132.700
389	9132.800
1321	9133.200
2169	9133.200
2653	9133.300
2737	9133.400
3237	9133.700
1421	9133.900
473	9134.000
1381	9134.000
2913	9134.100
3729	9134.100
745	9150.500
2573	9151.200
4041	9151.900
369	9152.000
3841	9160.900
2625	9165.100
1637	9165.200
3473	9166.200
21	9166.400
313	9166.400
717	9166.400
1565	9166.800
25	9167.100
2369	9167.100
1109	9167.200
821	9167.400
1125	9168.100
3977	9168.700
1717	9182.800
49	9183.300
4057	9184.000
1421	9184.200
1821	9184.200
2929	9184.400
3165	9184.700
2781	9184.900
793	9185.100
2573	9185.100
1081	9185.900
65	9186.000
1817	9196.400
2117	9200.800
2413	9201.900
3253	9205.200
1441	9205.900
3049	9215.400
3097	9216.100
881	9219.400
3829	9220.500
621	9221.300
1705	9222.700
3465	9223.700
657	9225.600
4093	9226.300
1617	9226.600
1057	9228.100
641	9232.400
821	9232.800
869	9234.600
2941	9236.600
1321	9248.100
85	9248.200
477	9253.200
3685	9254.500
3305	9255.800
193	9256.300
2933	9257.300
1837	9258.500
3865	9270.400
2929	9270.700
145	9271.600
1393	9271.600
1933	9271.800
1845	9272.100
1073	9272.400
2369	9272.400
4125	9272.600
3657	9272.900
653	9273.100
3493	9273.900
1389	9274.200
1853	9289.400
2773	9290.100
2645	9290.900
2621	9291.000
3885	9292.500
3741	9297.000
361	9304.500
213	9304.800
1241	9305.700
1513	9305.800
1341	9305.900
2961	9306.000
3537	9306.000
2229	9306.100
2285	9306.100
849	9306.200
3501	9306.200
3129	9306.300
1429	9306.400
1629	9306.400
1873	9306.400
1933	9306.400
457	9306.700
821	9306.700
3333	9306.800
3377	9306.800
3309	9307.100
401	9307.200
13	9307.600
3697	9307.700
3461	9307.900
3153	9308.800
3409	9309.000
1065	9327.000
225	9332.300
3097	9339.700
1813	9348.600
3561	9356.400
3377	9358.300
1985	9358.600
2185	9358.700
3449	9358.800
281	9373.400
2057	9374.000
2293	9374.900
2277	9375.700
2989	9375.900
2993	9375.900
3909	9376.100
1821	9376.600
297	9376.700
4077	9376.900
2553	9377.000
2881	9377.700
1449	9377.900
701	9393.200
4061	9393.800
2201	9394.100
1421	9394.400
3705	9401.500
3113	9406.500
377	9408.500
2625	9408.700
2713	9409.100
3669	9409.100
417	9409.600
649	9409.600
1757	9410.100
1885	9410.100
3749	9410.200
1629	9410.400
2437	9411.200
2661	9412.300
3049	9413.400
1929	9425.000
1209	9426.900
625	9428.300
2773	9430.300
893	9435.700
1149	9436.000
2413	9436.600
3677	9439.000
2041	9439.200
3665	9439.200
3345	9440.000
1293	9441.500
2777	9443.200
1465	9443.400
97	9454.500
2193	9457.400
1113	9458.800
2121	9460.800
3165	9461.600
1629	9464.800
1557	9467.800
3369	9468.600
1625	9469.300
1145	9469.500
1609	9469.500
1701	9469.700
3149	9469.700
617	9469.800
657	9470.300
1589	9470.500
1913	9470.800
3969	9471.400
3177	9472.200
2353	9472.600
2653	9487.200
2521	9487.300
3269	9487.700
4037	9488.100
2021	9488.500
33	9489.900
409	9491.600
2461	9491.800
709	9505.100
2705	9508.000
2097	9511.800
3717	9512.100
2829	9512.600
3153	9512.800
281	9514.200
3513	9515.000
3165	9523.800
2413	9526.500
3601	9532.600
2277	9533.600
989	9537.300
2229	9541.000
2389	9541.200
2681	9541.500
2069	9541.700
1625	9541.900
3669	9542.100
1589	9543.000
4077	9543.000
4085	9543.000
1677	9543.200
813	9543.900
1701	9545.600
2489	9554.800
2065	9555.300
4037	9557.400
517	9560.800
929	9561.000
1337	9562.800
457	9563.200
2085	9568.300
2529	9572.200
229	9572.600
1489	9573.100
3009	9573.100
3741	9573.100
3161	9573.500
3057	9573.800
3501	9574.400
465	9574.500
1825	9574.600
921	9574.700
1181	9575.000
3673	9575.700
3445	9590.100
33	9590.600
573	9590.800
1261	9590.800
4101	9591.300
1365	9591.600
1405	9591.600
1885	9591.600
161	9592.000
1457	9592.200
3945	9592.200
2149	9592.500
2885	9592.500
2805	9592.600
3389	9592.600
1449	9592.700
1501	9593.300
3665	9593.300
3485	9608.300
1417	9609.000
2461	9609.600
1933	9611.100
317	9611.700
25	9612.800
2173	9614.400
2185	9614.600
2593	9615.400
2789	9616.600
1673	9617.200
3885	9617.200
2749	9617.400
2937	9618.000
909	9630.000
2693	9630.400
929	9631.300
2589	9631.400
3237	9631.500
2313	9632.400
2653	9632.500
1501	9632.700
3181	9633.200
657	9633.300
2393	9635.200
2145	9643.200
1337	9645.600
1817	9647.300
2173	9647.600
221	9648.200
1233	9648.200
1793	9652.700
3797	9661.200
4013	9662.200
1133	9664.400
1733	9664.400
581	9666.500
381	9667.100
4069	9667.100
2737	9667.300
2765	9667.500
3109	9668.200
829	9669.500
2637	9669.500
1237	9673.800
1897	9678.500
3433	9701.400
3177	9702.300
709	9702.600
1441	9703.000
3741	9715.900
4025	9719.000
1717	9719.200
1453	9719.900
25	9720.200
2185	9721.000
1817	9721.200
29	9721.600
893	9722.400
1681	9722.600
1317	9723.500
3593	9733.200
2905	9734.200
3221	9734.200
2849	9734.500
3693	9734.500
885	9734.800
2993	9735.000
817	9735.100
2113	9735.300
3345	9735.900
2437	9743.400
3205	9754.000
3461	9756.500
3785	9763.400
1737	9765.100
1769	9765.200
3077	9767.800
3585	9768.500
2773	9768.900
493	9769.900
3393	9770.000
613	9771.000
3073	9771.300
3197	9771.500
3741	9771.800
3217	9780.400
337	9780.900
2217	9781.000
3237	9782.600
3577	9782.700
3221	9782.900
3049	9783.100
3973	9783.300
1021	9783.400
2397	9783.700
2277	9784.200
49	9784.700
273	9784.900
3257	9785.600
641	9798.000
893	9799.000
1813	9799.200
3369	9799.600
1449	9800.500
649	9801.400
2265	9802.300
3501	9802.700
3345	9815.000
477	9815.800
2181	9816.100
473	9816.700
2261	9816.900
213	9817.200
3637	9817.700
4005	9817.800
513	9818.200
3741	9818.500
1225	9818.700
1629	9818.700
3429	9818.800
3957	9818.800
3405	9818.900
537	9819.200
1985	9821.900
1157	9831.400
1885	9832.800
2365	9832.900
3609	9833.000
273	9833.200
4033	9833.300
2805	9833.400
281	9833.500
1213	9833.500
653	9833.600
1793	9833.800
3913	9833.900
597	9834.300
117	9834.700
693	9834.900
1817	9835.300
2461	9835.900
2285	9836.200
993	9836.800
3221	9853.100
1733	9853.400
2277	9853.600
2673	9854.300
1173	9855.200
281	9855.400
3741	9856.100
4113	9856.200
3393	9856.400
3993	9856.400
2349	9856.600
2841	9856.900
1973	9857.300
2233	9857.300
3009	9857.400
977	9857.600
2945	9857.600
3641	9857.800
2229	9870.700
3409	9871.700
1133	9872.300
1717	9872.300
1149	9872.500
1809	9872.600
2797	9872.800
1629	9873.100
2777	9873.300
3817	9873.300
597	9873.900
341	9874.000
3957	9874.000
3925	9874.500
517	9874.900
4017	9875.300
3101	9875.400
1341	9875.600
2361	9890.100
2277	9892.000
457	9892.100
3413	9893.000
2021	9896.000
209	9897.100
2261	9907.000
3501	9909.100
2805	9909.300
1825	9910.300
3381	9913.000
1977	9914.700
3413	9915.500
4037	9915.700
1473	9916.100
429	9917.200
893	9919.500
1881	9919.700
3617	9921.300
1957	9923.000
1173	9932.600
1837	9933.800
1585	9936.100
4081	9936.600
233	9937.400
3865	9938.300
2277	9940.300
2945	9949.000
1337	9954.800
3121	9955.900
1617	9956.000
1885	9968.200
545	9970.300
3501	9970.400
3177	9970.800
1445	9970.900
85	9971.100
745	9971.500
3237	9972.900
2277	9974.700
73	9986.100
281	9987.700
717	9989.700
837	9989.800
3669	9992.900
2637	9995.900
605	9999.100
2241	10001.500
3593	10003.300
385	10004.200
2993	10004.600
4069	10005.100
1981	10005.900
2737	10006.000
3717	10007.600
213	10008.000
3949	10008.800
1733	10009.100
1369	10009.400
1097	10021.900
3837	10022.400
1817	10023.600
3605	10027.000
597	10029.500
269	10036.700
2713	10037.600
2929	10038.800
545	10039.100
1597	10039.100
65	10039.600
1781	10039.600
2785	10041.400
2153	10041.500
213	10041.900
2765	10041.900
3081	10045.300
493	10056.000
205	10056.500
3369	10056.800
2545	10057.100
1377	10057.400
3685	10060.800
3949	10064.000
2329	10072.100
3249	10072.100
213	10072.200
3297	10072.400
2413	10072.800
3741	10073.000
2265	10073.300
2749	10073.300
2833	10073.300
1973	10073.600
29	10073.800
1925	10073.800
233	10074.300
1793	10074.400
857	10074.500
85	10074.600
3237	10074.600
1657	10074.700
4013	10074.800
421	10075.000
3225	10075.000
473	10075.100
1337	10075.200
457	10075.300
2261	10075.300
373	10075.500
2929	10092.000
2185	10092.200
3817	10093.300
1449	10093.900
481	10096.700
3977	10096.700
3509	10097.500
273	10108.400
1237	10109.100
1601	10109.700
2805	10110.100
3441	10110.100
869	10110.300
1229	10110.600
365	10111.100
2709	10111.100
317	10111.600
1061	10111.700
2645	10112.000
3889	10113.300
3349	10113.700
2153	10114.300
3897	10126.800
3117	10127.200
4077	10127.400
1837	10129.100
213	10129.600
2581	10129.600
2989	10129.800
2945	10129.900
457	10141.800
2441	10143.500
3165	10143.500
4069	10144.200
2577	10144.600
209	10144.900
2065	10145.100
1825	10145.500
1433	10146.300
2345	10146.500
829	10163.000
2773	10163.400
1233	10163.500
2869	10163.500
3613	10163.500
1629	10163.600
1413	10163.700
2241	10163.700
3233	10163.700
2261	10163.800
797	10164.200
2249	10164.300
3585	10164.300
641	10164.500
1725	10164.500
3573	10164.500
1025	10164.900
2937	10164.900
1261	10165.000
709	10165.100
1605	10165.300
3109	10165.300
3889	10165.500
3205	10165.600
1769	10165.800
1849	10165.900
4037	10166.000
1077	10166.100
3597	10166.100
3769	10166.300
3857	10166.600
3745	10183.400
3517	10185.200
597	10193.200
1881	10196.100
2097	10196.400
281	10196.700
3393	10197.400
3217	10197.800
1821	10197.900
1197	10198.900
3193	10199.100
201	10199.300
1233	10199.400
397	10200.600
3365	10213.900
3213	10214.900
345	10215.200
581	10215.300
1389	10215.300
277	10215.800
2441	10215.800
429	10216.000
1701	10216.700
3985	10216.800
121	10216.900
1585	10217.700
1381	10217.900
3785	10218.100
2741	10219.900
457	10231.300
3181	10232.300
1993	10232.900
3265	10234.300
561	10235.500
3045	10248.700
3201	10250.800
3025	10251.500
2537	10251.800
2501	10252.200
1093	10252.400
225	10252.600
745	10252.600
3933	10252.600
3597	10252.700
4125	10252.700
2505	10253.000
2441	10253.300
821	10253.700
797	10255.700
1457	10268.500
2773	10268.600
3261	10269.300
1101	10270.100
3737	10270.100
3473	10270.300
2985	10270.700
3437	10271.100
793	10287.100
3725	10287.200
2989	10293.500
3433	10300.900
457	10301.600
2773	10305.000
1481	10309.600
3945	10310.300
97	10310.700
693	10311.700
821	10313.500
4097	10315.300
2801	10326.900
2661	10328.100
1905	10329.500
121	10330.000
3981	10330.200
4057	10330.400
3217	10331.300
2733	10331.500
3369	10332.100
2565	10332.200
3449	10332.300
813	10332.600
3953	10332.800
1193	10333.000
1429	10333.000
4081	10333.300
1677	10333.400
3873	10334.800
417	10335.200
1557	10346.600
2865	10347.800
1369	10348.600
1957	10350.200
145	10350.600
1585	10350.700
1121	10350.900
3909	10351.800
2881	10363.300
1441	10363.900
3049	10365.700
281	10367.800
457	10378.700
4037	10379.800
477	10381.000
229	10381.500
2277	10382.500
3741	10382.500
3121	10382.600
921	10382.800
445	10383.000
885	10383.500
1249	10384.700
1913	10385.000
1809	10398.800
1109	10398.900
1781	10399.000
1013	10400.300
1925	10400.600
4017	10401.600
1557	10402.600
3237	10402.900
3073	10403.000
2293	10416.100
1845	10419.400
2117	10420.500
3369	10420.900
3689	10424.600
653	10426.000
3345	10426.000
1725	10434.900
597	10436.100
2829	10436.600
1501	10436.900
1365	10437.800
2773	10437.800
1337	10437.900
2837	10438.000
3769	10438.200
2277	10438.900
2513	10439.000
3501	10439.000
9	10439.700
477	10439.700
829	10444.900
1137	10446.700
2353	10450.100
3097	10450.600
3521	10452.300
2653	10452.800
2457	10452.900
2665	10454.500
1825	10456.900
2153	10457.000
3577	10460.000
1717	10460.700
1957	10460.800
3793	10462.000
321	10463.000
3265	10463.000
3761	10463.300
377	10463.500
1233	10464.200
3121	10464.200
1801	10465.300
3537	10474.900
2229	10476.400
2993	10476.900
777	10477.400
941	10477.700
2185	10479.200
2097	10480.400
2437	10480.600
1417	10490.700
3741	10491.900
585	10492.000
1685	10492.400
2369	10492.700
3501	10493.000
597	10493.700
1925	10495.800
