# NEST version: 3.9.0-post0.dev0
# RecordingBackendASCII version: 2
sender	time_ms
13343	501.300
13347	502.200
12615	503.100
12455	505.200
12727	505.200
13731	505.200
13687	505.800
12219	509.100
12479	514.500
12119	515.500
12995	515.700
13791	517.100
12507	517.300
14323	517.500
14043	517.700
13603	518.700
13715	518.700
13183	518.800
13531	519.200
12135	520.800
13727	523.200
14251	523.200
12527	524.300
13795	531.300
14343	541.400
12655	542.100
14303	547.500
13283	548.900
14783	549.400
13923	549.700
14395	551.600
13855	552.900
13187	553.400
13683	553.600
13759	554.300
12207	555.000
12367	556.800
13123	557.000
13883	558.500
14047	558.900
14327	558.900
13671	559.000
12235	559.400
12879	559.600
13727	569.900
13715	570.200
12111	571.300
14307	573.700
12055	574.000
12347	574.000
13223	574.100
12943	574.200
14735	575.000
13371	579.400
12463	580.300
14439	583.200
12811	585.900
13655	588.300
13067	591.500
13131	592.200
13343	595.200
13423	598.200
13471	598.700
14323	598.700
13507	598.900
12699	600.900
12015	601.200
12551	605.400
12339	606.400
12227	607.400
12399	608.300
13731	609.700
14239	610.800
14043	610.900
14191	610.900
12403	614.400
14147	616.300
11979	617.200
14163	622.100
12463	624.300
14319	625.900
12863	626.400
14743	627.700
12579	628.000
12347	636.300
12727	636.900
12427	638.000
12155	639.600
13899	640.900
14795	641.400
14067	642.800
13879	643.000
14043	645.700
13159	648.200
14839	651.600
13095	651.700
13983	651.800
13723	652.500
13027	653.800
13343	654.100
14483	656.000
13411	658.600
13747	659.800
12699	661.800
14011	662.000
14159	662.400
14071	665.600
12463	667.300
13715	670.800
14103	671.100
12227	671.500
12539	672.000
13259	672.200
12875	672.800
13999	673.100
12195	685.000
11971	685.500
13735	686.100
12903	686.600
12935	687.100
14323	687.600
13631	688.300
12783	688.400
12919	688.600
14795	688.700
13939	689.000
14079	698.900
14487	702.900
12407	704.600
13127	705.900
13715	707.600
12607	709.000
12567	710.300
14675	711.100
13479	711.200
12611	711.800
13807	718.000
14251	719.600
13899	720.500
13475	722.300
13815	722.500
13835	723.100
14283	723.700
14843	726.700
12911	726.900
12979	729.500
14043	730.100
13387	732.500
12227	732.600
13267	738.900
12299	739.600
12935	740.500
13411	741.100
13471	743.300
14571	743.800
12919	744.300
14599	744.500
12727	745.600
14515	745.800
11975	747.100
12839	757.900
13631	760.000
14623	760.500
12555	760.700
14543	762.100
13939	764.100
13431	764.500
14547	764.800
12403	765.500
14839	770.500
12319	770.900
13223	778.300
13959	778.400
12587	778.800
14731	780.600
12047	781.300
12655	781.800
13731	782.200
12079	782.500
13651	782.500
12563	787.100
14323	789.100
13055	794.400
12963	795.400
12811	795.500
13019	795.500
12567	795.800
14023	796.000
12555	796.100
14159	796.200
14551	796.200
12455	796.400
12347	796.800
12427	797.400
12615	801.600
12255	803.400
13359	805.900
13343	806.100
14131	812.000
11975	812.100
13811	812.100
14343	812.200
13291	812.300
14439	812.400
13943	812.700
13807	824.100
12047	826.200
14839	827.300
14595	828.800
13267	829.600
13251	832.300
12995	835.200
12719	847.900
13807	848.000
14515	850.300
13347	852.200
12767	856.300
14323	858.700
12391	864.400
14743	865.200
12811	867.900
12427	870.600
12903	870.900
13855	877.400
12487	877.900
14555	878.800
12707	880.700
14591	881.400
14767	881.600
12559	888.600
12047	889.200
14455	889.500
13279	895.400
14739	900.700
13219	905.100
14071	905.200
12167	905.600
13391	907.000
14531	907.100
14207	907.300
12563	908.600
13875	908.900
13167	909.300
13155	909.500
14475	913.100
12347	917.400
13735	920.100
13135	923.400
13207	924.300
12011	927.500
12847	932.700
13791	932.700
12519	933.100
12995	936.200
13735	938.500
12151	940.600
13991	942.100
13031	943.900
13051	944.200
12687	945.100
12783	954.100
12435	955.800
14563	957.600
12403	958.300
14371	959.700
13251	959.800
13919	960.300
12531	960.400
12903	960.400
12571	961.000
13539	961.500
13959	961.500
12119	961.700
12299	961.700
14091	961.700
13003	961.900
14763	962.100
14839	962.500
12615	972.400
13187	978.500
14483	984.000
14711	985.500
12519	985.800
12943	986.700
13575	990.100
13087	992.200
13607	992.900
14723	994.100
13343	994.500
14043	1001.500
12527	1002.600
14751	1002.600
13059	1003.700
12363	1004.600
12855	1006.600
12123	1010.100
12151	1010.600
13027	1010.900
14439	1014.100
12411	1018.400
14067	1022.300
12991	1023.400
13283	1024.200
13771	1025.100
11991	1026.400
12195	1026.600
13955	1028.400
12843	1029.000
14543	1030.600
12699	1031.900
12135	1036.900
13687	1038.600
12619	1040.000
12067	1040.800
14099	1041.200
12047	1043.100
13735	1043.900
14355	1044.300
13359	1044.500
12491	1044.600
13375	1044.600
13427	1045.300
14247	1045.300
12139	1049.100
13731	1049.400
14239	1049.500
12783	1051.300
14159	1054.400
12095	1062.000
13095	1063.200
13815	1064.100
13267	1065.000
12531	1066.600
14267	1071.400
12103	1071.500
14419	1074.000
14515	1075.300
14615	1077.900
13631	1078.800
13839	1079.200
14179	1079.300
12783	1079.500
13943	1080.300
13587	1080.500
13679	1081.000
12463	1082.200
11987	1082.600
14323	1084.600
14463	1084.600
14575	1084.900
12155	1085.200
13563	1086.400
12123	1087.500
12607	1089.900
13915	1090.400
12447	1092.200
12775	1092.300
14251	1092.300
13727	1092.700
12935	1094.100
14287	1094.200
12295	1094.300
14091	1094.500
13603	1095.500
13611	1098.300
13771	1106.100
13959	1109.900
13715	1110.400
12459	1113.700
13803	1117.000
13507	1122.800
14555	1124.600
14127	1125.100
14435	1125.300
12487	1126.700
12707	1127.100
12843	1127.400
14043	1127.700
14175	1128.900
12723	1129.600
14379	1129.700
12335	1130.300
13391	1130.600
13911	1135.700
13855	1144.600
13487	1144.800
13583	1147.300
14515	1148.300
12195	1149.300
13867	1157.200
12479	1158.100
12319	1159.100
12955	1161.700
12247	1162.100
13275	1162.400
13539	1164.100
13787	1169.500
14043	1171.700
13371	1171.800
14215	1172.700
12491	1173.600
14435	1174.700
13003	1175.800
12831	1178.400
13331	1179.400
12747	1182.200
12727	1183.300
12275	1184.400
14147	1186.800
14535	1188.200
12615	1188.300
13735	1188.500
13991	1188.700
14207	1190.900
13771	1192.700
13131	1193.100
13587	1193.600
14303	1194.100
13671	1195.100
14423	1195.700
12403	1195.900
14479	1196.300
14731	1196.500
14679	1197.000
12619	1203.500
12655	1206.300
13731	1207.000
12299	1207.200
13099	1214.700
12871	1214.800
13743	1214.900
12103	1215.100
12987	1215.500
13243	1216.100
13991	1216.200
14555	1217.800
14839	1217.900
12011	1226.000
12783	1228.300
13759	1232.100
13807	1232.300
12911	1232.900
12939	1235.700
12455	1238.000
12563	1239.100
14023	1240.200
12063	1241.200
14535	1243.500
14555	1245.900
12699	1246.600
12811	1248.300
12403	1259.700
14083	1261.000
13155	1261.100
12775	1261.700
13167	1264.600
13631	1264.700
14307	1264.900
14023	1266.300
12683	1266.700
14123	1267.000
13351	1269.400
13991	1269.800
13251	1273.600
14623	1274.700
13447	1275.000
14483	1277.900
14263	1281.200
12551	1283.000
12135	1283.100
14435	1283.100
13851	1283.700
14323	1288.000
13011	1298.900
13759	1299.500
13275	1299.900
14043	1301.100
13771	1303.200
13043	1303.400
13299	1304.100
14543	1304.400
14023	1306.900
13003	1308.400
12227	1308.600
14551	1308.600
12943	1309.200
14067	1313.500
13539	1313.900
13479	1316.600
13027	1317.500
14583	1320.400
14327	1320.700
12855	1321.900
14463	1324.200
13159	1324.700
13979	1331.100
12295	1332.200
13943	1336.700
12563	1337.300
13011	1337.600
14239	1339.500
12707	1341.100
13879	1342.700
13835	1343.400
13347	1343.700
12555	1344.400
12519	1344.600
12831	1345.700
12919	1346.800
11979	1346.900
14307	1347.200
12511	1348.300
12219	1349.900
13367	1352.200
13147	1353.600
14395	1354.700
14355	1355.200
14483	1360.200
13555	1360.400
13911	1361.900
12939	1363.000
12427	1363.800
14371	1364.700
12463	1365.200
12931	1365.700
14711	1366.100
13135	1366.200
13491	1367.800
14067	1368.500
13607	1371.400
13387	1375.400
13735	1381.800
12611	1381.900
13827	1382.900
12771	1385.100
12491	1385.300
13611	1387.100
14711	1388.000
12347	1388.100
12275	1388.300
12115	1388.500
14603	1389.400
12527	1389.500
13027	1389.800
12787	1391.500
13011	1394.100
12123	1400.500
13051	1400.800
12835	1401.500
13719	1402.000
12619	1402.800
12059	1402.900
13319	1403.300
14719	1403.800
13879	1405.100
14251	1407.300
12735	1408.200
13343	1411.600
12391	1415.600
13223	1418.100
14435	1419.100
13091	1420.100
12463	1420.800
14739	1421.300
12095	1421.700
12775	1421.700
13183	1422.600
13259	1429.000
14355	1432.700
12463	1438.800
12871	1438.900
14083	1439.600
12371	1441.300
12551	1441.700
14459	1444.900
13475	1446.500
13051	1447.700
14087	1456.500
12775	1456.700
12379	1457.900
13927	1458.000
12459	1458.200
13167	1461.700
14267	1465.500
13575	1467.000
12707	1467.700
12015	1467.900
12987	1468.700
12699	1470.100
12543	1470.500
13951	1476.600
14763	1479.700
13687	1480.200
14591	1482.100
13643	1484.200
12047	1485.400
12547	1486.600
13539	1487.400
14035	1489.100
12463	1489.200
12111	1489.600
12815	1490.100
12879	1496.000
14503	1498.000
14363	1498.900
12663	1503.100
13795	1503.600
13663	1505.000
14247	1505.000
12295	1505.200
12391	1507.500
12787	1510.100
13347	1510.400
12835	1512.300
13243	1513.900
11975	1514.200
12783	1518.500
14323	1518.700
12751	1519.000
12711	1519.300
14819	1520.000
13387	1520.900
12227	1523.600
13451	1524.000
12247	1525.100
13291	1525.800
13271	1533.400
14043	1533.700
13283	1534.800
14307	1538.900
14343	1540.900
12683	1541.400
12315	1543.200
14247	1543.200
13423	1543.500
14091	1545.300
13911	1545.500
12519	1545.900
12919	1547.600
13715	1552.700
12311	1552.800
13575	1553.700
12227	1555.700
14067	1555.800
13539	1558.000
14439	1558.700
12487	1559.100
13263	1560.100
12347	1560.400
13759	1560.700
13855	1560.700
13027	1563.500
14575	1572.600
12155	1574.200
14839	1576.500
12735	1578.300
13959	1579.100
14107	1579.900
14323	1580.200
13631	1581.100
12123	1586.900
12295	1589.500
13347	1589.900
12667	1590.000
13283	1590.400
12607	1594.800
12463	1595.300
14435	1595.700
12551	1596.900
14323	1598.100
13267	1600.100
12783	1600.300
12527	1605.200
14355	1609.100
12835	1616.700
13671	1616.800
13091	1617.100
12387	1617.500
14023	1618.800
14287	1619.800
12463	1620.600
14555	1622.200
13959	1625.500
14375	1628.100
14091	1635.800
12527	1636.600
14843	1637.900
13863	1639.600
12275	1641.100
12407	1643.000
13015	1647.100
12871	1651.100
13503	1652.200
12151	1652.600
14363	1652.700
14123	1655.300
14739	1655.300
14483	1655.400
12103	1656.300
13343	1657.300
12779	1657.400
13051	1657.400
14379	1660.700
11979	1668.600
14075	1668.700
12491	1671.200
14431	1671.300
11991	1671.500
12403	1671.800
14395	1672.400
12615	1672.700
13451	1674.600
13879	1677.500
12319	1682.900
13267	1683.600
12811	1687.400
14219	1687.500
12687	1690.600
12463	1690.800
14167	1691.000
13807	1691.500
12851	1691.700
12363	1692.900
14003	1693.000
12403	1709.100
12423	1709.600
13791	1710.000
13935	1711.500
12103	1712.500
13751	1713.200
12079	1713.500
13959	1714.100
13411	1714.200
14239	1715.900
14551	1716.100
14531	1722.100
13951	1722.400
13855	1723.500
12615	1724.900
14071	1725.800
12055	1726.100
14439	1726.200
14763	1726.500
12367	1726.900
14359	1727.200
12135	1728.000
12963	1728.000
12371	1733.900
12935	1735.000
13135	1735.000
12191	1735.200
13563	1742.400
13883	1742.700
13283	1743.500
12903	1743.900
14091	1750.600
14283	1750.700
12043	1751.400
14795	1752.800
12303	1753.300
12227	1755.800
12463	1756.300
13671	1756.600
14615	1756.800
13027	1757.000
12615	1758.100
14383	1761.800
14287	1762.900
12031	1763.400
14011	1764.400
12667	1766.200
13899	1766.600
12539	1767.200
12155	1771.900
12619	1773.400
13603	1774.200
13343	1774.300
13959	1774.400
12811	1774.900
14491	1774.900
12655	1775.500
14843	1776.700
14591	1776.900
13479	1779.100
13855	1780.600
13727	1793.400
13227	1793.900
13491	1794.100
14067	1795.100
13747	1795.200
14123	1799.400
12563	1799.500
12235	1802.600
12847	1803.600
12127	1804.200
12211	1805.600
12227	1806.400
12551	1807.100
13879	1807.400
14763	1808.500
13403	1808.900
13803	1809.400
13631	1812.400
14199	1812.700
13087	1813.100
13027	1814.400
13791	1814.800
12423	1817.600
12919	1824.900
14783	1825.600
13071	1825.700
12787	1826.500
14327	1826.600
13643	1827.100
14371	1828.000
14023	1828.300
12727	1828.400
14823	1828.400
13335	1828.900
12811	1829.800
14527	1833.300
12943	1835.500
12007	1836.900
12055	1842.800
12155	1843.500
11991	1844.600
12303	1845.700
12479	1846.100
13855	1849.500
13883	1849.900
14239	1857.700
12707	1858.300
12463	1858.400
12123	1860.200
14215	1861.400
12119	1863.000
14043	1865.000
13951	1866.400
12295	1872.500
12835	1872.600
12823	1874.000
12935	1875.500
14135	1876.400
14371	1879.200
14251	1879.600
12047	1881.700
13539	1882.300
12219	1883.800
14687	1884.300
14247	1885.100
12563	1890.800
14307	1892.400
12651	1893.400
14427	1897.300
14007	1898.900
14287	1904.300
13111	1905.400
14363	1907.500
12811	1908.500
11987	1909.900
13343	1910.400
12931	1914.900
12463	1916.500
14619	1917.600
14251	1917.700
14523	1918.000
12559	1918.700
12607	1921.300
11999	1922.800
14435	1923.000
13687	1923.400
12875	1923.700
13011	1927.300
12731	1928.700
12319	1928.800
13655	1930.900
12759	1931.100
13783	1933.200
13691	1934.100
13051	1936.000
12387	1936.200
14195	1936.300
12123	1937.300
14403	1943.500
13843	1944.700
12919	1947.200
14371	1948.400
14247	1949.100
14343	1949.700
13879	1950.200
12551	1951.000
14743	1951.800
13335	1953.600
13351	1954.100
14307	1954.900
13575	1956.500
12563	1959.200
11991	1964.900
12383	1967.500
12047	1969.100
12543	1969.800
12343	1975.200
13027	1978.500
13135	1980.000
13607	1981.400
12843	1981.500
14043	1981.500
13771	1982.300
14287	1984.300
12899	1985.600
12727	1986.500
12615	1987.700
13015	1988.400
13583	1991.500
12315	1992.900
14839	1997.500
13855	1999.100
14435	1999.400
13043	1999.500
13887	2000.600
12995	2000.800
12807	2001.300
12319	2004.500
13135	2007.900
12987	2008.300
13911	2016.500
12227	2016.600
14439	2017.400
14043	2018.200
13475	2020.100
14307	2020.600
13159	2022.500
12047	2024.200
12919	2024.500
12735	2026.200
12527	2026.600
13003	2027.100
14739	2027.200
14483	2028.000
12219	2031.600
12371	2033.700
13943	2035.500
14435	2035.800
13235	2037.800
13027	2039.800
13411	2040.000
13539	2040.900
12227	2041.900
13687	2045.600
14535	2046.000
14263	2046.300
14319	2050.100
12563	2051.400
13791	2055.700
12283	2059.100
14251	2059.800
14467	2061.400
12811	2061.800
13735	2066.500
14603	2066.500
13011	2066.700
12539	2067.300
12759	2067.400
13051	2075.500
12427	2075.600
12943	2077.000
13515	2084.000
14023	2087.700
13759	2089.100
12195	2090.800
13183	2092.300
14743	2103.400
12067	2104.100
12299	2105.200
11991	2105.300
14599	2105.400
12427	2105.500
13803	2105.700
13083	2106.600
13115	2113.900
14595	2115.100
14067	2115.700
13027	2115.900
12527	2116.300
13771	2116.500
13587	2116.600
12047	2117.000
12755	2118.200
14735	2121.100
12607	2122.000
13727	2122.000
12127	2122.400
13243	2124.800
12735	2130.200
14167	2132.200
13735	2133.000
12783	2138.900
13623	2141.900
13651	2142.100
12079	2142.900
14375	2143.700
13267	2147.800
13855	2149.000
14591	2149.800
14251	2150.200
13363	2150.900
12839	2151.200
14011	2151.800
12735	2153.300
13991	2153.600
13879	2155.200
13027	2155.800
12799	2157.800
14255	2158.700
12403	2160.800
12727	2165.800
11991	2166.100
12043	2166.200
14239	2167.500
14543	2167.800
12731	2168.000
14719	2168.300
12619	2168.400
13631	2169.200
12783	2169.300
12899	2169.900
12615	2170.000
14371	2170.200
12759	2171.400
12183	2172.500
13791	2176.500
12379	2177.200
12991	2179.500
13943	2183.900
12707	2186.500
14043	2186.900
12295	2190.500
13763	2190.700
13903	2191.000
12391	2191.200
13343	2192.800
13423	2196.600
13267	2197.500
14487	2197.500
12727	2200.600
14395	2204.600
13223	2205.000
13959	2205.400
12151	2206.800
14843	2206.900
13027	2207.300
13975	2208.000
13891	2208.700
13623	2212.100
14403	2213.800
13135	2214.600
13003	2217.600
14251	2221.400
13051	2223.600
13539	2224.800
13759	2226.300
14595	2226.500
14555	2226.800
13115	2227.000
14263	2227.000
12235	2227.100
12747	2228.800
12655	2229.600
12783	2229.800
13723	2229.800
14419	2230.900
14623	2235.900
13523	2236.600
14307	2239.400
12731	2239.800
14363	2243.000
12227	2243.300
14839	2243.400
13015	2243.500
14287	2249.700
12327	2250.700
14319	2255.100
13131	2259.300
12215	2260.100
13283	2266.800
14623	2267.100
12227	2267.300
12703	2267.400
11991	2268.300
12463	2271.400
12615	2276.900
14343	2276.900
14819	2281.300
13183	2281.700
14843	2282.500
12123	2282.900
14283	2283.100
13119	2283.700
13879	2284.200
13863	2285.400
12707	2285.600
13027	2285.900
13423	2286.000
12847	2286.600
13335	2287.200
14287	2300.700
14251	2303.800
14067	2304.300
13159	2305.000
14599	2310.000
12191	2313.400
14339	2314.400
12463	2314.700
13347	2316.900
13855	2317.500
13647	2317.900
12811	2318.900
12619	2319.700
13991	2320.200
14327	2324.300
13879	2324.600
12579	2328.200
14815	2329.600
12531	2341.000
13919	2343.500
12747	2345.600
14455	2345.600
12335	2346.900
14011	2347.000
13751	2349.500
13095	2351.000
13475	2352.400
13683	2355.300
13319	2355.700
12015	2358.400
12503	2360.600
13615	2371.100
13815	2371.100
13879	2371.400
12187	2371.500
14251	2371.700
11991	2372.000
12031	2372.000
12227	2372.200
13607	2372.600
14783	2372.600
14807	2372.800
12047	2390.000
14319	2391.300
12519	2392.300
13539	2392.800
12299	2392.900
13335	2393.200
13427	2393.300
12427	2394.100
12911	2395.100
12919	2401.000
12099	2401.500
12655	2402.700
12219	2403.900
13771	2406.600
12463	2407.000
12155	2408.100
14067	2409.200
12347	2410.600
14159	2411.000
13687	2411.600
14263	2415.500
13011	2418.800
14543	2419.200
12615	2421.900
12979	2422.200
14363	2422.800
14831	2423.200
13071	2424.800
13879	2425.800
12563	2426.100
14323	2426.600
13607	2427.400
12787	2428.100
13259	2428.100
13803	2428.200
13727	2428.400
11971	2429.200
12823	2437.300
13207	2437.500
12839	2440.400
13799	2441.300
14071	2441.700
13219	2445.500
12835	2446.700
13951	2446.900
14323	2447.300
14631	2448.200
13631	2452.000
14287	2452.800
12579	2453.400
13939	2453.900
14327	2454.100
14123	2458.500
12171	2458.800
13123	2459.800
12699	2460.000
13351	2462.000
14303	2465.700
12295	2467.800
11991	2468.600
12491	2473.100
14247	2477.500
14379	2479.200
14183	2483.000
12731	2483.900
13419	2489.600
13883	2490.300
14307	2490.900
14479	2491.300
12343	2492.600
13223	2494.900
12427	2506.700
14783	2506.900
12463	2507.500
13623	2507.500
12295	2508.700
12027	2509.100
11987	2512.200
14483	2512.800
13455	2514.100
12103	2514.400
14835	2515.000
13583	2515.300
14303	2518.900
12347	2519.200
13759	2519.600
14559	2520.900
12663	2521.200
13507	2521.600
13283	2521.700
12183	2524.300
12535	2524.300
14335	2525.700
12747	2526.200
14439	2526.300
14799	2526.600
12527	2527.100
12719	2527.900
14227	2531.600
14571	2531.700
13267	2533.800
13135	2539.700
13911	2542.100
13159	2544.400
13343	2544.500
12219	2544.900
13611	2545.100
12287	2545.400
14783	2545.400
13595	2545.800
13803	2546.500
14055	2548.300
12619	2553.000
12563	2554.300
13403	2555.800
12727	2557.700
14363	2559.800
11975	2561.500
13687	2561.900
12735	2562.000
13575	2562.800
12499	2564.600
12747	2567.100
12783	2569.100
14023	2579.700
12607	2584.600
13675	2584.600
14199	2585.900
14595	2588.600
12319	2589.800
12463	2590.300
13759	2591.700
14307	2594.200
12227	2595.500
13731	2595.700
14819	2596.400
13991	2596.600
14603	2599.600
12727	2601.600
13267	2601.800
13855	2606.600
13347	2607.100
13479	2612.300
12191	2612.800
14267	2615.300
14015	2626.000
12731	2628.200
14319	2629.500
14579	2629.500
13699	2629.600
13759	2629.600
13803	2630.800
13391	2633.900
13727	2634.900
13879	2638.700
13267	2639.800
12563	2642.700
13523	2643.400
14599	2644.900
14251	2645.500
13631	2647.500
14831	2649.600
13863	2650.600
12055	2650.900
12247	2650.900
12047	2651.400
14695	2651.400
14763	2658.200
14107	2658.700
12227	2662.100
12347	2665.000
14591	2665.200
14735	2666.200
14307	2666.400
14071	2666.600
12799	2666.800
12219	2667.900
12899	2671.800
12655	2673.000
14555	2684.800
14023	2686.800
13923	2688.100
13095	2688.400
13379	2688.800
12615	2689.600
12311	2690.000
13067	2690.100
12783	2690.200
13959	2690.300
12735	2691.100
12527	2693.800
12619	2694.100
13539	2695.800
14251	2696.400
12047	2696.800
13723	2706.100
14591	2706.200
12731	2707.300
14483	2707.500
13015	2708.100
13939	2709.500
13659	2715.900
14579	2716.400
14839	2716.400
13063	2716.600
14555	2717.000
12463	2723.000
12131	2725.200
13803	2726.800
12699	2730.300
12023	2735.200
13879	2739.800
14247	2741.100
14783	2741.300
14455	2743.300
13555	2751.600
13803	2754.900
12815	2755.300
14179	2755.500
12783	2756.400
13615	2756.500
13459	2756.900
12655	2757.200
12235	2757.900
14775	2758.000
12751	2763.400
14483	2765.800
14307	2768.000
13223	2769.600
13167	2776.100
14403	2777.600
13719	2778.200
14599	2779.600
12779	2780.700
12023	2784.900
13855	2785.000
13971	2790.700
12563	2795.000
12263	2795.900
13879	2796.400
13447	2796.700
14583	2800.400
12615	2804.500
13935	2805.500
13411	2805.700
13135	2806.500
13243	2806.800
14623	2807.300
13343	2808.100
13475	2808.600
12911	2809.300
12151	2809.600
13631	2812.100
13059	2814.200
13891	2815.400
13427	2816.500
12991	2823.600
13731	2823.600
14643	2824.000
12747	2824.200
14555	2824.200
12667	2824.600
12163	2824.700
12655	2824.700
13483	2824.700
14591	2824.700
13043	2825.900
12219	2832.000
13027	2833.100
12159	2834.200
14619	2836.100
13343	2838.300
13379	2840.200
14023	2840.800
12715	2841.300
14423	2842.300
13943	2842.600
14563	2843.700
13011	2844.400
14323	2845.400
14251	2851.300
13979	2853.600
11967	2856.100
14483	2858.000
13283	2859.900
14779	2860.000
13899	2860.500
14207	2860.800
14519	2861.600
13815	2861.900
13347	2864.400
14043	2866.800
14743	2867.000
14035	2867.700
12679	2880.200
12819	2881.800
13371	2886.400
14583	2886.500
13267	2890.600
14687	2890.800
12899	2892.600
13275	2893.200
13491	2894.500
14043	2895.200
12447	2895.300
13391	2895.600
13923	2895.600
13003	2895.900
12299	2896.400
12095	2896.900
12459	2897.000
14271	2897.000
13335	2897.100
13911	2897.300
13855	2897.400
13539	2897.600
14419	2897.900
12487	2898.100
14023	2901.000
12383	2907.600
12963	2909.200
12619	2909.900
12219	2910.800
14739	2910.900
13803	2915.100
14307	2917.500
12299	2919.900
12979	2921.900
12747	2923.000
12783	2923.000
12151	2924.300
13211	2925.600
14515	2925.900
11991	2926.100
13343	2927.200
12519	2932.000
13623	2932.200
12155	2936.200
12463	2941.100
12979	2942.800
12347	2944.300
12079	2944.700
12011	2946.400
12559	2949.400
13127	2953.000
14107	2956.000
14395	2958.600
14763	2959.300
13943	2959.700
13863	2960.000
13987	2965.100
14023	2965.300
12059	2969.300
13731	2972.900
13735	2973.000
13671	2973.800
13951	2974.400
12547	2974.700
12731	2976.900
13635	2981.200
13991	2982.800
13791	2985.900
12663	2987.800
12811	2988.100
12527	2988.400
12591	2988.800
14515	2988.900
12783	2990.200
14435	2990.500
13139	2993.400
14695	2993.500
11975	2993.900
12463	2994.500
12155	3004.800
14023	3005.700
12295	3006.000
11991	3007.100
14779	3008.900
13575	3009.700
13563	3014.500
13299	3017.200
14179	3020.000
11971	3023.400
13719	3025.100
13479	3025.500
14555	3030.100
13879	3030.400
14627	3031.200
14219	3032.000
12055	3032.300
14035	3033.400
12835	3037.300
13855	3039.800
12519	3041.600
12227	3042.300
13863	3042.700
13911	3044.800
13959	3045.800
14251	3046.500
13795	3053.900
12811	3056.300
13235	3057.800
12783	3058.800
12731	3060.200
14307	3061.200
12619	3061.300
13079	3062.900
13807	3063.200
12607	3064.500
13279	3066.300
13351	3067.200
13951	3067.700
12847	3068.600
13391	3068.900
14199	3073.100
13011	3073.800
12319	3074.200
13027	3074.300
13291	3075.000
14323	3088.900
13971	3090.300
14603	3094.900
14051	3096.900
14167	3097.400
13959	3099.500
12091	3101.700
13387	3101.800
14627	3102.800
12303	3102.900
12459	3107.600
13935	3110.300
12347	3110.500
12787	3111.000
13575	3111.800
14195	3113.600
13051	3115.200
12111	3116.600
13267	3117.600
12763	3117.700
12783	3118.400
12887	3118.400
13223	3118.600
13311	3118.700
13391	3119.500
12699	3119.600
12727	3119.800
13563	3121.100
13627	3124.300
14323	3125.700
12835	3127.800
12563	3130.900
13723	3132.600
13159	3134.900
13031	3136.400
14043	3136.900
13959	3138.600
13167	3140.900
13291	3142.200
13735	3151.600
12531	3153.900
12463	3154.600
12295	3155.900
12155	3156.800
12047	3158.900
11991	3159.000
13027	3160.500
14583	3160.700
13399	3162.000
12299	3162.500
12031	3163.100
12219	3164.800
13715	3164.800
13347	3165.200
12811	3166.000
14363	3166.000
13555	3166.100
14815	3169.300
14023	3170.700
13427	3170.900
13607	3171.900
12403	3177.500
14483	3179.300
14307	3180.100
14795	3180.400
13611	3180.800
12759	3181.000
13523	3181.600
13863	3182.500
12579	3182.800
13015	3185.000
13071	3185.300
12347	3185.900
14435	3186.700
12191	3187.500
12839	3190.900
14423	3191.100
13003	3197.700
12615	3200.700
12527	3204.200
13931	3205.100
13735	3205.500
13943	3205.900
12991	3206.800
13855	3208.600
14355	3208.900
12759	3212.000
13031	3218.200
13531	3219.200
13987	3219.200
12151	3220.200
12811	3220.800
12735	3221.100
14735	3225.400
13259	3227.900
12463	3230.000
12479	3231.000
14839	3231.900
14307	3232.200
13603	3235.300
14731	3237.300
13803	3237.400
12455	3238.600
13811	3238.900
13943	3245.300
14843	3245.500
12619	3246.700
12827	3247.300
12783	3247.400
12491	3247.600
12995	3247.800
12403	3248.000
14275	3248.500
13235	3252.900
14503	3255.100
12615	3256.600
12219	3259.100
13027	3260.800
14363	3262.400
14515	3263.100
12823	3263.800
12467	3264.400
12455	3264.600
14091	3265.100
12411	3265.500
12551	3268.500
14323	3281.800
14287	3282.400
12123	3282.700
12407	3282.700
12099	3285.100
13423	3293.700
12619	3294.600
12611	3295.700
13267	3295.800
14591	3298.600
12427	3299.300
12191	3299.600
12947	3300.200
14499	3300.600
12403	3301.400
13391	3304.100
14043	3306.000
13575	3307.600
14575	3312.200
13927	3313.300
13835	3315.400
14119	3315.600
12591	3316.900
12303	3317.600
14631	3317.600
12047	3317.700
13003	3318.800
14315	3319.100
14219	3320.100
14571	3320.600
13791	3320.900
12219	3322.300
13715	3328.200
14839	3330.300
14251	3330.600
13475	3330.900
13267	3331.100
12563	3331.600
12619	3331.600
12607	3334.200
12807	3335.000
13751	3335.400
12655	3336.300
13631	3343.200
12971	3343.400
12123	3344.000
12139	3344.200
13687	3345.400
12155	3346.000
12487	3346.000
13803	3348.200
12787	3349.800
14307	3351.300
12099	3355.900
12783	3356.400
14623	3356.400
13959	3360.700
12251	3364.300
14379	3364.500
14099	3366.000
13247	3367.900
12975	3371.600
12731	3371.900
13807	3373.400
12023	3373.600
12047	3373.700
12055	3374.200
12463	3376.300
13643	3378.400
14071	3378.400
12035	3378.500
12391	3379.600
12163	3380.100
13391	3380.600
14435	3381.100
13731	3386.300
12459	3392.900
12907	3392.900
12611	3393.400
12219	3394.700
14003	3401.500
13343	3406.600
14371	3411.400
14403	3412.400
14175	3412.600
12555	3412.700
14435	3413.000
12115	3413.600
13111	3417.300
12615	3423.200
12727	3423.200
13943	3424.000
12531	3425.200
12871	3425.500
13551	3426.100
14571	3427.100
13155	3429.000
13971	3430.200
13115	3431.200
14067	3431.200
13523	3435.000
12135	3437.300
13771	3437.600
14819	3440.300
13267	3446.400
14483	3447.300
12427	3447.500
12843	3452.500
12479	3457.500
14323	3458.200
12839	3464.500
12747	3464.900
12227	3470.500
12139	3472.700
12527	3472.800
12783	3472.800
12319	3472.900
13735	3473.100
12183	3479.200
12787	3481.900
14327	3482.900
14435	3484.800
14363	3488.100
14483	3488.700
13631	3489.900
13003	3494.200
11991	3494.900
12491	3497.400
13715	3504.400
12151	3507.100
12219	3508.900
13879	3509.400
14743	3510.800
14007	3511.700
13023	3513.000
12811	3515.900
14343	3516.700
14307	3517.200
14319	3517.800
14739	3525.800
14555	3526.900
14735	3534.200
14695	3536.000
14251	3536.300
14167	3536.600
14551	3536.600
12655	3539.400
13643	3540.800
13943	3541.600
12843	3550.800
13715	3552.200
14007	3552.400
14739	3552.600
12783	3553.200
14307	3556.800
12463	3560.400
12731	3560.400
13735	3560.900
12211	3561.100
12455	3564.900
12615	3565.200
13027	3566.200
14807	3569.100
12403	3572.200
12215	3572.800
14099	3574.000
12227	3574.900
12139	3575.100
13587	3579.600
13879	3580.800
13731	3581.100
14091	3581.200
12427	3582.000
12195	3588.400
13051	3589.700
12463	3591.300
14067	3591.300
12727	3592.100
13687	3592.900
12487	3599.600
13791	3608.000
13539	3612.100
14355	3612.700
12875	3613.900
13943	3613.900
13523	3614.300
14023	3615.600
13623	3617.000
14543	3617.800
12707	3618.100
11979	3621.600
13411	3629.200
14455	3629.400
13587	3629.800
14011	3631.300
12723	3631.600
12811	3631.800
14123	3631.900
13879	3632.300
13919	3634.800
13595	3636.900
13731	3637.000
13095	3644.900
13799	3645.700
12123	3646.700
14339	3646.900
12863	3647.600
13291	3647.600
12607	3648.000
12815	3650.700
13079	3651.900
13935	3656.300
14515	3661.800
13283	3662.200
13119	3663.400
12031	3664.000
14571	3664.500
13735	3664.600
13343	3664.800
14743	3665.400
12991	3670.100
14839	3670.100
13479	3670.300
12871	3672.400
14455	3679.800
14799	3682.900
12943	3683.000
14759	3683.400
12019	3685.300
12727	3685.900
12187	3686.200
14123	3686.800
11975	3693.900
12811	3700.100
14571	3700.600
12747	3700.700
12783	3701.000
14251	3701.000
12123	3701.100
13855	3701.100
13351	3701.200
12527	3701.400
12847	3702.100
13319	3702.100
12607	3703.600
14711	3704.500
13635	3705.900
12767	3710.100
13687	3713.100
13427	3714.700
13219	3715.800
13563	3720.100
12463	3721.300
14307	3721.900
14151	3722.300
13911	3723.700
14743	3724.200
13631	3725.800
13491	3727.000
13559	3728.600
14227	3733.300
12307	3733.500
12403	3737.600
12527	3738.900
13715	3746.200
14011	3746.900
13119	3747.900
12519	3751.400
12047	3752.100
14563	3752.500
13999	3753.000
14159	3756.800
14395	3762.600
13699	3764.800
14463	3770.100
13983	3773.700
14279	3773.700
13187	3774.200
12759	3774.600
14571	3774.700
13051	3774.900
13147	3775.000
13391	3775.200
13259	3775.800
12227	3776.700
13879	3780.300
13875	3780.900
13803	3786.800
12743	3788.200
14583	3791.100
13855	3791.200
12299	3793.200
12979	3794.000
13795	3794.100
13071	3794.400
12731	3794.800
13723	3795.400
14555	3796.300
13123	3796.600
14499	3799.000
13735	3806.800
12699	3808.600
12387	3808.800
14247	3809.000
13847	3809.600
14503	3812.900
13159	3813.200
12063	3814.200
13247	3814.200
13347	3814.400
13219	3814.500
14807	3814.700
13243	3814.800
13267	3815.900
14719	3821.400
14483	3824.000
14263	3824.900
14707	3828.300
13335	3828.700
14491	3828.800
13087	3830.100
13255	3830.100
12871	3830.800
13563	3832.000
14067	3840.800
14167	3845.200
14107	3845.400
13743	3845.500
12543	3845.700
12455	3845.900
13699	3847.300
13479	3848.400
13283	3848.700
14023	3849.400
13771	3849.600
13179	3850.000
11991	3850.200
14327	3850.200
12299	3850.400
12759	3851.000
13951	3851.100
12731	3851.200
12519	3851.500
12727	3852.500
13391	3855.800
14071	3857.500
14691	3861.300
13931	3864.500
12527	3869.800
13943	3870.200
13879	3870.800
12667	3871.500
13855	3872.000
12115	3875.000
13899	3878.000
14483	3879.000
14591	3881.600
12879	3884.200
13587	3887.600
12799	3888.300
12039	3888.800
12759	3890.800
12163	3896.300
13527	3903.600
14167	3903.800
14531	3904.900
12155	3905.300
13975	3906.400
13863	3906.800
13331	3908.100
12727	3916.400
14067	3916.500
13803	3920.300
12851	3921.900
13719	3923.400
13587	3924.600
14491	3927.900
14043	3928.300
12379	3928.900
14499	3929.300
13459	3929.400
14251	3929.900
14843	3934.500
12123	3938.700
14623	3942.000
12811	3943.200
13607	3943.800
12555	3944.600
13603	3946.500
14259	3947.000
12055	3948.500
13631	3949.300
14247	3949.300
13959	3949.900
13023	3950.100
14067	3950.200
13715	3951.500
13943	3954.500
12843	3957.500
12231	3957.800
13051	3958.100
12491	3959.900
13159	3961.300
13863	3962.900
12347	3963.900
13179	3964.100
13459	3964.200
12987	3964.600
12923	3970.300
12991	3971.400
14591	3974.900
12011	3977.900
12155	3979.800
14427	3980.800
12463	3980.900
13735	3981.300
12731	3982.200
12911	3983.300
13855	3983.500
12151	3992.000
13939	3993.500
13731	3996.300
12123	3997.500
14159	4003.100
13283	4004.300
13275	4008.400
14783	4017.000
14491	4018.000
14471	4020.200
14323	4020.300
14043	4020.400
14023	4021.000
14251	4022.700
14483	4022.900
12699	4023.100
13583	4030.800
13935	4033.100
14439	4034.800
12919	4036.100
13027	4036.100
12227	4037.400
12899	4038.000
14591	4038.400
13959	4038.500
12971	4041.700
12775	4041.900
14743	4041.900
13607	4045.200
14067	4046.600
12615	4048.800
13943	4049.300
13619	4050.800
13459	4050.900
12859	4056.800
13735	4057.300
14479	4059.100
12435	4060.500
14735	4061.600
12039	4061.700
13879	4071.900
14515	4072.100
12195	4072.900
13727	4074.800
14067	4075.100
12547	4075.300
13959	4076.300
12699	4077.700
13427	4087.700
12863	4087.800
12403	4088.900
13175	4089.800
13715	4090.800
12919	4095.700
12527	4096.300
12123	4096.500
14191	4097.200
14535	4097.400
12655	4100.000
14167	4101.100
14339	4101.900
13735	4102.800
14623	4103.300
13339	4103.700
12019	4103.900
12811	4104.200
12611	4105.300
12371	4108.600
12631	4109.100
13043	4109.800
14499	4110.300
12731	4110.500
14695	4110.500
14371	4111.300
12095	4111.900
13787	4117.600
12299	4117.700
13111	4118.000
14591	4123.200
13959	4123.900
13291	4124.000
13383	4124.800
11991	4126.200
14251	4126.900
13131	4130.000
14363	4130.100
13883	4130.800
12951	4140.200
12123	4142.500
12215	4142.700
14583	4143.100
14123	4143.200
12327	4143.400
12195	4144.900
13343	4145.000
14483	4145.100
13295	4145.300
14839	4146.900
13719	4148.000
12899	4149.200
14799	4149.200
13971	4150.400
14195	4151.100
13815	4151.700
12427	4157.000
14247	4158.100
12347	4159.200
14127	4159.300
13735	4160.900
12319	4161.100
13855	4162.800
13671	4166.500
13051	4169.800
13555	4169.800
12643	4170.700
12131	4171.100
14371	4171.500
14239	4171.600
13183	4172.100
14043	4175.200
12747	4177.600
14455	4183.200
13575	4185.100
14483	4185.600
12455	4185.800
14363	4186.200
14159	4186.700
12363	4187.200
13631	4187.500
13427	4187.800
12887	4189.500
12227	4192.100
14323	4194.800
12095	4197.000
13347	4197.700
14091	4200.900
12551	4203.500
12615	4205.700
13611	4205.900
12667	4207.100
14055	4207.400
13623	4211.700
12447	4215.300
14351	4216.800
13435	4217.500
12319	4218.300
12527	4221.400
14743	4222.700
14043	4223.500
14023	4230.000
12943	4235.000
13759	4235.700
14323	4239.500
14679	4240.000
13927	4240.300
14515	4240.800
13259	4244.500
12463	4245.100
14555	4249.300
14655	4253.300
12615	4255.400
14591	4256.200
13319	4256.300
13159	4262.000
14043	4262.300
12783	4264.900
12227	4267.200
14307	4269.600
12507	4270.600
14067	4270.700
12911	4271.700
14007	4273.400
12455	4274.200
13687	4274.900
14435	4275.100
14159	4279.300
13791	4281.500
14099	4281.600
13747	4286.000
12619	4289.100
12031	4291.100
12047	4291.800
14623	4292.800
14503	4298.700
14739	4299.800
13759	4303.500
12403	4304.400
13731	4305.500
14599	4306.000
12903	4306.100
14399	4306.100
14827	4310.000
13155	4313.700
14339	4315.300
14839	4316.000
12939	4317.200
14147	4321.000
11987	4321.700
14471	4323.400
12935	4325.500
13219	4326.000
13339	4326.700
14555	4331.500
14043	4336.700
13363	4336.800
14711	4337.700
12991	4339.500
12335	4340.200
12039	4340.700
12403	4341.900
13555	4343.800
12555	4344.300
12055	4344.700
12811	4355.200
12655	4358.400
13959	4359.300
13659	4359.400
12943	4359.700
13735	4359.900
12107	4360.500
14371	4370.400
13751	4371.200
12235	4374.200
12247	4374.800
12095	4376.200
13911	4376.200
13563	4377.200
12563	4378.500
13975	4379.100
14247	4380.500
13391	4380.600
13855	4380.800
12783	4381.300
12191	4381.400
12403	4381.600
13935	4384.600
12127	4389.900
14307	4391.000
12979	4392.700
14067	4395.000
12551	4397.400
14071	4397.500
14251	4398.100
14435	4399.600
12527	4399.900
13939	4400.600
13971	4400.800
13879	4402.100
14743	4403.400
12783	4405.100
13683	4407.400
14355	4413.200
13771	4414.900
14819	4416.300
14531	4419.000
13979	4419.300
14323	4419.500
14595	4419.600
12275	4420.000
12095	4420.100
14023	4420.300
14071	4420.700
13611	4421.200
13987	4421.800
12235	4422.900
12383	4434.900
12151	4436.900
14827	4438.700
12219	4438.800
13459	4441.700
14651	4443.700
14175	4444.600
14551	4445.400
14307	4445.700
13283	4448.200
14375	4448.600
13939	4450.300
12223	4451.600
12011	4452.600
12591	4453.300
13423	4454.500
12123	4456.500
13943	4456.500
13867	4457.300
14167	4457.300
14423	4457.400
14255	4458.800
13855	4460.200
14591	4461.400
13235	4465.300
12919	4468.200
12687	4468.300
13371	4470.500
12079	4474.900
13003	4474.900
13735	4477.100
13095	4478.200
13991	4478.200
13731	4478.700
13027	4480.500
14267	4485.700
14535	4485.800
12687	4490.300
12891	4491.900
11975	4492.800
14251	4494.800
14023	4497.200
13671	4497.500
13919	4498.800
14075	4500.000
12747	4504.500
14783	4505.600
11991	4506.000
13499	4506.600
13463	4507.100
13351	4507.600
13715	4508.900
14555	4512.000
12335	4513.900
13167	4514.200
13935	4517.200
13391	4522.000
13223	4522.900
11991	4523.300
12531	4525.000
13855	4526.600
12655	4527.000
12527	4527.200
12227	4527.500
13243	4528.300
12619	4528.800
14535	4529.700
12911	4542.700
14499	4545.100
12163	4545.900
14391	4546.500
14163	4549.100
12115	4549.700
12563	4550.500
12519	4550.800
14571	4553.000
12123	4553.600
12543	4553.700
14087	4557.700
13807	4558.100
14307	4558.200
13679	4559.700
12267	4563.200
12735	4563.700
13343	4569.200
12551	4570.200
13683	4572.700
12683	4573.000
13159	4578.400
12155	4579.400
13331	4581.800
14231	4583.700
12387	4584.000
12235	4586.100
12343	4586.200
12507	4586.500
13319	4587.500
12783	4589.100
14251	4589.200
14375	4589.200
14343	4594.800
12655	4595.600
13011	4595.700
13959	4596.000
12835	4600.700
13943	4603.500
12159	4604.400
12735	4604.500
14107	4604.600
13463	4604.900
14603	4604.900
12551	4605.000
12811	4605.000
13347	4605.100
14743	4605.400
13187	4610.000
12615	4618.000
12799	4618.500
12187	4620.100
13523	4621.500
14331	4622.000
14555	4627.000
13651	4634.000
14471	4634.300
13715	4634.900
13951	4635.500
12215	4636.300
14579	4636.500
12223	4636.800
12431	4636.800
14023	4637.300
14531	4637.500
14251	4637.800
12727	4643.000
13183	4643.200
14515	4648.500
12235	4652.000
12615	4654.400
13967	4656.600
12055	4657.100
12735	4660.000
11979	4661.800
14483	4664.900
12487	4665.800
12783	4668.000
12071	4669.300
13287	4669.600
14755	4670.100
14599	4670.300
14307	4670.700
14519	4670.900
12839	4671.300
13423	4675.800
14835	4677.300
13119	4682.100
12811	4686.100
12747	4687.100
14111	4687.100
13011	4689.400
12931	4699.400
12379	4704.200
13471	4704.800
12687	4704.900
14619	4706.100
14343	4707.300
12115	4707.400
12223	4708.700
12551	4710.300
12527	4713.500
12811	4714.500
14047	4717.500
12519	4718.400
12991	4720.900
14323	4721.300
12563	4721.500
12463	4729.600
14011	4730.700
13027	4731.500
13487	4734.400
14807	4735.200
14071	4736.700
12315	4738.100
13147	4739.100
13067	4739.900
14067	4740.100
13975	4740.200
12319	4741.200
12471	4742.400
12155	4752.100
12871	4752.700
13183	4753.500
14079	4754.100
13879	4754.600
14251	4755.100
12227	4756.000
12031	4760.300
13635	4765.800
11991	4770.700
14023	4772.300
13791	4775.100
13983	4775.300
13855	4784.800
13903	4785.300
14071	4785.300
13943	4786.800
14571	4788.200
12543	4793.300
12911	4797.200
12899	4798.600
14263	4804.700
14043	4805.100
13055	4806.400
13331	4807.200
12615	4808.000
12103	4810.100
13011	4810.400
12799	4814.600
13735	4814.600
12183	4817.600
13931	4818.600
12979	4822.600
11991	4823.000
13135	4824.300
14307	4824.600
13899	4826.100
13747	4833.200
13879	4833.200
13259	4833.900
12991	4834.800
12319	4835.000
14287	4835.300
12811	4835.400
12155	4838.200
13599	4838.300
14067	4847.200
13431	4848.300
12835	4849.300
12979	4858.800
14511	4860.700
14739	4862.000
13879	4869.800
13523	4870.600
14371	4870.600
13451	4871.000
12547	4871.700
14595	4871.700
12439	4872.800
12055	4877.100
12155	4883.900
14251	4883.900
13303	4885.000
12931	4885.200
13283	4886.000
13555	4886.300
13199	4890.400
13791	4892.400
12463	4892.500
14591	4894.300
14067	4898.400
13131	4899.700
14051	4900.200
14003	4902.400
13623	4905.000
14167	4905.900
12727	4906.400
13003	4907.000
13727	4911.600
13159	4912.000
12615	4913.200
14491	4913.400
12759	4913.800
13359	4913.900
12031	4917.200
12935	4918.600
13959	4918.600
13879	4918.700
13719	4920.400
12699	4927.900
12811	4928.300
13699	4929.300
12619	4929.500
12011	4932.100
12347	4932.700
13267	4933.000
14755	4933.700
14471	4934.200
12151	4937.600
14575	4940.900
13603	4942.100
14435	4942.700
12579	4948.500
14843	4951.100
13003	4951.800
12839	4952.300
12655	4952.400
13879	4952.900
12831	4953.300
13727	4954.100
13607	4955.200
13035	4961.900
13279	4965.900
12971	4966.400
12215	4968.000
12195	4968.200
14783	4969.100
12967	4972.800
12275	4979.300
12903	4981.500
13955	4982.000
13943	4982.100
13299	4982.500
12895	4983.700
13475	4984.200
14023	4984.400
12699	4985.700
13347	4986.700
12047	4987.200
13715	4994.000
12747	4996.300
12055	4997.000
12835	5002.600
13343	5002.600
13159	5002.900
12643	5003.600
14283	5005.800
12223	5006.200
14463	5006.200
12219	5007.700
13631	5009.500
14399	5010.200
12899	5013.200
13135	5013.600
14591	5013.900
12103	5014.400
14483	5014.800
14043	5019.000
12879	5019.600
12979	5020.500
12467	5021.300
13147	5025.500
14351	5026.000
13735	5026.600
13459	5027.900
12839	5028.000
12811	5030.200
14007	5030.600
13959	5031.100
14799	5033.500
14099	5039.200
14011	5041.100
14739	5041.100
13359	5041.800
13027	5042.600
12803	5042.800
13971	5042.900
12119	5044.500
13575	5044.600
12219	5044.800
12779	5047.600
12463	5047.800
12267	5048.000
14535	5051.700
14195	5054.100
13283	5055.000
13267	5057.600
14783	5058.000
13671	5058.800
14043	5059.500
12991	5060.700
12835	5062.100
13879	5063.600
12487	5066.000
12923	5066.300
12055	5067.100
13319	5067.800
12735	5068.400
12855	5070.000
13459	5077.100
13539	5078.400
14351	5080.600
13607	5083.500
14839	5085.000
14371	5085.400
12227	5090.300
12299	5090.500
14435	5093.600
14175	5096.800
12843	5098.300
13879	5098.700
14695	5099.800
12335	5109.600
13367	5110.900
12427	5111.700
12295	5111.800
13003	5114.100
13055	5114.400
13343	5115.900
14263	5116.800
13451	5117.500
12455	5117.800
13927	5118.200
12043	5120.500
12719	5120.800
13815	5121.000
14363	5122.000
13319	5125.800
13939	5127.400
14475	5130.200
13867	5131.600
14307	5133.000
12459	5133.200
14711	5133.300
13991	5135.600
13735	5136.400
14439	5136.500
13331	5137.800
13463	5140.000
12319	5143.200
12123	5143.400
13951	5148.000
13635	5149.100
14043	5149.500
14515	5149.700
13995	5152.300
13007	5152.400
13583	5153.200
14147	5165.000
14067	5165.400
14635	5167.900
13671	5168.800
13663	5169.000
12991	5174.700
12047	5178.800
12687	5178.900
13031	5179.700
13051	5182.100
14343	5182.300
12011	5182.700
12383	5183.000
12787	5183.200
13087	5189.200
13991	5190.300
13591	5191.800
14439	5192.600
14435	5194.000
14839	5196.300
12655	5198.300
13531	5198.800
14783	5198.900
12279	5203.200
14371	5204.600
12135	5206.700
13931	5208.500
14007	5209.000
14023	5211.500
13959	5213.900
12187	5215.100
12619	5215.700
13855	5218.200
12783	5220.000
14795	5220.100
12115	5221.000
14551	5221.700
12727	5222.400
14583	5222.900
14303	5223.700
12811	5227.600
12215	5228.400
12219	5229.000
12747	5229.500
12091	5230.900
14395	5233.400
12699	5233.600
13631	5234.200
12055	5235.100
12991	5236.700
14207	5237.000
14595	5237.100
13735	5237.400
13531	5244.300
14123	5244.500
14363	5245.200
14563	5245.200
12463	5249.300
13527	5254.400
14435	5254.600
12295	5257.900
14595	5266.200
13879	5270.500
14247	5273.400
14599	5273.700
12463	5273.900
14159	5274.600
12055	5275.900
12859	5277.600
12467	5278.300
12555	5280.100
13731	5280.900
14711	5288.400
13119	5291.900
12811	5292.900
12483	5293.000
14043	5293.000
12131	5293.600
13055	5294.000
14583	5298.700
12783	5302.200
13347	5306.500
12559	5307.100
13531	5307.400
12103	5311.200
12979	5313.000
13011	5313.600
13815	5318.300
12295	5321.800
13631	5323.800
13043	5324.300
14371	5324.900
14263	5325.000
12391	5325.100
13259	5325.400
12355	5325.800
14239	5328.400
14603	5328.700
12563	5329.100
13575	5329.200
14159	5329.900
12751	5330.300
13807	5330.900
13539	5332.000
12155	5333.100
12263	5339.900
13759	5340.200
12215	5340.500
14515	5341.800
13995	5342.600
14531	5342.800
14395	5343.800
12535	5344.000
12047	5344.100
12135	5348.100
11971	5349.800
13595	5349.900
13135	5354.200
14047	5358.700
14043	5359.600
13959	5360.800
12843	5369.400
13275	5373.300
12995	5373.700
14199	5374.200
14595	5374.900
13587	5375.000
13691	5375.600
13391	5376.300
12803	5376.700
14551	5376.900
12039	5377.100
14515	5379.200
13299	5379.300
12891	5380.200
14695	5380.300
12471	5381.300
11979	5385.100
13207	5389.200
13699	5389.400
14567	5393.500
12615	5394.500
12619	5394.900
11991	5395.300
13479	5395.300
13879	5395.400
12411	5395.500
14499	5395.500
12751	5395.600
13807	5396.100
13087	5401.700
12727	5405.100
12015	5406.000
12539	5406.200
13735	5406.200
14735	5406.300
14103	5406.800
14307	5407.300
14071	5409.400
12459	5411.500
14843	5418.100
12383	5418.600
14091	5420.000
14819	5420.100
14343	5427.000
14179	5428.700
12951	5439.200
12479	5440.400
14043	5440.400
12447	5441.300
14323	5441.400
13539	5443.500
12527	5444.600
14563	5449.900
12507	5450.000
13475	5451.000
13855	5451.900
14011	5454.000
12407	5455.000
12427	5455.100
12611	5455.800
13171	5456.700
12707	5462.400
14023	5462.400
13011	5466.400
13719	5470.100
14251	5471.900
12455	5472.000
12759	5472.000
14711	5473.500
12831	5475.000
14591	5480.200
14767	5484.900
14323	5487.800
14123	5490.600
13935	5491.600
12595	5492.600
14223	5492.600
14843	5495.500
12743	5497.600
13771	5498.300
12527	5498.900
12427	5500.400
12383	5502.000
14179	5504.500
13631	5505.600
14287	5506.200
13971	5506.400
14071	5507.900
13523	5508.300
12823	5510.700
13043	5511.400
14043	5511.700
13943	5512.500
13723	5513.100
13855	5519.400
13111	5521.600
14591	5524.200
14023	5524.700
14255	5526.400
13175	5527.000
12347	5528.000
13027	5533.300
14163	5534.700
14583	5534.800
13679	5534.900
14159	5536.000
14307	5536.800
12227	5537.200
14595	5537.400
14487	5539.700
13407	5543.400
14691	5544.800
14071	5548.500
13275	5553.300
13759	5555.100
14023	5555.500
14355	5555.700
13343	5556.400
14311	5557.800
12123	5558.500
13635	5561.100
12615	5561.700
12811	5562.100
13143	5562.800
14567	5568.100
13611	5571.400
14079	5571.500
13431	5572.300
13027	5572.600
13755	5572.700
12927	5572.900
14251	5574.100
12727	5575.700
14559	5576.800
14011	5577.300
13723	5581.600
13879	5585.200
12971	5586.800
12763	5587.100
14499	5587.700
12371	5587.800
14067	5589.800
13051	5591.500
12031	5592.400
14759	5593.400
14579	5594.100
14743	5606.500
12463	5606.600
13267	5607.500
14195	5607.600
12831	5608.100
13575	5608.200
12527	5608.600
13943	5609.000
14515	5609.400
13475	5611.500
12299	5616.600
11991	5619.900
12319	5619.900
14483	5620.600
14175	5626.100
13687	5628.000
14575	5628.200
12491	5628.300
13635	5628.400
13951	5628.700
13975	5629.200
12783	5629.500
14623	5629.500
12295	5629.700
13343	5630.100
11971	5631.000
12991	5631.100
13763	5639.100
14667	5641.300
14535	5642.300
14587	5644.100
14043	5645.200
13679	5650.600
13791	5660.300
12155	5662.800
14043	5664.900
14167	5666.600
14839	5678.500
12519	5678.700
14783	5679.000
14003	5679.200
12903	5679.800
13955	5680.200
12047	5681.500
14067	5682.400
12463	5683.100
14743	5685.100
13735	5686.700
13599	5687.300
14843	5687.600
14603	5690.400
13283	5690.600
13343	5690.600
12811	5696.900
12115	5697.400
13563	5697.700
12619	5701.400
13099	5702.400
12843	5705.100
12851	5705.600
13475	5712.000
13063	5714.500
14835	5714.800
12103	5715.000
13743	5715.200
14359	5715.400
13003	5715.500
14779	5715.500
13799	5715.600
12315	5716.300
13715	5716.600
13159	5717.000
12771	5717.200
12775	5717.800
12783	5717.800
12803	5718.300
14307	5718.800
12995	5732.200
14435	5732.700
12619	5733.500
12931	5733.600
13491	5733.700
14207	5734.300
12235	5734.400
13343	5734.600
13267	5738.300
14023	5740.600
12991	5743.200
13427	5745.500
13087	5747.900
13027	5748.800
12655	5749.200
13003	5751.200
12979	5751.600
14239	5754.900
14251	5755.800
13111	5756.000
13575	5756.500
13563	5767.000
12555	5767.900
12035	5768.000
14423	5768.500
14555	5768.500
13855	5771.300
14623	5779.400
14251	5780.100
12699	5780.500
11979	5782.900
13943	5784.200
14167	5784.800
12187	5789.800
12227	5789.900
14483	5793.900
14635	5800.500
14043	5804.400
14247	5805.300
12835	5805.500
13403	5805.800
13855	5805.800
13283	5806.300
13319	5808.400
12055	5810.900
13335	5811.600
14491	5815.200
12655	5815.500
11971	5816.800
14779	5817.800
12347	5817.900
12991	5822.500
14323	5822.700
13219	5824.100
13835	5827.600
12463	5830.400
13335	5831.500
12979	5835.000
12775	5836.600
13643	5842.500
13123	5844.300
12047	5844.800
13759	5846.500
12227	5848.500
12879	5850.800
12459	5851.500
14491	5851.500
14483	5852.700
13803	5857.100
13731	5859.100
12531	5863.200
14735	5863.200
12195	5863.400
12055	5863.600
12463	5863.600
12987	5863.800
13383	5863.900
14691	5863.900
13723	5864.700
13791	5873.000
13003	5873.900
14819	5874.700
13759	5876.000
13343	5879.800
12099	5880.000
12843	5881.000
13111	5890.500
13019	5892.800
14103	5893.400
14363	5893.600
12615	5894.900
13671	5902.900
12547	5904.100
12527	5904.400
13791	5904.800
14043	5904.900
12723	5913.300
12775	5913.500
13343	5916.800
12151	5924.400
14055	5925.100
14099	5925.100
14375	5925.900
13963	5926.000
14571	5926.100
13647	5926.200
13587	5927.300
13583	5928.400
12815	5930.200
13487	5935.700
12347	5937.400
13575	5941.100
12123	5942.800
12319	5943.000
13727	5943.600
13771	5943.600
14763	5944.300
13911	5948.900
13023	5951.000
14287	5955.000
13347	5956.800
14147	5958.000
13411	5965.700
12439	5966.500
13563	5966.500
13131	5966.800
12991	5966.900
12043	5967.800
12023	5968.100
12615	5969.400
13731	5970.000
14067	5973.900
13607	5978.700
13975	5979.100
13711	5979.300
13303	5980.900
12479	5983.200
14783	5983.500
13803	5985.300
13735	5985.700
14575	5985.900
12155	5987.100
14007	5993.400
12463	5994.900
12747	5995.500
13635	5997.600
14603	5997.900
13051	5999.300
14551	6001.300
12783	6002.300
12599	6007.600
12339	6012.300
12319	6012.400
13911	6013.300
13671	6015.800
14055	6016.400
14403	6017.100
12219	6018.500
13283	6020.300
12031	6030.400
12607	6030.600
14011	6030.600
12775	6031.400
14819	6033.000
12047	6035.800
12919	6036.500
12435	6037.700
14251	6038.100
12731	6038.600
12247	6038.900
13291	6039.000
13555	6039.600
13527	6040.200
12843	6044.000
12687	6046.800
14067	6046.900
12195	6047.400
14603	6055.100
13975	6055.200
12727	6055.400
13603	6055.800
12319	6058.800
14215	6071.700
13959	6074.000
13455	6074.400
14839	6074.900
13803	6080.900
13267	6083.700
13715	6083.800
13747	6087.800
14099	6089.500
13911	6089.700
13119	6095.100
12463	6097.400
12839	6098.800
14555	6102.600
13947	6103.900
13719	6104.200
12875	6104.500
13759	6104.700
13247	6104.900
12427	6105.000
12227	6105.700
13659	6105.900
13523	6109.900
14723	6110.500
13343	6111.200
12879	6116.200
13771	6117.400
12299	6117.500
13515	6121.200
12747	6122.400
12111	6128.800
13595	6129.600
12155	6131.400
14491	6134.300
14499	6134.500
13803	6136.100
13791	6137.300
12047	6138.200
13863	6142.200
12619	6143.100
14159	6145.900
14247	6147.400
14175	6152.300
13255	6152.700
12923	6155.900
12079	6157.000
13267	6157.700
12779	6158.000
14323	6158.400
13735	6158.500
13135	6162.800
12103	6166.400
13879	6168.000
14251	6168.500
12731	6169.300
13687	6169.700
12347	6171.000
13471	6173.300
14827	6173.400
12363	6175.900
12839	6179.300
13771	6181.200
13111	6184.100
13275	6185.900
14023	6186.700
13283	6187.400
13343	6188.300
14355	6191.000
12391	6192.700
14067	6194.500
13879	6199.000
13971	6203.400
13575	6204.300
13715	6204.400
14011	6205.300
12023	6206.500
14375	6207.600
13863	6208.000
14159	6209.400
14831	6210.000
14055	6210.600
14623	6210.700
12319	6211.500
13103	6213.400
12151	6213.800
13803	6215.900
13223	6219.400
14323	6219.600
14819	6220.300
12083	6220.500
14307	6221.500
13091	6223.000
12707	6223.700
14071	6234.500
14251	6235.600
13959	6246.200
13267	6246.400
12039	6252.700
14159	6256.200
13715	6263.000
12403	6263.500
14091	6263.800
13879	6264.000
14655	6265.300
12811	6266.000
11975	6269.500
14603	6269.600
12319	6269.800
12731	6273.600
14743	6284.000
14251	6284.300
12751	6285.700
12299	6292.200
13275	6292.600
14579	6293.800
12727	6298.900
12735	6307.700
12615	6308.100
13011	6309.400
12563	6309.600
14555	6312.200
13971	6318.300
14307	6329.500
14591	6329.900
11975	6332.300
12527	6332.300
13715	6334.000
12731	6336.600
14827	6337.200
12535	6337.400
13355	6338.000
12911	6340.600
12223	6341.100
13159	6342.000
13931	6342.000
12551	6342.400
12655	6344.300
13631	6345.900
12103	6346.400
12031	6347.200
13283	6349.000
12439	6349.500
14303	6355.900
13111	6356.600
12787	6357.100
12131	6358.000
12427	6358.300
14343	6359.000
12299	6359.500
13219	6359.800
14491	6359.800
12051	6370.100
13727	6370.400
14763	6372.700
12471	6374.800
13699	6374.900
12463	6376.300
12127	6376.400
13575	6376.500
12235	6376.700
13735	6377.200
13319	6379.000
12831	6385.600
12911	6385.900
14479	6386.700
12055	6390.400
12095	6392.000
13323	6397.100
12903	6397.400
12687	6398.600
14571	6400.900
14499	6402.800
13883	6404.100
14839	6406.100
13803	6406.500
12783	6413.900
12467	6414.100
13531	6414.300
14307	6415.100
12699	6416.200
14571	6417.200
14555	6417.800
12583	6419.700
13651	6422.900
13159	6425.000
14067	6427.700
11991	6429.800
12403	6429.800
12727	6433.300
12731	6433.300
13143	6433.300
12195	6437.500
12707	6443.900
13803	6447.500
13855	6449.100
14551	6451.700
13411	6454.700
14483	6455.900
14307	6458.400
14251	6459.600
12479	6459.800
14763	6459.800
14515	6467.100
13223	6467.300
13267	6468.300
13343	6468.400
12219	6470.900
12775	6474.400
12223	6474.800
12911	6476.800
12395	6477.500
14783	6478.100
13027	6480.300
13271	6481.600
13899	6482.100
13043	6484.600
13391	6485.100
12491	6488.400
13959	6495.700
13927	6496.100
13995	6497.400
12371	6499.700
13375	6499.800
12015	6500.000
13731	6500.100
14771	6509.700
12935	6510.900
13363	6514.700
13027	6516.200
12295	6517.500
14427	6521.200
12699	6525.800
13563	6533.900
13951	6535.800
12031	6536.000
13283	6536.400
13771	6537.400
13095	6543.800
14103	6544.900
13271	6546.000
13879	6548.300
14483	6549.100
12835	6552.000
14047	6556.200
14423	6557.500
12455	6558.500
12047	6563.400
13267	6565.100
13883	6567.200
14823	6567.500
13831	6570.300
12235	6570.400
12295	6570.800
12783	6571.400
14099	6579.100
13855	6581.100
12879	6584.700
12155	6585.100
12907	6585.800
13283	6586.800
13555	6587.800
14239	6588.400
12903	6589.300
13055	6591.100
12219	6592.700
13011	6593.600
13027	6593.900
13671	6597.800
13719	6598.000
14247	6599.500
13867	6600.100
14467	6600.100
12835	6604.900
13803	6606.400
12227	6607.200
14707	6607.300
12995	6607.800
14307	6608.000
12851	6608.100
13575	6612.300
12267	6618.400
13447	6619.800
14219	6620.100
13947	6621.100
13223	6623.800
14503	6625.900
13259	6626.700
12135	6626.800
12063	6627.000
12155	6627.200
12619	6627.200
14215	6627.600
12831	6628.800
13343	6630.500
12707	6633.200
14743	6639.300
14247	6641.000
14251	6641.900
12115	6642.400
14323	6642.600
12031	6643.100
12659	6643.100
13879	6643.400
12811	6643.500
13071	6643.500
12751	6643.800
12071	6644.000
12315	6644.200
14567	6644.200
12227	6647.300
12175	6658.000
12135	6659.700
13995	6664.700
14731	6664.900
13803	6665.600
14051	6665.800
13703	6667.800
13391	6668.100
13735	6670.000
13295	6671.800
12899	6672.400
14267	6674.200
12407	6674.900
14571	6675.300
13011	6680.400
13027	6685.600
14839	6689.100
13235	6689.800
13855	6690.700
13979	6691.500
14495	6692.300
12103	6693.300
12991	6694.400
12611	6696.300
12423	6696.700
12531	6703.500
14363	6705.400
12727	6706.300
13267	6706.300
12563	6706.500
13143	6706.900
12839	6707.100
13883	6707.200
14307	6707.200
12803	6707.500
13487	6707.500
12931	6707.700
12347	6708.500
12399	6708.600
14011	6713.100
13331	6714.900
13959	6720.000
12811	6725.000
12759	6729.700
12735	6731.000
13483	6731.500
12315	6737.100
12799	6738.100
14591	6739.500
14043	6744.700
13623	6745.400
13987	6745.700
13243	6745.900
14839	6749.300
14011	6750.600
13267	6750.800
13355	6751.400
12519	6753.200
13539	6757.500
14183	6757.500
13235	6758.300
12943	6758.600
12535	6759.300
13715	6759.900
13847	6761.400
12383	6762.900
12615	6762.900
12727	6763.800
13943	6764.300
13939	6765.500
12539	6765.600
12731	6772.300
13343	6773.100
13603	6773.300
14363	6775.200
13027	6777.600
12699	6778.000
14439	6778.300
13411	6781.900
13079	6782.800
14307	6782.800
13835	6784.500
14319	6785.200
13159	6786.000
14067	6786.000
14219	6789.800
13563	6790.000
13751	6790.800
14535	6791.200
12079	6792.000
11991	6794.300
13975	6795.600
13879	6800.200
13731	6800.600
13959	6800.700
12687	6800.800
13791	6801.400
12135	6808.500
12039	6810.300
14251	6810.400
12787	6810.600
12455	6811.200
13043	6811.300
13139	6811.900
14067	6822.100
12527	6828.600
14319	6828.900
14071	6831.500
14011	6832.200
14287	6833.500
13691	6833.800
14411	6834.000
12267	6836.000
14839	6836.300
14199	6845.000
14371	6845.200
13159	6846.000
13855	6847.800
12951	6851.000
12155	6861.800
13959	6864.000
13267	6868.900
12399	6869.900
14479	6873.700
14603	6873.700
13735	6876.100
13119	6880.400
14439	6880.600
13183	6880.800
13347	6881.800
12403	6882.700
12247	6882.900
12547	6888.700
14071	6894.100
14695	6894.200
14307	6894.600
13675	6897.800
12227	6899.200
13671	6899.900
13575	6900.400
13715	6910.100
12911	6910.900
12047	6911.700
12455	6911.700
14599	6912.500
14763	6912.600
13563	6915.500
14551	6920.500
12615	6920.700
14515	6931.900
12187	6936.900
12551	6941.900
14783	6941.900
14483	6945.200
13531	6948.700
12463	6949.000
12651	6951.000
13799	6951.100
14527	6952.800
13283	6953.100
12527	6954.000
13679	6954.000
13167	6955.600
13603	6957.100
12319	6957.200
12811	6958.100
13975	6968.100
12991	6969.500
14247	6973.200
14167	6974.000
12527	6974.600
14183	6978.500
14743	6979.600
13791	6981.700
13051	6983.100
13671	6991.900
12811	6992.000
12855	6992.000
13379	6992.400
12727	6994.000
13879	6996.900
12127	7001.600
14775	7003.000
13863	7004.400
12123	7004.900
13027	7007.300
14319	7008.800
12031	7008.900
14251	7009.200
13791	7009.800
13351	7011.800
12607	7015.100
14363	7020.500
14455	7020.900
13971	7021.400
12047	7021.800
13207	7021.800
12803	7022.400
13343	7022.600
13927	7022.800
14011	7023.300
14603	7025.200
14491	7025.500
13459	7027.300
12455	7036.400
12611	7036.900
13911	7037.500
14271	7037.900
12283	7039.500
13471	7042.600
12123	7043.800
14339	7043.800
14099	7044.600
13511	7048.200
13447	7051.300
13879	7052.200
13411	7054.500
14559	7055.100
12919	7057.400
12899	7060.800
12727	7061.400
12519	7061.800
13391	7061.800
14199	7065.200
13131	7069.500
12991	7069.800
12227	7073.400
14591	7074.200
14247	7075.400
13087	7075.500
14395	7075.500
13363	7075.600
12139	7077.600
12555	7077.700
13911	7087.000
13735	7087.500
13283	7088.600
14251	7090.400
12535	7090.700
13371	7092.900
13855	7093.100
13727	7097.100
13943	7101.500
13631	7105.300
14159	7105.500
12679	7106.000
12171	7106.600
14191	7107.400
13719	7107.800
12235	7110.000
12563	7110.200
13991	7110.200
12615	7110.700
13407	7110.800
14563	7111.400
14683	7111.400
14783	7120.100
12455	7125.200
13735	7126.700
14483	7127.200
12787	7128.300
12295	7128.400
12831	7128.400
13627	7128.900
13807	7129.200
12471	7129.400
14287	7130.400
14215	7131.000
12379	7132.800
12047	7132.900
13471	7133.200
14735	7133.500
12595	7133.700
12463	7136.400
14351	7142.300
14071	7143.200
14247	7144.000
13283	7147.500
13071	7148.600
14423	7150.500
13575	7150.600
13607	7155.200
13723	7155.900
13883	7156.000
12511	7157.600
12195	7162.900
13951	7164.700
14251	7167.700
13879	7167.900
12743	7168.100
13251	7178.100
12715	7179.900
13363	7183.600
14591	7183.700
14071	7184.400
14735	7186.500
13787	7199.300
14371	7201.300
14043	7202.300
13619	7203.500
12215	7204.500
12079	7204.800
13111	7217.400
14067	7218.700
13479	7219.500
13855	7220.300
13267	7223.400
13119	7225.600
14575	7226.900
14023	7227.300
14263	7229.600
13631	7231.500
12775	7233.400
14071	7236.600
12991	7238.400
12647	7241.200
12859	7241.500
12135	7242.100
13027	7243.200
12783	7243.300
12047	7245.000
14287	7245.900
13771	7246.800
14483	7247.400
13955	7247.500
12707	7250.600
13003	7251.500
14735	7254.500
13475	7254.600
14435	7256.800
13991	7257.000
14043	7257.500
12551	7261.000
14023	7261.200
13735	7262.500
13131	7264.400
12371	7265.200
13047	7265.900
14407	7268.900
13803	7270.900
13835	7271.400
12771	7272.100
12079	7279.700
13055	7280.100
12463	7280.400
12527	7281.800
13343	7282.800
13735	7283.900
14099	7284.300
13631	7285.200
13711	7285.200
13335	7285.700
13391	7289.400
12355	7298.500
12003	7299.300
14675	7299.300
12903	7299.700
14267	7300.000
14307	7301.400
12347	7301.700
12227	7302.800
12275	7303.100
13291	7304.400
14535	7304.700
12195	7306.000
12295	7306.500
12455	7307.200
12487	7307.700
13687	7309.100
14555	7317.000
12047	7318.100
14355	7319.800
13451	7321.800
12187	7322.200
12463	7322.200
11991	7322.800
13427	7323.400
13343	7325.500
13879	7325.900
13423	7328.700
12255	7332.100
12003	7334.900
14743	7336.200
14315	7336.700
13575	7336.900
12263	7339.800
12131	7340.800
13331	7341.900
12531	7343.800
13959	7347.600
12491	7355.200
12631	7355.600
13971	7362.600
14483	7362.600
13791	7365.700
12347	7366.100
13391	7367.400
14739	7367.400
13911	7367.700
12227	7368.600
12775	7368.700
12231	7368.800
12403	7370.400
13659	7370.500
13259	7370.700
13159	7376.200
14551	7376.400
13855	7376.900
13407	7377.900
14067	7381.800
13003	7383.400
12055	7383.700
13295	7383.800
12387	7384.000
12811	7385.600
13543	7386.200
12727	7386.600
13727	7387.200
12015	7387.600
13475	7388.200
14323	7389.200
12699	7393.000
14263	7394.200
14799	7394.900
14319	7397.000
14631	7398.600
12563	7399.200
14383	7399.700
12511	7400.800
13347	7401.500
14031	7401.500
12903	7406.100
13791	7406.500
12479	7410.500
14543	7410.500
14043	7414.900
12127	7416.700
14247	7416.700
12759	7417.100
13231	7418.500
13223	7422.300
12427	7422.800
12811	7423.300
12039	7424.100
12183	7424.200
14783	7424.300
14251	7425.200
12111	7426.000
13663	7427.000
13631	7427.100
13643	7429.600
13899	7431.100
13539	7435.400
12543	7438.500
12439	7441.000
12855	7441.500
14579	7441.900
12043	7442.900
14483	7442.900
12995	7443.100
12463	7443.700
12839	7443.700
14267	7446.300
13911	7448.100
14067	7448.200
12619	7448.700
13435	7452.000
13067	7452.900
13595	7452.900
12219	7456.100
12991	7460.400
13267	7460.500
14071	7462.000
11975	7462.600
13475	7463.500
13159	7464.700
13447	7468.400
12071	7469.700
14739	7471.300
12903	7473.100
14187	7474.500
12551	7475.600
14499	7476.900
13575	7477.400
13959	7478.000
13123	7479.800
12215	7483.700
12087	7487.300
14035	7488.100
14695	7488.400
14371	7489.000
14719	7489.200
12379	7489.600
13175	7489.600
13311	7489.700
13339	7489.700
13167	7490.500
13343	7492.000
14779	7492.300
14091	7495.200
14267	7495.300
13735	7498.500
12399	7499.900
14247	7500.300
12047	7504.800
12183	7505.700
12423	7505.900
13791	7506.600
13031	7508.100
14455	7508.300
12463	7509.300
12159	7510.300
12615	7513.300
14323	7514.000
13159	7514.100
12043	7521.400
12619	7522.400
13651	7525.000
13591	7526.200
12011	7526.600
12023	7527.000
12535	7527.100
13903	7527.200
12655	7527.800
14147	7529.000
14159	7530.500
14339	7530.800
12563	7535.000
14363	7535.000
14483	7544.100
13059	7544.200
12747	7545.100
13427	7546.600
14375	7548.500
14843	7550.300
14359	7555.700
12783	7558.200
14167	7559.100
12919	7561.200
14687	7561.900
12619	7562.200
14367	7562.300
13231	7564.100
13891	7564.800
12911	7566.200
14611	7576.300
12723	7576.600
13063	7578.600
14839	7580.200
12463	7585.900
12219	7586.400
14115	7590.700
12047	7591.700
12427	7592.800
12811	7595.200
13043	7600.100
14595	7605.300
13715	7611.600
13759	7611.600
13683	7617.100
12831	7617.400
13295	7619.300
13283	7621.500
12227	7625.500
12783	7626.600
14591	7627.100
12187	7629.700
12055	7629.800
12395	7633.100
14327	7634.800
14107	7639.900
14023	7640.500
13855	7641.100
12783	7651.400
12511	7657.600
14195	7658.900
14167	7660.800
14555	7662.300
13747	7662.400
13527	7663.200
13631	7663.400
14251	7663.600
14599	7663.600
13011	7663.800
13735	7665.000
12183	7673.000
12247	7676.700
14371	7677.300
12195	7678.100
13715	7679.100
13623	7679.800
12319	7681.400
14163	7683.300
12779	7688.100
13283	7691.000
14251	7691.100
14515	7695.500
13811	7701.900
12423	7702.000
12155	7702.300
12519	7702.500
12539	7703.100
14115	7710.300
12047	7713.900
14371	7714.500
13143	7715.500
13071	7716.200
14363	7716.700
12031	7717.200
13235	7717.200
13959	7717.900
12563	7718.000
12783	7718.300
12219	7718.600
12463	7719.100
14267	7721.100
14827	7721.100
14319	7730.400
14327	7730.900
13299	7732.700
13927	7732.700
12151	7734.300
12155	7738.700
13815	7738.700
12735	7739.800
13899	7741.500
14175	7743.100
13803	7743.400
11983	7743.700
14515	7743.900
14503	7745.400
13943	7745.800
12487	7748.500
13391	7751.800
13343	7759.100
13883	7760.200
13167	7763.200
14383	7764.500
12615	7765.400
13131	7766.400
13563	7767.200
14427	7773.100
12775	7775.900
13011	7776.400
13875	7776.600
12835	7782.000
12959	7783.800
12391	7785.200
13715	7785.700
14323	7788.400
14071	7788.600
12299	7789.300
13815	7789.600
13347	7791.300
13635	7794.400
12903	7796.400
12847	7798.700
13059	7800.500
13923	7802.000
14783	7802.500
13803	7802.700
13951	7803.200
14327	7804.600
14003	7805.100
12195	7805.300
12527	7807.500
12235	7810.200
14843	7811.100
13283	7812.500
13267	7812.600
14087	7812.700
13811	7813.000
13159	7813.600
12979	7819.100
12319	7820.200
13879	7824.600
12619	7825.200
12995	7825.400
12783	7825.600
14551	7827.900
14023	7831.500
13587	7835.400
12819	7836.900
12919	7841.300
14815	7843.600
12595	7845.200
12331	7845.500
12971	7846.200
13855	7846.300
14011	7847.700
13475	7849.200
13563	7852.300
12531	7853.500
14739	7856.200
14455	7856.800
12687	7858.700
14427	7858.800
13735	7861.000
12811	7862.800
13667	7862.800
13339	7868.100
14307	7868.100
12031	7869.200
12047	7869.700
12159	7871.100
12619	7873.500
12707	7873.900
12783	7875.400
13959	7876.500
12727	7876.600
13043	7876.600
13855	7876.800
14071	7886.800
14635	7886.900
14391	7888.100
14711	7888.400
13687	7889.500
12127	7889.700
14195	7891.500
13911	7893.800
14251	7895.100
12551	7902.100
14815	7902.500
12879	7907.000
13603	7907.600
12463	7909.200
14555	7909.300
13267	7909.700
12403	7910.500
12099	7913.800
13235	7914.100
12971	7915.100
14307	7920.100
13723	7921.800
12543	7926.500
12067	7930.800
13159	7931.400
12731	7931.800
14323	7933.200
14327	7934.400
13135	7935.900
13427	7935.900
14123	7943.000
14043	7947.400
12899	7949.700
12727	7949.800
12699	7950.200
13343	7956.100
14831	7957.300
13055	7958.800
12783	7959.900
12055	7960.100
14011	7960.200
14483	7961.200
13267	7961.300
12619	7962.000
12803	7962.500
12967	7963.100
14071	7963.800
13035	7964.400
14531	7967.300
13031	7976.700
12895	7978.700
13575	7978.900
12471	7979.100
14455	7979.100
14515	7979.100
13175	7979.300
13459	7979.400
11979	7979.500
12879	7979.600
12095	7980.400
13803	7981.100
12759	7981.200
13631	7987.000
12427	7991.900
12187	7997.500
13951	7997.700
12843	7997.900
13479	7999.600
12971	8000.400
13003	8003.200
13911	8004.000
13379	8005.100
14591	8006.600
12891	8007.200
12783	8011.500
12463	8011.900
12403	8013.100
13971	8014.000
13523	8014.400
13655	8014.400
13855	8021.400
12391	8026.100
12155	8027.300
13027	8027.700
14239	8028.500
13447	8029.500
13863	8029.800
12831	8030.500
14175	8031.100
14407	8031.300
13987	8033.200
13943	8035.100
14343	8035.300
12267	8035.600
12759	8035.600
14091	8035.700
12315	8036.300
14739	8036.700
14127	8038.000
12507	8038.100
13135	8038.900
12399	8041.200
14251	8044.900
14247	8047.200
13903	8047.900
12527	8048.000
13319	8048.800
12275	8049.100
12779	8049.300
13351	8049.500
12747	8052.300
13123	8057.000
13603	8057.800
13739	8058.900
14843	8059.700
14167	8062.600
14675	8062.600
14391	8063.600
14735	8064.100
12843	8064.200
12995	8069.300
12195	8077.200
13943	8080.400
14171	8082.100
13619	8082.600
14307	8086.000
13635	8092.400
13319	8097.200
13011	8097.600
13335	8099.500
12699	8100.000
13715	8100.100
13391	8100.300
12203	8100.700
13671	8101.300
12403	8105.200
12479	8106.100
14207	8110.900
13735	8113.800
13523	8114.200
13959	8114.800
13051	8116.200
14483	8116.900
12227	8117.200
13267	8119.300
14603	8119.400
12783	8119.800
12579	8121.600
14267	8122.500
13539	8124.000
12155	8125.800
13803	8135.200
13587	8136.100
12787	8138.900
14043	8139.000
12023	8139.300
12123	8139.400
12599	8139.700
12707	8140.200
14319	8143.500
13943	8145.800
13715	8153.100
13003	8155.000
12727	8155.600
12843	8156.100
13559	8156.100
14631	8156.200
14323	8156.500
12219	8160.200
13087	8168.900
12463	8176.800
13687	8178.500
13259	8178.600
14779	8179.900
13803	8182.900
14363	8184.100
14483	8187.000
12615	8188.000
13343	8188.300
12155	8192.700
13759	8192.800
12783	8194.000
14067	8194.800
12075	8195.400
12571	8196.500
14311	8198.000
12463	8198.300
13423	8198.400
13751	8204.900
13699	8207.100
13267	8208.900
14323	8210.000
13419	8210.200
13355	8213.100
14379	8213.800
13959	8214.600
12319	8215.800
14303	8217.100
14547	8217.900
14023	8218.700
12403	8220.600
12759	8228.200
13159	8229.500
14307	8229.600
12939	8229.800
13003	8230.800
14099	8232.700
13119	8233.200
14247	8233.900
12151	8234.300
12467	8234.600
14371	8234.700
14007	8234.900
12839	8238.800
14763	8240.500
12643	8242.200
13455	8244.600
12723	8245.500
13019	8246.800
14287	8247.600
12139	8248.200
13899	8250.000
13795	8250.500
12427	8250.800
12735	8250.900
14035	8251.500
13235	8258.500
12375	8259.600
14355	8259.800
12003	8264.300
13391	8267.100
12835	8268.000
12047	8268.100
14455	8268.400
14011	8268.500
12539	8270.500
13991	8271.100
13731	8275.900
13791	8278.200
14303	8281.000
14007	8284.200
14423	8284.200
14207	8286.100
12219	8286.400
14531	8286.600
12487	8287.900
13635	8292.400
11991	8293.300
12459	8295.800
13523	8298.100
14091	8298.300
14515	8300.700
13419	8301.200
12463	8302.200
13759	8305.200
13011	8305.400
14483	8305.500
12003	8306.900
12131	8307.200
14379	8308.000
12927	8308.400
13371	8309.400
13939	8309.700
14131	8312.800
12707	8314.500
14111	8314.800
12759	8315.100
13867	8315.500
14743	8317.300
13651	8317.900
13715	8318.000
13603	8319.700
12275	8320.300
13911	8320.400
12151	8320.600
13815	8322.300
13539	8322.900
14639	8323.000
13283	8326.500
14307	8330.100
12747	8330.300
12903	8333.300
14247	8343.700
12455	8344.300
13715	8344.600
14043	8349.700
14515	8352.500
12731	8356.100
13803	8359.200
13863	8361.000
13943	8363.300
13155	8364.000
14307	8368.700
14591	8370.400
13391	8370.500
13575	8370.500
12859	8370.800
12519	8371.600
12691	8371.700
12839	8372.200
13119	8372.300
14099	8372.900
13159	8374.100
14175	8376.600
14711	8377.400
14131	8378.700
13187	8380.200
12563	8381.200
13915	8381.800
13179	8382.100
13735	8382.600
14239	8382.800
12699	8391.800
13923	8392.600
14767	8393.400
14379	8393.800
13523	8399.100
11991	8402.700
14419	8406.200
13055	8406.500
14307	8407.300
14691	8409.000
13803	8409.300
12759	8410.100
13263	8412.000
14487	8412.900
12275	8416.600
13343	8417.900
12707	8418.000
13791	8419.900
12511	8422.000
12283	8423.200
13267	8426.300
14591	8426.500
12903	8429.400
13283	8429.900
14435	8430.000
13295	8431.200
13911	8431.400
12727	8432.200
13879	8432.300
13731	8432.800
13807	8445.100
14815	8446.200
13743	8447.000
12903	8447.500
12555	8448.200
14739	8448.800
14583	8450.200
13943	8456.700
13603	8461.400
12727	8462.600
13555	8469.100
14747	8469.200
12319	8471.200
13259	8477.900
12567	8479.600
14843	8479.900
13735	8484.600
12459	8484.800
13027	8484.800
14371	8485.900
13803	8486.300
14167	8486.800
12783	8487.300
12811	8487.500
13863	8489.100
14175	8496.400
14363	8497.800
14079	8498.800
12335	8499.100
13287	8505.100
13659	8505.400
12487	8512.300
13343	8512.300
12031	8517.800
13759	8518.100
12027	8519.500
12055	8521.700
12227	8523.000
14067	8525.500
12699	8528.400
12531	8529.400
13943	8531.900
13411	8539.800
13959	8541.900
14071	8542.000
13267	8543.200
13403	8543.700
13539	8543.800
13771	8543.900
12455	8544.600
12347	8545.600
14215	8545.600
13387	8545.700
13619	8546.400
12299	8547.000
13331	8548.200
12759	8550.800
13051	8560.400
12219	8562.300
13523	8562.800
11991	8564.100
13331	8564.900
12527	8567.000
14239	8570.400
13575	8571.900
13771	8572.000
13563	8577.100
13811	8578.000
12655	8579.200
14515	8579.800
14455	8582.100
13027	8582.500
14571	8583.400
13731	8584.200
13343	8584.700
13931	8585.600
12731	8595.100
14119	8595.600
14435	8596.100
14491	8596.200
14795	8598.700
13319	8600.900
12463	8606.800
12503	8607.600
12611	8607.900
14091	8609.100
13631	8609.200
11995	8609.300
13267	8609.600
14807	8609.800
14503	8611.000
13731	8619.200
13223	8620.300
12699	8623.800
13343	8626.800
12403	8627.200
14135	8628.700
12063	8633.700
14251	8636.500
14023	8637.200
12235	8637.800
12811	8640.500
13027	8642.800
13791	8642.900
14255	8643.000
12695	8643.800
13723	8645.000
13539	8646.500
12607	8651.900
14303	8652.600
13807	8654.100
13087	8654.200
14247	8654.500
13635	8657.900
14591	8658.300
14251	8663.400
14319	8665.900
13855	8666.100
12003	8668.500
12391	8668.700
12219	8669.700
13731	8678.100
14323	8679.200
12235	8679.600
14163	8680.500
12527	8681.200
13343	8682.400
14843	8682.700
13743	8684.500
12127	8692.000
12295	8693.100
13347	8694.100
13459	8696.100
12983	8696.900
14699	8697.100
12391	8697.900
13135	8698.800
12811	8699.200
13931	8699.300
13959	8700.500
12699	8701.600
14603	8704.100
14023	8704.400
14371	8708.000
14463	8709.600
13603	8710.700
12639	8714.600
13855	8714.800
14195	8720.000
12371	8722.200
13587	8724.300
12383	8727.000
12295	8734.700
14515	8734.800
14463	8736.300
11971	8736.500
13643	8736.800
14423	8737.200
14483	8737.600
14799	8738.500
12911	8738.600
13911	8738.800
13883	8741.000
13803	8742.800
12787	8743.300
14359	8743.400
14067	8744.300
14099	8748.000
12587	8749.100
12491	8751.500
13123	8752.900
12403	8753.500
12943	8754.200
14323	8754.700
14603	8754.900
12487	8756.000
12031	8756.400
13855	8756.500
13243	8758.100
13267	8762.800
12799	8764.100
12699	8764.200
14707	8764.300
12755	8764.400
12803	8764.400
13727	8764.500
13807	8765.000
13023	8765.100
14403	8766.500
13867	8775.800
13283	8775.900
14247	8776.200
13663	8776.800
12643	8777.900
13879	8778.300
13011	8780.100
12391	8787.200
13391	8790.500
12699	8792.800
12011	8794.000
12115	8794.600
13643	8799.400
13763	8801.000
13635	8801.200
12991	8802.600
14579	8802.800
12183	8803.300
12751	8803.800
14307	8805.300
12427	8806.600
13955	8807.300
13959	8808.700
14071	8809.200
13943	8810.400
12727	8810.700
12387	8811.500
12687	8817.800
13335	8820.200
12403	8822.700
12567	8826.600
13135	8830.700
12615	8833.000
13267	8833.000
14355	8838.200
13475	8838.900
13427	8839.200
13811	8839.400
12407	8839.600
14783	8840.500
13343	8840.600
12447	8840.700
13063	8841.000
14371	8842.500
13727	8843.000
12935	8843.800
12039	8845.000
13607	8847.600
13363	8847.900
12219	8851.000
14743	8852.500
13043	8855.800
13687	8858.000
13467	8859.400
14563	8861.900
12783	8872.500
14571	8874.300
12951	8874.500
12491	8876.800
13487	8878.500
12643	8878.700
13335	8883.000
14251	8886.600
12467	8888.200
12811	8890.100
14623	8890.400
13583	8890.800
13143	8891.800
14043	8892.200
13291	8892.600
13183	8893.000
12631	8895.600
14471	8896.200
14135	8896.500
12655	8902.100
12615	8903.500
14399	8903.800
14503	8905.000
13943	8910.600
12267	8912.400
13251	8914.900
13719	8917.500
13159	8918.000
13347	8918.200
12695	8919.200
13135	8920.600
12347	8922.200
13075	8923.800
12919	8927.500
12047	8928.100
12407	8929.400
12487	8930.000
14743	8930.200
12383	8930.500
14355	8931.200
12159	8931.400
13087	8935.100
14099	8935.900
12995	8938.600
14395	8939.100
14195	8940.700
13391	8942.200
13067	8942.900
13735	8943.400
12219	8943.700
14307	8943.700
12619	8944.500
12731	8945.300
13011	8946.200
14739	8946.800
13019	8947.300
12235	8951.700
14643	8951.800
12099	8951.900
13343	8952.600
13815	8954.300
13283	8955.100
12379	8955.300
11991	8955.400
14839	8956.000
12839	8957.000
12299	8962.000
14319	8963.500
13159	8965.200
12783	8967.000
13027	8967.900
13575	8970.200
13479	8973.900
13111	8982.000
14075	8989.000
14307	8989.200
13375	8989.800
12995	8990.200
14131	8991.300
14167	8992.300
13423	8998.600
13795	8998.600
13159	8998.800
13003	8999.500
12991	9000.900
14603	9008.000
14427	9008.400
12087	9008.800
12839	9010.600
12943	9010.600
13855	9011.300
14571	9013.200
12727	9014.500
12919	9015.200
12519	9015.600
14267	9015.800
12295	9016.300
14159	9017.400
14179	9021.800
12463	9025.300
13735	9027.900
14483	9028.400
12991	9034.000
13411	9034.700
12187	9035.600
14067	9036.000
12155	9036.600
14043	9036.900
12699	9037.600
12563	9041.300
13959	9043.600
12219	9049.600
13675	9051.500
12619	9051.700
12583	9052.300
13731	9052.600
12707	9055.900
13691	9056.000
13003	9066.100
12759	9069.400
14219	9069.600
13343	9069.700
13159	9070.900
12607	9071.100
14307	9071.300
13727	9072.100
12839	9076.500
13111	9077.000
13183	9082.200
13603	9082.400
13723	9082.500
12671	9083.400
13459	9084.000
14175	9084.500
12995	9084.900
14091	9086.500
13815	9087.000
12823	9087.600
13575	9090.900
13931	9094.000
12947	9098.900
12975	9099.500
14199	9100.800
13283	9102.700
14351	9107.600
13995	9112.800
12123	9117.300
13951	9118.600
13183	9119.000
14251	9120.700
12235	9125.800
13147	9127.400
14011	9128.900
14411	9129.600
14247	9129.700
11991	9131.100
12707	9135.200
13683	9138.000
14351	9141.300
14695	9142.300
12275	9143.300
12563	9147.100
14283	9148.600
12615	9149.200
13927	9151.600
12435	9151.800
14163	9151.900
12783	9153.500
13459	9156.900
14115	9169.000
12123	9178.000
12699	9178.200
12427	9178.900
13803	9179.600
13623	9179.800
13583	9180.900
13087	9181.300
11991	9181.800
12275	9182.200
12079	9182.900
13943	9185.700
12775	9185.900
14071	9186.100
13259	9189.900
13095	9195.300
12219	9195.900
14783	9196.600
13575	9199.400
14483	9200.900
14651	9201.600
14451	9202.300
13803	9208.400
13671	9208.900
12235	9210.500
12227	9210.700
12707	9211.000
12047	9213.200
13435	9217.500
13743	9217.500
12587	9218.100
13343	9218.400
12583	9221.400
13715	9222.600
13163	9223.800
12263	9224.600
14363	9225.200
13863	9225.500
12727	9227.900
14263	9229.700
14207	9230.300
14531	9230.400
12975	9231.800
12799	9238.600
14519	9238.800
13983	9239.100
13283	9241.000
14603	9242.600
13855	9243.400
13603	9243.900
14555	9248.200
13951	9249.400
13031	9250.000
14359	9251.700
12195	9252.000
12811	9254.400
12235	9254.500
14399	9255.300
14595	9257.900
14723	9258.400
14591	9260.200
14707	9265.000
13715	9266.900
13635	9267.400
13455	9268.800
13719	9269.100
12831	9269.800
14667	9269.800
13879	9270.600
13899	9271.100
14363	9271.100
12731	9271.600
12587	9271.800
11991	9272.100
13267	9272.300
12979	9273.200
13771	9283.300
12155	9283.400
12383	9283.500
14731	9285.300
13095	9285.900
13575	9286.800
14763	9291.500
13943	9293.600
14483	9296.300
13611	9298.700
13051	9303.600
13431	9305.100
12235	9306.500
12903	9308.400
12731	9315.600
13119	9316.000
14599	9317.900
12699	9323.800
13583	9332.700
14515	9334.800
11971	9338.700
12811	9339.200
13343	9339.900
12787	9341.300
12275	9342.200
14159	9342.600
13267	9343.600
12803	9343.900
14655	9344.600
13279	9345.200
14435	9345.600
12139	9345.700
12455	9346.600
13879	9346.900
14623	9347.700
14723	9351.200
14839	9351.600
13719	9354.800
12763	9355.500
12687	9356.300
12039	9356.800
12751	9358.100
14319	9358.400
13699	9358.600
14323	9359.300
12607	9359.600
12531	9360.100
13951	9361.600
14535	9361.800
13079	9362.600
14783	9368.500
12031	9369.900
14043	9373.600
13223	9374.200
13651	9374.600
14499	9376.600
13635	9377.900
13727	9378.600
14719	9379.000
12835	9385.200
14843	9385.200
13959	9386.600
12463	9386.900
14543	9387.700
13523	9389.500
12943	9389.700
14251	9390.000
12563	9393.000
14175	9393.800
12735	9397.000
13411	9397.300
12519	9398.000
12823	9401.700
12783	9403.000
12851	9403.700
13603	9410.100
13003	9412.000
13935	9412.400
12011	9412.600
12587	9417.900
14483	9418.800
12871	9419.400
12619	9422.600
12219	9424.900
13267	9424.900
13575	9425.100
13911	9425.500
11971	9426.000
14067	9429.200
14371	9436.600
12343	9437.400
13119	9439.800
14071	9440.200
14783	9442.300
13007	9444.200
14407	9445.800
14819	9446.500
13583	9451.300
12775	9453.200
12947	9453.400
12463	9454.900
12235	9456.600
13971	9457.800
14571	9457.800
14011	9459.000
14199	9459.300
12519	9459.400
13267	9460.400
12399	9461.500
13183	9463.400
14051	9466.800
12659	9468.600
13943	9470.500
13935	9470.600
13879	9471.000
13027	9471.400
13911	9471.400
12843	9471.700
13523	9486.300
13855	9486.300
12699	9486.800
14551	9488.300
13803	9488.700
11991	9488.800
13319	9488.800
13475	9488.800
12687	9489.900
14183	9490.500
12811	9490.600
12591	9491.000
14131	9495.600
13067	9495.900
12603	9499.900
12219	9500.800
14515	9501.900
12787	9503.300
14823	9503.700
14319	9505.400
13759	9506.400
14159	9509.300
12527	9509.800
13943	9511.500
12407	9511.700
13003	9511.800
13343	9512.400
14723	9512.500
12123	9512.600
12403	9515.000
14535	9515.600
13575	9520.300
12219	9521.600
12347	9526.400
13659	9527.000
12615	9532.700
14323	9535.100
14251	9535.600
14071	9538.600
12519	9539.300
14007	9539.900
14743	9540.100
13351	9540.700
13715	9541.500
14247	9542.100
14319	9542.700
13131	9551.100
14423	9552.200
12159	9557.100
14343	9559.900
13423	9560.500
12047	9561.100
13855	9561.200
13835	9561.800
13079	9563.000
12543	9563.800
13735	9564.600
12347	9570.300
12639	9570.600
13119	9572.500
13879	9572.600
13347	9572.800
12295	9574.200
14603	9574.900
14043	9575.500
12135	9580.200
12247	9580.900
13911	9581.800
12139	9581.900
13751	9582.300
12919	9592.200
14423	9593.400
13363	9601.000
14707	9603.500
13803	9605.200
12731	9612.000
12459	9612.200
14471	9613.000
14439	9616.100
14451	9616.800
12755	9617.900
12699	9618.200
13791	9619.200
13235	9619.600
12863	9627.300
14515	9627.400
12463	9627.700
12411	9630.200
14483	9631.100
12335	9631.500
13899	9632.100
13959	9632.200
13879	9640.800
12635	9645.900
12219	9646.100
12395	9647.600
14535	9648.400
12831	9649.300
14011	9650.300
13947	9655.100
12931	9655.200
13943	9655.200
14023	9656.300
12047	9657.500
14687	9659.000
14251	9659.800
13587	9661.100
13919	9666.900
13651	9667.000
13803	9667.400
12451	9667.700
13723	9667.800
14435	9668.300
13267	9668.500
13027	9668.700
12491	9671.800
12775	9672.900
12783	9673.700
14191	9674.000
13283	9674.700
14403	9677.100
12551	9682.700
12227	9683.600
12123	9689.600
12723	9690.200
14843	9690.400
13583	9695.700
13727	9696.900
12139	9697.500
13387	9698.800
14287	9699.300
13879	9699.800
12783	9699.900
14839	9703.000
13343	9703.600
13051	9703.800
14591	9703.800
12899	9704.900
12227	9712.300
12939	9712.500
14319	9714.600
12027	9715.300
13807	9717.600
12383	9719.500
14799	9719.800
13731	9719.900
11971	9720.200
13759	9720.200
14159	9720.400
14323	9721.300
14483	9721.700
12727	9725.300
14535	9727.300
12299	9734.800
13375	9736.300
13643	9744.600
14271	9747.100
13275	9747.300
13131	9747.700
13943	9748.200
13963	9749.200
13339	9749.500
12159	9749.800
13003	9749.900
13959	9750.900
13787	9751.100
13635	9751.300
13879	9756.000
13043	9757.500
12619	9761.700
12943	9761.800
14839	9762.700
12615	9762.900
12555	9763.500
13139	9772.000
12991	9772.900
13855	9776.700
12783	9781.400
13343	9782.400
14091	9783.500
14487	9783.900
14007	9784.100
13351	9784.700
13391	9784.800
13563	9784.900
13267	9785.100
14307	9785.300
14067	9785.900
12039	9787.700
13111	9788.100
13575	9788.300
13407	9789.500
12151	9793.200
12367	9793.500
13175	9796.300
13115	9797.800
13183	9797.800
12811	9800.900
13159	9802.100
12011	9803.700
14691	9805.400
14319	9809.000
12843	9809.400
14831	9811.700
13539	9812.600
14467	9813.500
12699	9814.700
13223	9816.000
13635	9816.400
14819	9817.000
13363	9818.400
13267	9818.900
12615	9820.700
13731	9827.000
14307	9831.200
14023	9831.900
13583	9833.800
14799	9833.800
12175	9833.900
12879	9834.500
13359	9838.200
14371	9838.300
14763	9843.300
12247	9845.300
12699	9847.900
14591	9847.900
14247	9852.300
13027	9852.600
12471	9853.000
12047	9853.600
14251	9855.500
14655	9855.700
14175	9857.100
14007	9867.200
12839	9870.100
13879	9870.700
14767	9873.300
12819	9875.800
11975	9876.000
13983	9876.300
13423	9876.500
13659	9878.900
14795	9885.000
13331	9885.400
13143	9890.500
12455	9890.800
14323	9893.600
13343	9895.800
12519	9896.800
14071	9904.000
13451	9911.900
13987	9912.200
14307	9913.500
13879	9915.300
13899	9915.900
14439	9919.100
14239	9919.200
14535	9922.200
14579	9922.400
14839	9922.900
12455	9923.100
12219	9923.500
13207	9931.200
13267	9932.500
13559	9934.600
13943	9934.800
14123	9938.000
13867	9938.100
14483	9938.200
14571	9938.300
14259	9939.500
13139	9945.100
13735	9945.900
13815	9946.300
12543	9949.100
14463	9954.700
14455	9955.900
12979	9957.500
12735	9959.300
14763	9962.200
12903	9969.400
14247	9975.100
14655	9975.600
12403	9976.400
14175	9981.100
13863	9983.300
14499	9983.600
14363	9985.500
12551	9986.600
14035	9991.200
13731	9993.800
13343	9994.200
14267	9995.000
12335	9995.200
13723	9995.400
12615	9995.500
12727	9998.600
13575	9999.900
14307	10003.200
14323	10003.500
13855	10003.900
14067	10004.200
13911	10005.000
12155	10005.800
12699	10005.900
12943	10005.900
13803	10007.900
14555	10008.200
12651	10011.000
12275	10012.000
14251	10014.100
12463	10017.100
13807	10021.300
12527	10021.800
12619	10022.300
14783	10023.600
12399	10023.900
13411	10025.700
13063	10026.800
14623	10028.400
14815	10029.100
13619	10032.300
14843	10033.000
13391	10033.300
14483	10038.200
12155	10039.900
13323	10040.000
14755	10041.900
14579	10044.600
14435	10046.300
13447	10047.000
12735	10048.200
12403	10049.700
11971	10051.000
13423	10051.200
12527	10052.700
12783	10052.800
12559	10055.100
14011	10056.400
12427	10056.500
14491	10057.400
13879	10057.600
14071	10057.900
12491	10059.300
12799	10059.700
12135	10061.900
12391	10062.500
13111	10066.100
14067	10067.100
12347	10067.500
12039	10068.200
12463	10069.200
12547	10070.900
14259	10072.100
12183	10072.900
12395	10072.900
13779	10074.100
14639	10074.100
14247	10074.400
12135	10075.100
13899	10075.800
14007	10076.400
13603	10088.400
12871	10088.800
14483	10089.100
14843	10091.500
12695	10091.800
13623	10092.200
14199	10092.600
12735	10093.100
14739	10093.200
12163	10093.300
14743	10093.300
14423	10095.200
13943	10095.300
13263	10095.600
14343	10095.600
13971	10100.000
13295	10102.400
12851	10105.000
12519	10105.400
14499	10108.700
13271	10109.200
12003	10109.500
13595	10109.500
14323	10109.700
12995	10109.900
14767	10110.000
12831	10110.100
13635	10110.400
14591	10110.500
13959	10110.800
12563	10110.900
14159	10111.000
14707	10111.300
12491	10113.600
13119	10116.900
13067	10118.300
13791	10123.500
12927	10124.800
13855	10124.800
14835	10126.900
14283	10127.100
11991	10127.200
14503	10127.900
13943	10128.100
13027	10128.200
12991	10129.900
14027	10135.000
13619	10136.000
12707	10136.300
12615	10136.400
12939	10145.000
12855	10150.600
14659	10151.000
12043	10153.100
13879	10153.200
12611	10154.700
12643	10161.300
12039	10162.900
13715	10163.000
13019	10166.200
14735	10181.000
12195	10183.300
13503	10183.500
14483	10183.700
12159	10184.800
14379	10190.700
12991	10190.800
12527	10192.000
12727	10195.700
14011	10195.700
13119	10195.900
13731	10196.000
13855	10196.000
14691	10196.100
11991	10196.400
14435	10196.800
13939	10197.100
12215	10197.300
12619	10203.400
12103	10203.900
12403	10207.100
12811	10211.500
13879	10213.100
12131	10213.800
14023	10213.900
12123	10217.500
14251	10217.800
12319	10219.100
13223	10223.300
12055	10227.300
12427	10227.800
13615	10229.700
14515	10233.300
13943	10233.500
13011	10236.500
12223	10246.900
12571	10247.700
13251	10248.100
12235	10250.500
13391	10250.700
14371	10251.200
13975	10251.500
12615	10252.000
13283	10253.400
14603	10253.900
12759	10254.300
12527	10255.200
14491	10267.500
14107	10268.000
12667	10268.300
12055	10268.600
13943	10269.300
13343	10270.300
11979	10270.600
13759	10275.100
12563	10278.600
12403	10283.900
12519	10288.700
12487	10291.200
11975	10293.400
13803	10294.200
13027	10294.300
12195	10296.600
12463	10300.200
14091	10300.500
13735	10301.100
12335	10301.300
13715	10301.800
13143	10302.000
12823	10302.700
14555	10304.000
13343	10309.500
13267	10309.800
12759	10310.500
13555	10310.800
12403	10311.100
13911	10311.500
13563	10313.100
14099	10313.700
13159	10316.600
13723	10317.500
14515	10318.800
12531	10320.200
14551	10321.500
12919	10325.000
13879	10327.100
13815	10329.800
12159	10331.000
13931	10332.300
14159	10333.500
14011	10334.500
12455	10335.800
12903	10337.700
12975	10345.500
12155	10346.900
12307	10347.200
13383	10347.400
12775	10348.000
12047	10348.300
13475	10353.500
14007	10358.800
12811	10360.600
13735	10361.900
14519	10366.000
12539	10366.700
12723	10367.500
14159	10368.100
14067	10368.200
14535	10368.200
14087	10372.000
13959	10377.500
14807	10377.900
13583	10378.200
13883	10382.300
14439	10385.700
11979	10387.900
13751	10389.200
13879	10389.700
13715	10390.000
12527	10393.300
12843	10395.200
12099	10396.000
13747	10397.000
12039	10398.100
13759	10399.000
12731	10401.400
13479	10402.800
12767	10403.900
14515	10404.100
13727	10405.600
12459	10411.300
13671	10411.300
14407	10416.700
14163	10418.500
12919	10419.100
13347	10420.000
13635	10420.000
12811	10420.200
13331	10421.000
13807	10423.000
14271	10423.200
12563	10427.200
14251	10432.600
12463	10433.600
13959	10433.800
13575	10435.000
12655	10436.000
12235	10438.200
13911	10438.800
13967	10439.100
13735	10439.500
12503	10443.400
12031	10446.100
14455	10446.900
13343	10447.700
14571	10449.400
14623	10451.400
13027	10454.300
13607	10455.600
14839	10456.200
13855	10460.600
14067	10462.600
12455	10463.600
14783	10464.300
12119	10464.500
12527	10465.800
14091	10466.200
14695	10467.400
13243	10469.600
12995	10471.800
12607	10474.100
14619	10474.500
14835	10475.400
14247	10476.000
13955	10477.000
14587	10477.200
12735	10479.000
13959	10483.900
13759	10485.200
13711	10486.000
12235	10487.500
12835	10488.900
12423	10491.400
13283	10491.700
14251	10492.100
13011	10492.900
14631	10493.000
13035	10493.500
12463	10497.800
14011	10499.800
